TimeStep	Transitions	State	FearLevel	HungerLevel	PosX	posZ
0	0	Eat	20	0	0.1863	-0.1251
1	1	Eat	19	1	0.1853	-0.1227
2	1	Eat	19	1	0.1843	-0.1203
3	1	Eat	19	1	0.1832	-0.1179
4	1	Eat	19	1	0.1821	-0.1155
5	1	Eat	19	1	0.1810	-0.1131
6	1	Eat	19	1	0.1799	-0.1107
7	1	Eat	19	1	0.1788	-0.1084
8	1	Eat	19	1	0.1776	-0.1060
9	1	Eat	19	1	0.1764	-0.1037
10	1	Eat	19	1	0.1752	-0.1014
11	1	Eat	19	1	0.1740	-0.0990
12	1	Eat	19	1	0.1727	-0.0967
13	1	Eat	19	1	0.1715	-0.0944
14	1	Eat	19	1	0.1702	-0.0921
15	1	Eat	19	1	0.1689	-0.0898
16	1	Eat	19	1	0.1676	-0.0876
17	1	Eat	19	1	0.1663	-0.0853
18	1	Eat	19	1	0.1649	-0.0830
19	1	Eat	19	1	0.1636	-0.0808
20	1	Eat	19	1	0.1622	-0.0785
21	1	Eat	19	1	0.1609	-0.0763
22	1	Eat	19	1	0.1595	-0.0741
23	1	Eat	19	1	0.1581	-0.0718
24	1	Eat	19	1	0.1567	-0.0696
25	1	Eat	19	1	0.1553	-0.0674
26	1	Eat	19	1	0.1538	-0.0652
27	1	Eat	19	1	0.1524	-0.0630
28	1	Eat	19	1	0.1510	-0.0608
29	1	Eat	19	1	0.1495	-0.0586
30	1	Eat	19	1	0.1480	-0.0565
31	1	Eat	19	1	0.1466	-0.0543
32	1	Eat	19	1	0.1451	-0.0521
33	1	Eat	19	1	0.1436	-0.0499
34	1	Eat	19	1	0.1421	-0.0478
35	1	Eat	19	1	0.1406	-0.0456
36	1	Eat	19	1	0.1391	-0.0435
37	1	Eat	19	1	0.1376	-0.0413
38	1	Eat	19	1	0.1361	-0.0392
39	1	Eat	19	1	0.1346	-0.0371
40	1	Eat	19	1	0.1330	-0.0349
41	1	Eat	19	1	0.1315	-0.0328
42	1	Eat	19	1	0.1300	-0.0307
43	1	Eat	19	1	0.1284	-0.0285
44	1	Eat	19	1	0.1269	-0.0264
45	1	Eat	19	1	0.1253	-0.0243
46	1	Eat	19	1	0.1238	-0.0222
47	1	Eat	19	1	0.1222	-0.0201
48	1	Eat	19	1	0.1206	-0.0180
49	1	Eat	19	1	0.1191	-0.0159
50	1	Eat	19	1	0.1175	-0.0138
51	1	Eat	19	1	0.1159	-0.0117
52	1	Eat	19	1	0.1143	-0.0096
53	1	Eat	19	1	0.1127	-0.0075
54	1	Eat	19	1	0.1111	-0.0054
55	1	Eat	19	1	0.1095	-0.0033
56	1	Eat	19	1	0.1079	-0.0013
57	1	Eat	19	1	0.1063	0.0008
58	1	Eat	19	1	0.1047	0.0029
59	1	Eat	19	1	0.1031	0.0050
60	1	Eat	19	1	0.1015	0.0070
61	1	Eat	19	1	0.0999	0.0091
62	1	Eat	19	1	0.0983	0.0112
63	1	Eat	19	1	0.0966	0.0132
64	1	Eat	19	1	0.0950	0.0153
65	1	Eat	19	1	0.0934	0.0173
66	1	Eat	19	1	0.0918	0.0194
67	1	Eat	19	1	0.0901	0.0215
68	1	Eat	19	1	0.0885	0.0235
69	1	Eat	19	1	0.0868	0.0256
70	1	Eat	19	1	0.0852	0.0276
71	1	Eat	19	1	0.0836	0.0297
72	1	Eat	19	1	0.0819	0.0317
73	1	Eat	19	1	0.0803	0.0338
74	1	Eat	19	1	0.0786	0.0358
75	1	Eat	19	1	0.0770	0.0378
76	1	Eat	19	1	0.0753	0.0399
77	1	Eat	19	1	0.0737	0.0419
78	1	Eat	19	1	0.0720	0.0440
79	1	Eat	19	1	0.0704	0.0460
80	1	Eat	19	1	0.0687	0.0480
81	1	Eat	19	1	0.0670	0.0501
82	1	Eat	19	1	0.0654	0.0521
83	1	Eat	19	1	0.0637	0.0541
84	1	Eat	19	1	0.0620	0.0561
85	1	Eat	19	1	0.0604	0.0582
86	1	Eat	19	1	0.0587	0.0602
87	1	Eat	19	1	0.0570	0.0622
88	1	Eat	19	1	0.0553	0.0642
89	1	Eat	19	1	0.0537	0.0662
90	1	Eat	19	1	0.0520	0.0683
91	1	Eat	19	1	0.0503	0.0703
92	1	Eat	19	1	0.0486	0.0723
93	1	Eat	19	1	0.0469	0.0743
94	1	Eat	19	1	0.0453	0.0763
95	1	Eat	19	1	0.0436	0.0783
96	1	Eat	19	1	0.0419	0.0803
97	1	Eat	19	1	0.0402	0.0823
98	1	Eat	19	1	0.0385	0.0843
99	1	Eat	19	1	0.0368	0.0863
100	1	Eat	19	1	0.0351	0.0883
101	1	Eat	19	1	0.0351	0.0883
102	1	Eat	19	1	0.0351	0.0883
103	1	Eat	19	1	0.0351	0.0883
104	1	Eat	19	1	0.0351	0.0883
105	1	Eat	19	1	0.0351	0.0883
106	1	Eat	19	1	0.0351	0.0883
107	1	Eat	19	1	0.0351	0.0883
108	1	Eat	19	1	0.0351	0.0883
109	1	Eat	19	1	0.0351	0.0883
110	1	Eat	19	1	0.0351	0.0883
111	1	Eat	19	1	0.0351	0.0883
112	1	Eat	19	1	0.0351	0.0883
113	1	Eat	19	1	0.0351	0.0883
114	1	Eat	19	1	0.0351	0.0883
115	1	Eat	19	1	0.0351	0.0883
116	1	Eat	19	1	0.0351	0.0883
117	1	Eat	19	1	0.0351	0.0883
118	1	Eat	19	1	0.0351	0.0883
119	1	Eat	19	1	0.0351	0.0883
120	1	Eat	19	1	0.0351	0.0883
121	1	Eat	19	1	0.0351	0.0883
122	1	Eat	19	1	0.0351	0.0883
123	1	Eat	19	1	0.0351	0.0883
124	1	Eat	19	1	0.0351	0.0883
125	1	Eat	19	1	0.0351	0.0883
126	1	Eat	19	1	0.0351	0.0883
127	1	Eat	19	1	0.0351	0.0883
128	1	Eat	19	1	0.0351	0.0883
129	1	Eat	19	1	0.0351	0.0883
130	1	Eat	19	1	0.0351	0.0883
131	1	Eat	19	1	0.0351	0.0883
132	1	Eat	19	1	0.0351	0.0883
133	1	Eat	19	1	0.0351	0.0883
134	1	Eat	19	1	0.0351	0.0883
135	1	Eat	19	1	0.0351	0.0883
136	1	Eat	19	1	0.0351	0.0883
137	1	Eat	19	1	0.0351	0.0883
138	1	Eat	19	1	0.0351	0.0883
139	1	Eat	19	1	0.0351	0.0883
140	1	Eat	19	1	0.0351	0.0883
141	1	Eat	19	1	0.0351	0.0883
142	1	Eat	19	1	0.0351	0.0883
143	1	Eat	19	1	0.0351	0.0883
144	1	Eat	19	1	0.0351	0.0883
145	1	Eat	19	1	0.0351	0.0883
146	1	Eat	19	1	0.0351	0.0883
147	1	Eat	19	1	0.0351	0.0883
148	1	Eat	19	1	0.0351	0.0883
149	1	Eat	19	1	0.0351	0.0883
150	1	Eat	19	1	0.0351	0.0883
151	1	Eat	19	1	0.0351	0.0883
152	1	Eat	19	1	0.0351	0.0883
153	1	Eat	19	1	0.0351	0.0883
154	1	Eat	19	1	0.0351	0.0883
155	1	Eat	19	1	0.0351	0.0883
156	1	Eat	19	1	0.0351	0.0883
157	1	Eat	19	1	0.0351	0.0883
158	1	Eat	19	1	0.0351	0.0883
159	1	Eat	19	1	0.0351	0.0883
160	1	Eat	19	1	0.0351	0.0883
161	1	Eat	19	1	0.0351	0.0883
162	1	Eat	19	1	0.0351	0.0883
163	1	Eat	19	1	0.0351	0.0883
164	1	Eat	19	1	0.0351	0.0883
165	1	Eat	19	1	0.0351	0.0883
166	1	Eat	19	1	0.0351	0.0883
167	1	Eat	19	1	0.0351	0.0883
168	1	Eat	19	1	0.0351	0.0883
169	1	Eat	19	1	0.0351	0.0883
170	1	Eat	19	1	0.0351	0.0883
171	1	Eat	19	1	0.0351	0.0883
172	1	Eat	19	1	0.0351	0.0883
173	1	Eat	19	1	0.0351	0.0883
174	1	Eat	19	1	0.0351	0.0883
175	1	Eat	19	1	0.0351	0.0883
176	1	Eat	19	1	0.0351	0.0883
177	1	Eat	19	1	0.0351	0.0883
178	1	Eat	19	1	0.0351	0.0883
179	1	Eat	19	1	0.0351	0.0883
180	1	Eat	19	1	0.0351	0.0883
181	1	Eat	19	1	0.0351	0.0883
182	1	Eat	19	1	0.0351	0.0883
183	1	Eat	19	1	0.0351	0.0883
184	1	Eat	19	1	0.0351	0.0883
185	1	Eat	19	1	0.0351	0.0883
186	1	Eat	19	1	0.0351	0.0883
187	1	Eat	19	1	0.0351	0.0883
188	1	Eat	19	1	0.0351	0.0883
189	1	Eat	19	1	0.0351	0.0883
190	1	Eat	19	1	0.0351	0.0883
191	1	Eat	19	1	0.0351	0.0883
192	1	Eat	19	1	0.0351	0.0883
193	1	Eat	19	1	0.0351	0.0883
194	1	Eat	19	1	0.0351	0.0883
195	1	Eat	19	1	0.0351	0.0883
196	1	Eat	19	1	0.0351	0.0883
197	1	Eat	19	1	0.0351	0.0883
198	1	Eat	19	1	0.0351	0.0883
199	1	Eat	19	1	0.0351	0.0883
200	1	Eat	19	1	0.0351	0.0883
201	1	Eat	19	1	0.0351	0.0883
202	1	Eat	19	1	0.0351	0.0883
203	1	Eat	19	1	0.0351	0.0883
204	1	Eat	19	1	0.0351	0.0883
205	1	Eat	19	1	0.0351	0.0883
206	1	Eat	19	1	0.0351	0.0883
207	1	Eat	19	1	0.0351	0.0883
208	1	Eat	19	1	0.0351	0.0883
209	1	Eat	19	1	0.0351	0.0883
210	1	Eat	19	1	0.0351	0.0883
211	1	Eat	19	1	0.0351	0.0883
212	1	Eat	19	1	0.0351	0.0883
213	1	Eat	19	1	0.0351	0.0883
214	1	Eat	19	1	0.0351	0.0883
215	1	Eat	19	1	0.0351	0.0883
216	1	Eat	19	1	0.0351	0.0883
217	1	Eat	19	1	0.0351	0.0883
218	1	Eat	19	1	0.0351	0.0883
219	1	Eat	19	1	0.0351	0.0883
220	1	Eat	19	1	0.0351	0.0883
221	1	Eat	19	1	0.0351	0.0883
222	1	Eat	19	1	0.0351	0.0883
223	1	Eat	19	1	0.0351	0.0883
224	1	Eat	19	1	0.0351	0.0883
225	1	Eat	19	1	0.0351	0.0883
226	1	Eat	19	1	0.0351	0.0883
227	1	Eat	19	1	0.0351	0.0883
228	1	Eat	19	1	0.0351	0.0883
229	1	Eat	19	1	0.0351	0.0883
230	1	Eat	19	1	0.0351	0.0883
231	1	Eat	19	1	0.0351	0.0883
232	1	Eat	19	1	0.0351	0.0883
233	1	Eat	19	1	0.0351	0.0883
234	1	Eat	19	1	0.0351	0.0883
235	1	Eat	19	1	0.0351	0.0883
236	1	Eat	19	1	0.0351	0.0883
237	1	Eat	19	1	0.0351	0.0883
238	1	Eat	19	1	0.0351	0.0883
239	1	Eat	19	1	0.0351	0.0883
240	1	Eat	19	1	0.0351	0.0883
241	1	Eat	19	1	0.0351	0.0883
242	1	Eat	19	1	0.0351	0.0883
243	1	Eat	19	1	0.0351	0.0883
244	1	Eat	19	1	0.0351	0.0883
245	1	Eat	19	1	0.0351	0.0883
246	1	Eat	19	1	0.0351	0.0883
247	1	Eat	19	1	0.0351	0.0883
248	1	Eat	19	1	0.0351	0.0883
249	1	Eat	19	1	0.0351	0.0883
250	1	Eat	19	1	0.0351	0.0883
251	1	Eat	19	1	0.0351	0.0883
252	1	Eat	19	1	0.0351	0.0883
253	1	Eat	19	1	0.0351	0.0883
254	1	Eat	19	1	0.0351	0.0883
255	1	Eat	19	1	0.0351	0.0883
256	1	Eat	19	1	0.0351	0.0883
257	1	Eat	19	1	0.0351	0.0883
258	1	Eat	19	1	0.0351	0.0883
259	1	Eat	19	1	0.0351	0.0883
260	1	Explore	19	0	0.0351	0.0883
261	2	Explore	18	1	0.0334	0.0903
262	2	Explore	18	1	0.0317	0.0923
263	2	Explore	18	1	0.0300	0.0943
264	2	Explore	18	1	0.0283	0.0963
265	2	Explore	18	1	0.0266	0.0983
266	2	Explore	18	1	0.0249	0.1003
267	2	Explore	18	1	0.0232	0.1023
268	2	Explore	18	1	0.0215	0.1043
269	2	Explore	18	1	0.0198	0.1063
270	2	Explore	18	1	0.0181	0.1083
271	2	Explore	18	1	0.0164	0.1103
272	2	Explore	18	1	0.0147	0.1123
273	2	Explore	18	1	0.0130	0.1143
274	2	Explore	18	1	0.0113	0.1163
275	2	Explore	18	1	0.0096	0.1183
276	2	Explore	18	1	0.0079	0.1204
277	2	Explore	18	1	0.0062	0.1224
278	2	Explore	18	1	0.0045	0.1244
279	2	Explore	18	1	0.0028	0.1264
280	2	Explore	18	1	0.0011	0.1284
281	2	Explore	18	1	-0.0006	0.1304
282	2	Explore	18	1	-0.0023	0.1324
283	2	Explore	18	1	-0.0040	0.1344
284	2	Explore	18	1	-0.0057	0.1364
285	2	Explore	18	1	-0.0074	0.1384
286	2	Explore	18	1	-0.0091	0.1404
287	2	Explore	18	1	-0.0108	0.1424
288	2	Explore	18	1	-0.0125	0.1444
289	2	Explore	18	1	-0.0142	0.1464
290	2	Explore	18	1	-0.0159	0.1484
291	2	Explore	18	1	-0.0176	0.1504
292	2	Explore	18	1	-0.0193	0.1524
293	2	Explore	18	1	-0.0210	0.1544
294	2	Explore	18	1	-0.0227	0.1564
295	2	Explore	18	1	-0.0244	0.1584
296	2	Explore	18	1	-0.0261	0.1604
297	2	Explore	18	1	-0.0278	0.1624
298	2	Explore	18	1	-0.0295	0.1644
299	2	Explore	18	1	-0.0312	0.1664
300	2	Explore	18	1	-0.0329	0.1684
301	2	Explore	18	1	-0.0346	0.1704
302	2	Explore	18	1	-0.0363	0.1724
303	2	Explore	18	1	-0.0363	0.1724
304	2	Explore	18	1	-0.0363	0.1723
305	2	Explore	18	1	-0.0363	0.1723
306	2	Explore	18	1	-0.0364	0.1723
307	2	Explore	18	1	-0.0364	0.1723
308	2	Explore	18	1	-0.0364	0.1723
309	2	Explore	18	1	-0.0364	0.1723
310	2	Explore	18	1	-0.0364	0.1722
311	2	Explore	18	1	-0.0364	0.1722
312	2	Explore	18	1	-0.0364	0.1722
313	2	Explore	18	1	-0.0364	0.1722
314	2	Explore	18	1	-0.0364	0.1722
315	2	Explore	18	1	-0.0364	0.1721
316	2	Explore	18	1	-0.0364	0.1721
317	2	Explore	18	1	-0.0364	0.1721
318	2	Explore	18	1	-0.0364	0.1721
319	2	Explore	18	1	-0.0364	0.1721
320	2	Explore	18	1	-0.0364	0.1720
321	2	Explore	18	1	-0.0364	0.1720
322	2	Explore	18	1	-0.0390	0.1724
323	2	Explore	18	1	-0.0416	0.1727
324	2	Explore	18	1	-0.0442	0.1730
325	2	Explore	18	1	-0.0468	0.1734
326	2	Explore	18	1	-0.0494	0.1737
327	2	Explore	18	1	-0.0520	0.1740
328	2	Explore	18	1	-0.0546	0.1744
329	2	Explore	18	1	-0.0572	0.1747
330	2	Explore	18	1	-0.0598	0.1750
331	2	Explore	18	1	-0.0624	0.1754
332	2	Explore	18	1	-0.0650	0.1757
333	2	Explore	18	1	-0.0677	0.1760
334	2	Explore	18	1	-0.0703	0.1764
335	2	Explore	18	1	-0.0729	0.1767
336	2	Explore	18	1	-0.0755	0.1770
337	2	Explore	18	1	-0.0781	0.1774
338	2	Explore	18	1	-0.0781	0.1774
339	2	Explore	18	1	-0.0781	0.1774
340	2	Explore	18	1	-0.0780	0.1774
341	2	Explore	18	1	-0.0780	0.1775
342	2	Explore	18	1	-0.0780	0.1775
343	2	Explore	18	1	-0.0780	0.1775
344	2	Explore	18	1	-0.0780	0.1775
345	2	Explore	18	1	-0.0780	0.1775
346	2	Explore	18	1	-0.0779	0.1776
347	2	Explore	18	1	-0.0779	0.1776
348	2	Explore	18	1	-0.0779	0.1776
349	2	Explore	18	1	-0.0779	0.1776
350	2	Explore	18	1	-0.0779	0.1776
351	2	Explore	18	1	-0.0779	0.1776
352	2	Explore	18	1	-0.0778	0.1777
353	2	Explore	18	1	-0.0778	0.1777
354	2	Explore	18	1	-0.0778	0.1777
355	2	Explore	18	1	-0.0778	0.1777
356	2	Explore	18	1	-0.0778	0.1777
357	2	Explore	18	1	-0.0778	0.1777
358	2	Explore	18	1	-0.0778	0.1778
359	2	Explore	18	1	-0.0793	0.1799
360	2	Explore	18	1	-0.0808	0.1820
361	2	Explore	18	1	-0.0824	0.1841
362	2	Explore	18	1	-0.0839	0.1863
363	2	Explore	18	1	-0.0854	0.1884
364	2	Explore	18	1	-0.0870	0.1905
365	2	Explore	18	1	-0.0885	0.1926
366	2	Explore	18	1	-0.0901	0.1948
367	2	Explore	18	1	-0.0916	0.1969
368	2	Explore	18	1	-0.0931	0.1990
369	2	Explore	18	1	-0.0947	0.2011
370	2	Explore	18	1	-0.0962	0.2033
371	2	Explore	18	1	-0.0977	0.2054
372	2	Explore	18	1	-0.0993	0.2075
373	2	Explore	18	1	-0.1008	0.2097
374	2	Explore	18	1	-0.1024	0.2118
375	2	Explore	18	1	-0.1039	0.2139
376	2	Explore	18	1	-0.1054	0.2160
377	2	Explore	18	1	-0.1070	0.2182
378	2	Explore	18	1	-0.1085	0.2203
379	2	Explore	18	1	-0.1100	0.2224
380	2	Explore	18	1	-0.1116	0.2245
381	2	Explore	18	1	-0.1131	0.2267
382	2	Explore	18	1	-0.1147	0.2288
383	2	Explore	18	1	-0.1162	0.2309
384	2	Explore	18	1	-0.1177	0.2331
385	2	Explore	18	1	-0.1193	0.2352
386	2	Explore	18	1	-0.1208	0.2373
387	2	Explore	18	1	-0.1223	0.2394
388	2	Explore	18	1	-0.1239	0.2416
389	2	Explore	18	1	-0.1254	0.2437
390	2	Explore	18	1	-0.1270	0.2458
391	2	Explore	18	1	-0.1285	0.2479
392	2	Explore	18	1	-0.1300	0.2501
393	2	Explore	18	1	-0.1316	0.2522
394	2	Explore	18	1	-0.1331	0.2543
395	2	Explore	18	1	-0.1346	0.2565
396	2	Explore	18	1	-0.1362	0.2586
397	2	Explore	18	1	-0.1377	0.2607
398	2	Explore	18	1	-0.1393	0.2628
399	2	Explore	18	1	-0.1408	0.2650
400	2	Explore	18	1	-0.1423	0.2671
401	2	Explore	18	1	-0.1439	0.2692
402	2	Explore	18	1	-0.1454	0.2713
403	2	Explore	18	1	-0.1469	0.2735
404	2	Explore	18	1	-0.1485	0.2756
405	2	Explore	18	1	-0.1500	0.2777
406	2	Explore	18	1	-0.1516	0.2799
407	2	Explore	18	1	-0.1531	0.2820
408	2	Explore	18	1	-0.1546	0.2841
409	2	Explore	18	1	-0.1562	0.2862
410	2	Explore	18	1	-0.1577	0.2884
411	2	Explore	18	1	-0.1593	0.2905
412	2	Explore	18	1	-0.1608	0.2926
413	2	Explore	18	1	-0.1608	0.2926
414	2	Explore	18	1	-0.1608	0.2926
415	2	Explore	18	1	-0.1608	0.2926
416	2	Explore	18	1	-0.1609	0.2926
417	2	Explore	18	1	-0.1609	0.2926
418	2	Explore	18	1	-0.1609	0.2925
419	2	Explore	18	1	-0.1609	0.2925
420	2	Explore	18	1	-0.1609	0.2925
421	2	Explore	18	1	-0.1609	0.2925
422	2	Explore	18	1	-0.1609	0.2925
423	2	Explore	18	1	-0.1610	0.2925
424	2	Explore	18	1	-0.1610	0.2924
425	2	Explore	18	1	-0.1610	0.2924
426	2	Explore	18	1	-0.1610	0.2924
427	2	Explore	18	1	-0.1610	0.2924
428	2	Explore	18	1	-0.1610	0.2924
429	2	Explore	18	1	-0.1611	0.2923
430	2	Explore	18	1	-0.1611	0.2923
431	2	Explore	18	1	-0.1611	0.2923
432	2	Explore	18	1	-0.1611	0.2923
433	2	Explore	18	1	-0.1611	0.2923
434	2	Explore	18	1	-0.1611	0.2922
435	2	Explore	18	1	-0.1611	0.2922
436	2	Explore	18	1	-0.1611	0.2922
437	2	Explore	18	1	-0.1611	0.2922
438	2	Explore	18	1	-0.1611	0.2922
439	2	Explore	18	1	-0.1611	0.2921
440	2	Explore	18	1	-0.1611	0.2921
441	2	Explore	18	1	-0.1611	0.2921
442	2	Explore	18	1	-0.1637	0.2916
443	2	Explore	18	1	-0.1662	0.2912
444	2	Explore	18	1	-0.1688	0.2907
445	2	Explore	18	1	-0.1714	0.2902
446	2	Explore	18	1	-0.1740	0.2897
447	2	Explore	18	1	-0.1766	0.2893
448	2	Explore	18	1	-0.1792	0.2888
449	2	Explore	18	1	-0.1817	0.2883
450	2	Explore	18	1	-0.1843	0.2879
451	2	Explore	18	1	-0.1869	0.2874
452	2	Eat	18	1	-0.1895	0.2869
453	3	Eat	17	2	-0.1921	0.2864
454	3	Eat	17	2	-0.1946	0.2859
455	3	Eat	17	2	-0.1972	0.2854
456	3	Eat	17	2	-0.1998	0.2848
457	3	Eat	17	2	-0.2023	0.2842
458	3	Eat	17	2	-0.2049	0.2836
459	3	Eat	17	2	-0.2074	0.2829
460	3	Eat	17	2	-0.2100	0.2822
461	3	Eat	17	2	-0.2125	0.2815
462	3	Eat	17	2	-0.2150	0.2808
463	3	Eat	17	2	-0.2175	0.2801
464	3	Eat	17	2	-0.2200	0.2793
465	3	Eat	17	2	-0.2225	0.2785
466	3	Eat	17	2	-0.2250	0.2777
467	3	Eat	17	2	-0.2275	0.2768
468	3	Eat	17	2	-0.2300	0.2759
469	3	Eat	17	2	-0.2324	0.2750
470	3	Eat	17	2	-0.2349	0.2741
471	3	Eat	17	2	-0.2373	0.2732
472	3	Eat	17	2	-0.2398	0.2722
473	3	Eat	17	2	-0.2422	0.2712
474	3	Eat	17	2	-0.2446	0.2702
475	3	Eat	17	2	-0.2470	0.2691
476	3	Eat	17	2	-0.2494	0.2680
477	3	Eat	17	2	-0.2518	0.2669
478	3	Eat	17	2	-0.2542	0.2658
479	3	Eat	17	2	-0.2566	0.2647
480	3	Eat	17	2	-0.2589	0.2635
481	3	Eat	17	2	-0.2613	0.2624
482	3	Eat	17	2	-0.2636	0.2612
483	3	Eat	17	2	-0.2659	0.2600
484	3	Eat	17	2	-0.2683	0.2588
485	3	Eat	17	2	-0.2706	0.2576
486	3	Eat	17	2	-0.2729	0.2563
487	3	Eat	17	2	-0.2752	0.2551
488	3	Eat	17	2	-0.2775	0.2538
489	3	Eat	17	2	-0.2798	0.2526
490	3	Eat	17	2	-0.2821	0.2513
491	3	Eat	17	2	-0.2844	0.2500
492	3	Eat	17	2	-0.2867	0.2487
493	3	Eat	17	2	-0.2889	0.2473
494	3	Eat	17	2	-0.2912	0.2460
495	3	Eat	17	2	-0.2934	0.2446
496	3	Eat	17	2	-0.2956	0.2432
497	3	Eat	17	2	-0.2979	0.2418
498	3	Eat	17	2	-0.3000	0.2403
499	3	Eat	17	2	-0.3022	0.2389
500	3	Eat	17	2	-0.3044	0.2374
501	3	Eat	17	2	-0.3065	0.2359
502	3	Eat	17	2	-0.3065	0.2359
503	3	Eat	17	2	-0.3065	0.2358
504	3	Eat	17	2	-0.3065	0.2358
505	3	Eat	17	2	-0.3085	0.2341
506	3	Eat	17	2	-0.3085	0.2341
507	3	Eat	17	2	-0.3084	0.2340
508	3	Eat	17	2	-0.3084	0.2340
509	3	Eat	17	2	-0.3084	0.2340
510	3	Eat	17	2	-0.3084	0.2340
511	3	Eat	17	2	-0.3084	0.2340
512	3	Eat	17	2	-0.3084	0.2340
513	3	Eat	17	2	-0.3083	0.2340
514	3	Eat	17	2	-0.3083	0.2339
515	3	Eat	17	2	-0.3083	0.2339
516	3	Eat	17	2	-0.3083	0.2339
517	3	Eat	17	2	-0.3094	0.2315
518	3	Eat	17	2	-0.3093	0.2315
519	3	Eat	17	2	-0.3093	0.2315
520	3	Eat	17	2	-0.3093	0.2315
521	3	Eat	17	2	-0.3093	0.2315
522	3	Eat	17	2	-0.3093	0.2314
523	3	Eat	17	2	-0.3092	0.2314
524	3	Eat	17	2	-0.3092	0.2314
525	3	Eat	17	2	-0.3092	0.2313
526	3	Eat	17	2	-0.3092	0.2313
527	3	Eat	17	2	-0.3092	0.2313
528	3	Eat	17	2	-0.3091	0.2313
529	3	Eat	17	2	-0.3091	0.2313
530	3	Eat	17	2	-0.3091	0.2313
531	3	Eat	17	2	-0.3091	0.2313
532	3	Eat	17	2	-0.3087	0.2287
533	3	Eat	17	2	-0.3083	0.2261
534	3	Eat	17	2	-0.3079	0.2236
535	3	Eat	17	2	-0.3074	0.2210
536	3	Eat	17	2	-0.3069	0.2184
537	3	Eat	17	2	-0.3063	0.2158
538	3	Eat	17	2	-0.3057	0.2133
539	3	Eat	17	2	-0.3051	0.2107
540	3	Eat	17	2	-0.3044	0.2082
541	3	Eat	17	2	-0.3037	0.2057
542	3	Eat	17	2	-0.3030	0.2031
543	3	Eat	17	2	-0.3022	0.2006
544	3	Eat	17	2	-0.3014	0.1981
545	3	Eat	17	2	-0.3006	0.1956
546	3	Eat	17	2	-0.2998	0.1931
547	3	Eat	17	2	-0.2989	0.1907
548	3	Eat	17	2	-0.2980	0.1882
549	3	Eat	17	2	-0.2971	0.1857
550	3	Eat	17	2	-0.2962	0.1833
551	3	Eat	17	2	-0.2952	0.1808
552	3	Eat	17	2	-0.2943	0.1784
553	3	Eat	17	2	-0.2933	0.1760
554	3	Eat	17	2	-0.2923	0.1735
555	3	Eat	17	2	-0.2913	0.1711
556	3	Eat	17	2	-0.2902	0.1687
557	3	Eat	17	2	-0.2892	0.1663
558	3	Eat	17	2	-0.2881	0.1639
559	3	Eat	17	2	-0.2870	0.1615
560	3	Eat	17	2	-0.2859	0.1591
561	3	Eat	17	2	-0.2848	0.1567
562	3	Eat	17	2	-0.2837	0.1544
563	3	Eat	17	2	-0.2826	0.1520
564	3	Eat	17	2	-0.2815	0.1496
565	3	Eat	17	2	-0.2803	0.1473
566	3	Eat	17	2	-0.2791	0.1449
567	3	Eat	17	2	-0.2780	0.1426
568	3	Eat	17	2	-0.2768	0.1402
569	3	Eat	17	2	-0.2756	0.1379
570	3	Eat	17	2	-0.2744	0.1355
571	3	Eat	17	2	-0.2732	0.1332
572	3	Eat	17	2	-0.2720	0.1309
573	3	Eat	17	2	-0.2708	0.1285
574	3	Eat	17	2	-0.2696	0.1262
575	3	Eat	17	2	-0.2683	0.1239
576	3	Eat	17	2	-0.2671	0.1216
577	3	Eat	17	2	-0.2659	0.1193
578	3	Eat	17	2	-0.2646	0.1170
579	3	Eat	17	2	-0.2634	0.1147
580	3	Eat	17	2	-0.2621	0.1124
581	3	Eat	17	2	-0.2608	0.1101
582	3	Eat	17	2	-0.2596	0.1078
583	3	Eat	17	2	-0.2583	0.1055
584	3	Eat	17	2	-0.2570	0.1032
585	3	Eat	17	2	-0.2557	0.1009
586	3	Eat	17	2	-0.2544	0.0986
587	3	Eat	17	2	-0.2532	0.0963
588	3	Eat	17	2	-0.2519	0.0940
589	3	Eat	17	2	-0.2506	0.0917
590	3	Eat	17	2	-0.2493	0.0895
591	3	Eat	17	2	-0.2479	0.0872
592	3	Eat	17	2	-0.2466	0.0849
593	3	Eat	17	2	-0.2453	0.0826
594	3	Eat	17	2	-0.2440	0.0804
595	3	Eat	17	2	-0.2427	0.0781
596	3	Eat	17	2	-0.2414	0.0758
597	3	Eat	17	2	-0.2401	0.0736
598	3	Eat	17	2	-0.2387	0.0713
599	3	Eat	17	2	-0.2374	0.0690
600	3	Eat	17	2	-0.2361	0.0668
601	3	Eat	17	2	-0.2347	0.0645
602	3	Eat	17	2	-0.2334	0.0623
603	3	Eat	17	2	-0.2321	0.0600
604	3	Eat	17	2	-0.2307	0.0577
605	3	Eat	17	2	-0.2294	0.0555
606	3	Eat	17	2	-0.2280	0.0532
607	3	Eat	17	2	-0.2267	0.0510
608	3	Eat	17	2	-0.2254	0.0487
609	3	Eat	17	2	-0.2240	0.0465
610	3	Eat	17	2	-0.2227	0.0442
611	3	Eat	17	2	-0.2213	0.0420
612	3	Eat	17	2	-0.2200	0.0397
613	3	Eat	17	2	-0.2186	0.0375
614	3	Eat	17	2	-0.2172	0.0352
615	3	Eat	17	2	-0.2159	0.0330
616	3	Eat	17	2	-0.2145	0.0307
617	3	Eat	17	2	-0.2132	0.0285
618	3	Eat	17	2	-0.2118	0.0262
619	3	Eat	17	2	-0.2104	0.0240
620	3	Eat	17	2	-0.2091	0.0217
621	3	Eat	17	2	-0.2077	0.0195
622	3	Eat	17	2	-0.2064	0.0173
623	3	Eat	17	2	-0.2050	0.0150
624	3	Eat	17	2	-0.2036	0.0128
625	3	Eat	17	2	-0.2023	0.0105
626	3	Eat	17	2	-0.2009	0.0083
627	3	Eat	17	2	-0.1995	0.0061
628	3	Eat	17	2	-0.1981	0.0038
629	3	Eat	17	2	-0.1968	0.0016
630	3	Eat	17	2	-0.1954	-0.0007
631	3	Eat	17	2	-0.1940	-0.0029
632	3	Eat	17	2	-0.1927	-0.0051
633	3	Eat	17	2	-0.1913	-0.0074
634	3	Eat	17	2	-0.1899	-0.0096
635	3	Eat	17	2	-0.1885	-0.0118
636	3	Eat	17	2	-0.1872	-0.0141
637	3	Eat	17	2	-0.1858	-0.0163
638	3	Eat	17	2	-0.1844	-0.0185
639	3	Eat	17	2	-0.1830	-0.0208
640	3	Eat	17	2	-0.1816	-0.0230
641	3	Eat	17	2	-0.1803	-0.0252
642	3	Eat	17	2	-0.1789	-0.0275
643	3	Eat	17	2	-0.1775	-0.0297
644	3	Eat	17	2	-0.1761	-0.0319
645	3	Eat	17	2	-0.1747	-0.0342
646	3	Eat	17	2	-0.1733	-0.0364
647	3	Eat	17	2	-0.1720	-0.0386
648	3	Eat	17	2	-0.1706	-0.0409
649	3	Eat	17	2	-0.1692	-0.0431
650	3	Eat	17	2	-0.1678	-0.0453
651	3	Eat	17	2	-0.1664	-0.0475
652	3	Eat	17	2	-0.1650	-0.0498
653	3	Eat	17	2	-0.1637	-0.0520
654	3	Eat	17	2	-0.1623	-0.0542
655	3	Eat	17	2	-0.1609	-0.0565
656	3	Eat	17	2	-0.1595	-0.0587
657	3	Eat	17	2	-0.1581	-0.0609
658	3	Eat	17	2	-0.1567	-0.0632
659	3	Eat	17	2	-0.1553	-0.0654
660	3	Eat	17	2	-0.1540	-0.0676
661	3	Eat	17	2	-0.1526	-0.0698
662	3	Eat	17	2	-0.1512	-0.0721
663	3	Eat	17	2	-0.1498	-0.0743
664	3	Eat	17	2	-0.1484	-0.0765
665	3	Eat	17	2	-0.1470	-0.0787
666	3	Eat	17	2	-0.1456	-0.0810
667	3	Eat	17	2	-0.1442	-0.0832
668	3	Eat	17	2	-0.1428	-0.0854
669	3	Eat	17	2	-0.1415	-0.0877
670	3	Eat	17	2	-0.1401	-0.0899
671	3	Eat	17	2	-0.1387	-0.0921
672	3	Eat	17	2	-0.1373	-0.0943
673	3	Eat	17	2	-0.1359	-0.0966
674	3	Eat	17	2	-0.1345	-0.0988
675	3	Eat	17	2	-0.1331	-0.1010
676	3	Eat	17	2	-0.1317	-0.1032
677	3	Eat	17	2	-0.1303	-0.1055
678	3	Eat	17	2	-0.1289	-0.1077
679	3	Eat	17	2	-0.1275	-0.1099
680	3	Eat	17	2	-0.1261	-0.1121
681	3	Eat	17	2	-0.1247	-0.1144
682	3	Eat	17	2	-0.1234	-0.1166
683	3	Eat	17	2	-0.1220	-0.1188
684	3	Eat	17	2	-0.1206	-0.1210
685	3	Eat	17	2	-0.1192	-0.1232
686	3	Eat	17	2	-0.1178	-0.1255
687	3	Eat	17	2	-0.1164	-0.1277
688	3	Eat	17	2	-0.1150	-0.1299
689	3	Eat	17	2	-0.1136	-0.1321
690	3	Eat	17	2	-0.1122	-0.1344
691	3	Eat	17	2	-0.1108	-0.1366
692	3	Eat	17	2	-0.1094	-0.1388
693	3	Eat	17	2	-0.1080	-0.1410
694	3	Eat	17	2	-0.1066	-0.1432
695	3	Eat	17	2	-0.1052	-0.1455
696	3	Eat	17	2	-0.1038	-0.1477
697	3	Eat	17	2	-0.1024	-0.1499
698	3	Eat	17	2	-0.1010	-0.1521
699	3	Eat	17	2	-0.0996	-0.1543
700	3	Eat	17	2	-0.0982	-0.1566
701	3	Eat	17	2	-0.0968	-0.1588
702	3	Eat	17	2	-0.0954	-0.1610
703	3	Eat	17	2	-0.0940	-0.1632
704	3	Eat	17	2	-0.0926	-0.1654
705	3	Eat	17	2	-0.0912	-0.1677
706	3	Eat	17	2	-0.0898	-0.1699
707	3	Eat	17	2	-0.0884	-0.1721
708	3	Eat	17	2	-0.0870	-0.1743
709	3	Eat	17	2	-0.0856	-0.1765
710	3	Eat	17	2	-0.0842	-0.1787
711	3	Eat	17	2	-0.0828	-0.1810
712	3	Eat	17	2	-0.0813	-0.1832
713	3	Eat	17	2	-0.0799	-0.1854
714	3	Eat	17	2	-0.0785	-0.1876
715	3	Eat	17	2	-0.0771	-0.1898
716	3	Eat	17	2	-0.0757	-0.1920
717	3	Eat	17	2	-0.0743	-0.1943
718	3	Eat	17	2	-0.0729	-0.1965
719	3	Eat	17	2	-0.0715	-0.1987
720	3	Eat	17	2	-0.0701	-0.2009
721	3	Eat	17	2	-0.0687	-0.2031
722	3	Eat	17	2	-0.0673	-0.2053
723	3	Eat	17	2	-0.0659	-0.2075
724	3	Eat	17	2	-0.0659	-0.2075
725	3	Eat	17	2	-0.0659	-0.2075
726	3	Eat	17	2	-0.0659	-0.2075
727	3	Eat	17	2	-0.0659	-0.2075
728	3	Eat	17	2	-0.0659	-0.2075
729	3	Eat	17	2	-0.0659	-0.2075
730	3	Eat	17	2	-0.0659	-0.2075
731	3	Eat	17	2	-0.0659	-0.2075
732	3	Eat	17	2	-0.0659	-0.2075
733	3	Eat	17	2	-0.0659	-0.2075
734	3	Eat	17	2	-0.0659	-0.2075
735	3	Eat	17	2	-0.0659	-0.2075
736	3	Eat	17	2	-0.0659	-0.2075
737	3	Eat	17	2	-0.0659	-0.2075
738	3	Eat	17	2	-0.0659	-0.2075
739	3	Eat	17	2	-0.0659	-0.2075
740	3	Eat	17	2	-0.0659	-0.2075
741	3	Eat	17	2	-0.0659	-0.2075
742	3	Eat	17	2	-0.0659	-0.2075
743	3	Eat	17	2	-0.0659	-0.2075
744	3	Eat	17	2	-0.0659	-0.2075
745	3	Eat	17	2	-0.0659	-0.2075
746	3	Eat	17	2	-0.0659	-0.2075
747	3	Eat	17	2	-0.0659	-0.2075
748	3	Eat	17	2	-0.0659	-0.2075
749	3	Eat	17	2	-0.0659	-0.2075
750	3	Eat	17	2	-0.0659	-0.2075
751	3	Eat	17	2	-0.0659	-0.2075
752	3	Eat	17	2	-0.0659	-0.2075
753	3	Eat	17	2	-0.0659	-0.2075
754	3	Eat	17	2	-0.0659	-0.2075
755	3	Eat	17	2	-0.0659	-0.2075
756	3	Eat	17	2	-0.0659	-0.2075
757	3	Eat	17	2	-0.0659	-0.2075
758	3	Eat	17	2	-0.0659	-0.2075
759	3	Eat	17	2	-0.0659	-0.2075
760	3	Eat	17	2	-0.0659	-0.2075
761	3	Eat	17	2	-0.0659	-0.2075
762	3	Eat	17	2	-0.0659	-0.2075
763	3	Eat	17	2	-0.0659	-0.2075
764	3	Eat	17	2	-0.0659	-0.2075
765	3	Eat	17	2	-0.0659	-0.2075
766	3	Eat	17	2	-0.0659	-0.2075
767	3	Eat	17	2	-0.0659	-0.2075
768	3	Eat	17	2	-0.0659	-0.2075
769	3	Eat	17	2	-0.0659	-0.2075
770	3	Eat	17	2	-0.0659	-0.2075
771	3	Eat	17	2	-0.0659	-0.2075
772	3	Eat	17	2	-0.0659	-0.2075
773	3	Eat	17	2	-0.0659	-0.2075
774	3	Eat	17	2	-0.0659	-0.2075
775	3	Eat	17	2	-0.0659	-0.2075
776	3	Eat	17	2	-0.0659	-0.2075
777	3	Eat	17	2	-0.0659	-0.2075
778	3	Eat	17	2	-0.0659	-0.2075
779	3	Eat	17	2	-0.0659	-0.2075
780	3	Eat	17	2	-0.0659	-0.2075
781	3	Eat	17	2	-0.0659	-0.2075
782	3	Eat	17	2	-0.0659	-0.2075
783	3	Eat	17	2	-0.0659	-0.2075
784	3	Eat	17	2	-0.0659	-0.2075
785	3	Eat	17	2	-0.0659	-0.2075
786	3	Eat	17	2	-0.0659	-0.2075
787	3	Eat	17	2	-0.0659	-0.2075
788	3	Eat	17	2	-0.0659	-0.2075
789	3	Eat	17	2	-0.0659	-0.2075
790	3	Eat	17	2	-0.0659	-0.2075
791	3	Eat	17	2	-0.0659	-0.2075
792	3	Eat	17	2	-0.0659	-0.2075
793	3	Eat	17	2	-0.0659	-0.2075
794	3	Eat	17	2	-0.0659	-0.2075
795	3	Eat	17	2	-0.0659	-0.2075
796	3	Eat	17	2	-0.0659	-0.2075
797	3	Eat	17	2	-0.0659	-0.2075
798	3	Eat	17	2	-0.0659	-0.2075
799	3	Eat	17	2	-0.0659	-0.2075
800	3	Eat	17	2	-0.0659	-0.2075
801	3	Eat	17	2	-0.0659	-0.2075
802	3	Eat	17	2	-0.0659	-0.2075
803	3	Eat	17	2	-0.0659	-0.2075
804	3	Eat	17	2	-0.0659	-0.2075
805	3	Eat	17	2	-0.0659	-0.2075
806	3	Eat	17	2	-0.0659	-0.2075
807	3	Eat	17	2	-0.0659	-0.2075
808	3	Eat	17	2	-0.0659	-0.2075
809	3	Eat	17	2	-0.0659	-0.2075
810	3	Eat	17	2	-0.0659	-0.2075
811	3	Eat	17	2	-0.0659	-0.2075
812	3	Eat	17	2	-0.0659	-0.2075
813	3	Eat	17	2	-0.0659	-0.2075
814	3	Eat	17	2	-0.0659	-0.2075
815	3	Eat	17	2	-0.0659	-0.2075
816	3	Eat	17	2	-0.0659	-0.2075
817	3	Eat	17	2	-0.0659	-0.2075
818	3	Eat	17	2	-0.0659	-0.2075
819	3	Eat	17	2	-0.0659	-0.2075
820	3	Eat	17	2	-0.0659	-0.2075
821	3	Eat	17	2	-0.0659	-0.2075
822	3	Eat	17	2	-0.0659	-0.2075
823	3	Eat	17	2	-0.0659	-0.2075
824	3	Eat	17	2	-0.0659	-0.2075
825	3	Eat	17	2	-0.0659	-0.2075
826	3	Eat	17	2	-0.0659	-0.2075
827	3	Eat	17	2	-0.0659	-0.2075
828	3	Eat	17	2	-0.0659	-0.2075
829	3	Eat	17	2	-0.0659	-0.2075
830	3	Eat	17	2	-0.0659	-0.2075
831	3	Eat	17	2	-0.0659	-0.2075
832	3	Eat	17	2	-0.0659	-0.2075
833	3	Eat	17	2	-0.0659	-0.2075
834	3	Eat	17	2	-0.0659	-0.2075
835	3	Eat	17	2	-0.0659	-0.2075
836	3	Eat	17	2	-0.0659	-0.2075
837	3	Eat	17	2	-0.0659	-0.2075
838	3	Eat	17	2	-0.0659	-0.2075
839	3	Eat	17	2	-0.0659	-0.2075
840	3	Eat	17	2	-0.0659	-0.2075
841	3	Eat	17	2	-0.0659	-0.2075
842	3	Eat	17	2	-0.0659	-0.2075
843	3	Eat	17	2	-0.0659	-0.2075
844	3	Eat	17	2	-0.0659	-0.2075
845	3	Eat	17	2	-0.0659	-0.2075
846	3	Eat	17	2	-0.0659	-0.2075
847	3	Eat	17	2	-0.0659	-0.2075
848	3	Eat	17	2	-0.0659	-0.2075
849	3	Eat	17	2	-0.0659	-0.2075
850	3	Eat	17	2	-0.0659	-0.2075
851	3	Eat	17	2	-0.0659	-0.2075
852	3	Eat	17	2	-0.0659	-0.2075
853	3	Eat	17	2	-0.0659	-0.2075
854	3	Eat	17	2	-0.0659	-0.2075
855	3	Eat	17	2	-0.0659	-0.2075
856	3	Eat	17	2	-0.0659	-0.2075
857	3	Eat	17	2	-0.0659	-0.2075
858	3	Eat	17	2	-0.0659	-0.2075
859	3	Eat	17	2	-0.0659	-0.2075
860	3	Eat	17	2	-0.0659	-0.2075
861	3	Eat	17	2	-0.0659	-0.2075
862	3	Eat	17	2	-0.0659	-0.2075
863	3	Eat	17	2	-0.0659	-0.2075
864	3	Eat	17	2	-0.0659	-0.2075
865	3	Eat	17	2	-0.0659	-0.2075
866	3	Eat	17	2	-0.0659	-0.2075
867	3	Eat	17	2	-0.0659	-0.2075
868	3	Eat	17	2	-0.0659	-0.2075
869	3	Eat	17	2	-0.0659	-0.2075
870	3	Eat	17	2	-0.0659	-0.2075
871	3	Eat	17	2	-0.0659	-0.2075
872	3	Eat	17	2	-0.0659	-0.2075
873	3	Eat	17	2	-0.0659	-0.2075
874	3	Eat	17	2	-0.0659	-0.2075
875	3	Eat	17	2	-0.0659	-0.2075
876	3	Eat	17	2	-0.0659	-0.2075
877	3	Eat	17	2	-0.0659	-0.2075
878	3	Eat	17	2	-0.0659	-0.2075
879	3	Eat	17	2	-0.0659	-0.2075
880	3	Eat	17	2	-0.0659	-0.2075
881	3	Eat	17	2	-0.0659	-0.2075
882	3	Eat	17	2	-0.0659	-0.2075
883	3	Explore	17	0	-0.0659	-0.2075
884	4	Explore	16	1	-0.0645	-0.2097
885	4	Explore	16	1	-0.0631	-0.2119
886	4	Explore	16	1	-0.0617	-0.2141
887	4	Explore	16	1	-0.0603	-0.2163
888	4	Explore	16	1	-0.0589	-0.2186
889	4	Explore	16	1	-0.0575	-0.2208
890	4	Explore	16	1	-0.0561	-0.2230
891	4	Explore	16	1	-0.0547	-0.2252
892	4	Explore	16	1	-0.0533	-0.2274
893	4	Explore	16	1	-0.0519	-0.2297
894	4	Explore	16	1	-0.0505	-0.2319
895	4	Explore	16	1	-0.0491	-0.2341
896	4	Explore	16	1	-0.0477	-0.2363
897	4	Explore	16	1	-0.0463	-0.2385
898	4	Explore	16	1	-0.0449	-0.2407
899	4	Explore	16	1	-0.0435	-0.2430
900	4	Explore	16	1	-0.0421	-0.2452
901	4	Explore	16	1	-0.0407	-0.2474
902	4	Explore	16	1	-0.0393	-0.2496
903	4	Explore	16	1	-0.0379	-0.2518
904	4	Explore	16	1	-0.0365	-0.2541
905	4	Explore	16	1	-0.0351	-0.2563
906	4	Explore	16	1	-0.0337	-0.2585
907	4	Explore	16	1	-0.0323	-0.2607
908	4	Explore	16	1	-0.0309	-0.2629
909	4	Explore	16	1	-0.0295	-0.2652
910	4	Explore	16	1	-0.0281	-0.2674
911	4	Explore	16	1	-0.0267	-0.2696
912	4	Explore	16	1	-0.0253	-0.2718
913	4	Explore	16	1	-0.0239	-0.2740
914	4	Explore	16	1	-0.0225	-0.2763
915	4	Explore	16	1	-0.0211	-0.2785
916	4	Explore	16	1	-0.0197	-0.2807
917	4	Explore	16	1	-0.0183	-0.2829
918	4	Explore	16	1	-0.0169	-0.2851
919	4	Explore	16	1	-0.0155	-0.2874
920	4	Explore	16	1	-0.0141	-0.2896
921	4	Explore	16	1	-0.0127	-0.2918
922	4	Explore	16	1	-0.0113	-0.2940
923	4	Explore	16	1	-0.0099	-0.2962
924	4	Explore	16	1	-0.0084	-0.2984
925	4	Explore	16	1	-0.0070	-0.3007
926	4	Explore	16	1	-0.0056	-0.3029
927	4	Explore	16	1	-0.0042	-0.3051
928	4	Explore	16	1	-0.0028	-0.3073
929	4	Explore	16	1	-0.0014	-0.3095
930	4	Explore	16	1	-0.0000	-0.3118
931	4	Explore	16	1	0.0014	-0.3140
932	4	Explore	16	1	0.0028	-0.3162
933	4	Explore	16	1	0.0028	-0.3162
934	4	Explore	16	1	0.0028	-0.3162
935	4	Explore	16	1	0.0028	-0.3162
936	4	Explore	16	1	0.0028	-0.3162
937	4	Explore	16	1	0.0029	-0.3161
938	4	Explore	16	1	0.0029	-0.3161
939	4	Explore	16	1	0.0029	-0.3161
940	4	Explore	16	1	0.0029	-0.3161
941	4	Explore	16	1	0.0029	-0.3161
942	4	Explore	16	1	0.0029	-0.3161
943	4	Explore	16	1	0.0029	-0.3161
944	4	Explore	16	1	0.0030	-0.3160
945	4	Explore	16	1	0.0030	-0.3160
946	4	Explore	16	1	0.0030	-0.3160
947	4	Explore	16	1	0.0030	-0.3160
948	4	Explore	16	1	0.0030	-0.3160
949	4	Explore	16	1	0.0030	-0.3159
950	4	Explore	16	1	0.0031	-0.3159
951	4	Explore	16	1	0.0031	-0.3159
952	4	Explore	16	1	0.0031	-0.3159
953	4	Explore	16	1	0.0032	-0.3159
954	4	Explore	16	1	0.0032	-0.3158
955	4	Explore	16	1	0.0032	-0.3158
956	4	Explore	16	1	0.0058	-0.3161
957	4	Explore	16	1	0.0084	-0.3164
958	4	Explore	16	1	0.0111	-0.3167
959	4	Explore	16	1	0.0137	-0.3170
960	4	Explore	16	1	0.0163	-0.3173
961	4	Explore	16	1	0.0189	-0.3175
962	4	Explore	16	1	0.0215	-0.3178
963	4	Explore	16	1	0.0241	-0.3181
964	4	Explore	16	1	0.0267	-0.3184
965	4	Explore	16	1	0.0293	-0.3187
966	4	Explore	16	1	0.0319	-0.3190
967	4	Explore	16	1	0.0345	-0.3193
968	4	Explore	16	1	0.0371	-0.3196
969	4	Explore	16	1	0.0397	-0.3198
970	4	Explore	16	1	0.0424	-0.3201
971	4	Explore	16	1	0.0450	-0.3204
972	4	Explore	16	1	0.0476	-0.3207
973	4	Explore	16	1	0.0502	-0.3210
974	4	Explore	16	1	0.0528	-0.3213
975	4	Explore	16	1	0.0554	-0.3216
976	4	Explore	16	1	0.0580	-0.3219
977	4	Explore	16	1	0.0606	-0.3222
978	4	Explore	16	1	0.0632	-0.3224
979	4	Explore	16	1	0.0658	-0.3227
980	4	Explore	16	1	0.0684	-0.3230
981	4	Explore	16	1	0.0711	-0.3233
982	4	Explore	16	1	0.0737	-0.3236
983	4	Explore	16	1	0.0763	-0.3239
984	4	Explore	16	1	0.0789	-0.3242
985	4	Explore	16	1	0.0815	-0.3245
986	4	Explore	16	1	0.0841	-0.3247
987	4	Explore	16	1	0.0867	-0.3250
988	4	Explore	16	1	0.0893	-0.3253
989	4	Explore	16	1	0.0919	-0.3256
990	4	Explore	16	1	0.0945	-0.3259
991	4	Explore	16	1	0.0971	-0.3262
992	4	Explore	16	1	0.0998	-0.3265
993	4	Explore	16	1	0.1024	-0.3268
994	4	Explore	16	1	0.1050	-0.3271
995	4	Explore	16	1	0.1076	-0.3273
996	4	Explore	16	1	0.1076	-0.3274
997	4	Explore	16	1	0.1076	-0.3274
998	4	Explore	16	1	0.1076	-0.3274
999	4	Explore	16	1	0.1075	-0.3274
1000	4	Explore	16	1	0.1075	-0.3274
1001	4	Explore	16	1	0.1075	-0.3275
1002	4	Explore	16	1	0.1075	-0.3275
1003	4	Explore	16	1	0.1075	-0.3275
1004	4	Explore	16	1	0.1074	-0.3275
1005	4	Explore	16	1	0.1074	-0.3275
1006	4	Explore	16	1	0.1074	-0.3276
1007	4	Explore	16	1	0.1074	-0.3276
1008	4	Explore	16	1	0.1074	-0.3276
1009	4	Explore	16	1	0.1073	-0.3276
1010	4	Explore	16	1	0.1073	-0.3276
1011	4	Explore	16	1	0.1073	-0.3276
1012	4	Explore	16	1	0.1073	-0.3277
1013	4	Explore	16	1	0.1092	-0.3295
1014	4	Explore	16	1	0.1111	-0.3313
1015	4	Explore	16	1	0.1129	-0.3332
1016	4	Explore	16	1	0.1148	-0.3350
1017	4	Explore	16	1	0.1167	-0.3368
1018	4	Explore	16	1	0.1186	-0.3387
1019	4	Explore	16	1	0.1205	-0.3405
1020	4	Explore	16	1	0.1223	-0.3423
1021	4	Explore	16	1	0.1242	-0.3442
1022	4	Explore	16	1	0.1261	-0.3460
1023	4	Explore	16	1	0.1280	-0.3478
1024	4	Explore	16	1	0.1280	-0.3479
1025	4	Explore	16	1	0.1279	-0.3479
1026	4	Explore	16	1	0.1279	-0.3479
1027	4	Explore	16	1	0.1279	-0.3479
1028	4	Explore	16	1	0.1279	-0.3479
1029	4	Explore	16	1	0.1279	-0.3479
1030	4	Explore	16	1	0.1279	-0.3479
1031	4	Explore	16	1	0.1278	-0.3480
1032	4	Explore	16	1	0.1278	-0.3480
1033	4	Explore	16	1	0.1278	-0.3480
1034	4	Explore	16	1	0.1278	-0.3480
1035	4	Explore	16	1	0.1278	-0.3480
1036	4	Explore	16	1	0.1277	-0.3480
1037	4	Explore	16	1	0.1277	-0.3480
1038	4	Explore	16	1	0.1277	-0.3481
1039	4	Explore	16	1	0.1277	-0.3481
1040	4	Explore	16	1	0.1277	-0.3481
1041	4	Explore	16	1	0.1276	-0.3481
1042	4	Explore	16	1	0.1276	-0.3481
1043	4	Explore	16	1	0.1276	-0.3481
1044	4	Explore	16	1	0.1276	-0.3481
1045	4	Explore	16	1	0.1276	-0.3481
1046	4	Explore	16	1	0.1275	-0.3481
1047	4	Explore	16	1	0.1275	-0.3481
1048	4	Explore	16	1	0.1275	-0.3480
1049	4	Explore	16	1	0.1275	-0.3480
1050	4	Explore	16	1	0.1275	-0.3479
1051	4	Explore	16	1	0.1274	-0.3479
1052	4	Explore	16	1	0.1267	-0.3504
1053	4	Explore	16	1	0.1259	-0.3529
1054	4	Explore	16	1	0.1252	-0.3554
1055	4	Explore	16	1	0.1244	-0.3580
1056	4	Explore	16	1	0.1236	-0.3605
1057	4	Explore	16	1	0.1229	-0.3630
1058	4	Explore	16	1	0.1221	-0.3655
1059	4	Explore	16	1	0.1214	-0.3680
1060	4	Explore	16	1	0.1206	-0.3705
1061	4	Explore	16	1	0.1198	-0.3730
1062	4	Explore	16	1	0.1191	-0.3755
1063	4	Explore	16	1	0.1183	-0.3781
1064	4	Explore	16	1	0.1175	-0.3806
1065	4	Explore	16	1	0.1168	-0.3831
1066	4	Explore	16	1	0.1160	-0.3856
1067	4	Explore	16	1	0.1153	-0.3881
1068	4	Explore	16	1	0.1145	-0.3906
1069	4	Explore	16	1	0.1137	-0.3931
1070	4	Explore	16	1	0.1130	-0.3956
1071	4	Explore	16	1	0.1122	-0.3981
1072	4	Explore	16	1	0.1115	-0.4007
1073	4	Explore	16	1	0.1107	-0.4032
1074	4	Explore	16	1	0.1099	-0.4057
1075	4	Explore	16	1	0.1092	-0.4082
1076	4	Explore	16	1	0.1084	-0.4107
1077	4	Explore	16	1	0.1077	-0.4132
1078	4	Explore	16	1	0.1069	-0.4157
1079	4	Explore	16	1	0.1061	-0.4182
1080	4	Explore	16	1	0.1054	-0.4208
1081	4	Explore	16	1	0.1054	-0.4208
1082	4	Explore	16	1	0.1053	-0.4208
1083	4	Explore	16	1	0.1053	-0.4207
1084	4	Explore	16	1	0.1053	-0.4207
1085	4	Explore	16	1	0.1053	-0.4207
1086	4	Explore	16	1	0.1053	-0.4207
1087	4	Eat	16	1	0.1052	-0.4207
1088	5	Eat	15	2	0.1038	-0.4229
1089	5	Eat	15	2	0.1038	-0.4229
1090	5	Eat	15	2	0.1038	-0.4229
1091	5	Eat	15	2	0.1039	-0.4229
1092	5	Eat	15	2	0.1039	-0.4229
1093	5	Eat	15	2	0.1039	-0.4229
1094	5	Eat	15	2	0.1039	-0.4230
1095	5	Eat	15	2	0.1039	-0.4230
1096	5	Eat	15	2	0.1040	-0.4230
1097	5	Eat	15	2	0.1040	-0.4230
1098	5	Eat	15	2	0.1040	-0.4230
1099	5	Eat	15	2	0.1040	-0.4231
1100	5	Eat	15	2	0.1040	-0.4231
1101	5	Eat	15	2	0.1041	-0.4231
1102	5	Eat	15	2	0.1041	-0.4231
1103	5	Eat	15	2	0.1041	-0.4231
1104	5	Eat	15	2	0.1041	-0.4231
1105	5	Eat	15	2	0.1041	-0.4231
1106	5	Eat	15	2	0.1042	-0.4231
1107	5	Eat	15	2	0.1042	-0.4230
1108	5	Eat	15	2	0.1042	-0.4230
1109	5	Eat	15	2	0.1042	-0.4230
1110	5	Eat	15	2	0.1042	-0.4229
1111	5	Eat	15	2	0.1043	-0.4229
1112	5	Eat	15	2	0.1043	-0.4229
1113	5	Eat	15	2	0.1043	-0.4229
1114	5	Eat	15	2	0.1043	-0.4228
1115	5	Eat	15	2	0.1043	-0.4228
1116	5	Eat	15	2	0.1044	-0.4228
1117	5	Eat	15	2	0.1044	-0.4228
1118	5	Eat	15	2	0.1044	-0.4228
1119	5	Eat	15	2	0.1044	-0.4228
1120	5	Eat	15	2	0.1044	-0.4227
1121	5	Eat	15	2	0.1044	-0.4227
1122	5	Eat	15	2	0.1045	-0.4227
1123	5	Eat	15	2	0.1045	-0.4227
1124	5	Eat	15	2	0.1045	-0.4227
1125	5	Eat	15	2	0.1045	-0.4227
1126	5	Eat	15	2	0.1045	-0.4226
1127	5	Eat	15	2	0.1045	-0.4226
1128	5	Eat	15	2	0.1045	-0.4226
1129	5	Eat	15	2	0.1046	-0.4226
1130	5	Eat	15	2	0.1046	-0.4226
1131	5	Eat	15	2	0.1046	-0.4226
1132	5	Eat	15	2	0.1046	-0.4225
1133	5	Eat	15	2	0.1046	-0.4225
1134	5	Eat	15	2	0.1046	-0.4225
1135	5	Eat	15	2	0.1046	-0.4225
1136	5	Eat	15	2	0.1047	-0.4225
1137	5	Eat	15	2	0.1047	-0.4224
1138	5	Eat	15	2	0.1047	-0.4224
1139	5	Eat	15	2	0.1047	-0.4224
1140	5	Eat	15	2	0.1047	-0.4224
1141	5	Eat	15	2	0.1047	-0.4224
1142	5	Eat	15	2	0.1047	-0.4223
1143	5	Eat	15	2	0.1047	-0.4223
1144	5	Eat	15	2	0.1047	-0.4223
1145	5	Eat	15	2	0.1047	-0.4223
1146	5	Eat	15	2	0.1047	-0.4223
1147	5	Eat	15	2	0.1047	-0.4222
1148	5	Eat	15	2	0.1047	-0.4222
1149	5	Eat	15	2	0.1046	-0.4222
1150	5	Eat	15	2	0.1046	-0.4222
1151	5	Eat	15	2	0.1046	-0.4222
1152	5	Eat	15	2	0.1045	-0.4221
1153	5	Eat	15	2	0.1045	-0.4221
1154	5	Eat	15	2	0.1045	-0.4221
1155	5	Eat	15	2	0.1045	-0.4221
1156	5	Eat	15	2	0.1045	-0.4221
1157	5	Eat	15	2	0.1044	-0.4220
1158	5	Eat	15	2	0.1044	-0.4220
1159	5	Eat	15	2	0.1044	-0.4220
1160	5	Eat	15	2	0.1044	-0.4220
1161	5	Eat	15	2	0.1044	-0.4220
1162	5	Eat	15	2	0.1044	-0.4220
1163	5	Eat	15	2	0.1044	-0.4219
1164	5	Eat	15	2	0.1043	-0.4219
1165	5	Eat	15	2	0.1043	-0.4219
1166	5	Eat	15	2	0.1043	-0.4219
1167	5	Eat	15	2	0.1043	-0.4219
1168	5	Eat	15	2	0.1043	-0.4219
1169	5	Eat	15	2	0.1043	-0.4219
1170	5	Eat	15	2	0.1042	-0.4218
1171	5	Eat	15	2	0.1042	-0.4218
1172	5	Eat	15	2	0.1042	-0.4218
1173	5	Eat	15	2	0.1042	-0.4218
1174	5	Eat	15	2	0.1052	-0.4194
1175	5	Eat	15	2	0.1062	-0.4170
1176	5	Eat	15	2	0.1071	-0.4145
1177	5	Eat	15	2	0.1080	-0.4120
1178	5	Eat	15	2	0.1089	-0.4095
1179	5	Eat	15	2	0.1097	-0.4070
1180	5	Eat	15	2	0.1105	-0.4045
1181	5	Eat	15	2	0.1113	-0.4020
1182	5	Eat	15	2	0.1120	-0.3995
1183	5	Eat	15	2	0.1127	-0.3970
1184	5	Eat	15	2	0.1133	-0.3944
1185	5	Eat	15	2	0.1140	-0.3919
1186	5	Eat	15	2	0.1146	-0.3893
1187	5	Eat	15	2	0.1151	-0.3868
1188	5	Eat	15	2	0.1157	-0.3842
1189	5	Eat	15	2	0.1162	-0.3816
1190	5	Eat	15	2	0.1167	-0.3790
1191	5	Eat	15	2	0.1172	-0.3765
1192	5	Eat	15	2	0.1177	-0.3739
1193	5	Eat	15	2	0.1181	-0.3713
1194	5	Eat	15	2	0.1185	-0.3687
1195	5	Eat	15	2	0.1189	-0.3661
1196	5	Eat	15	2	0.1193	-0.3635
1197	5	Eat	15	2	0.1197	-0.3609
1198	5	Eat	15	2	0.1200	-0.3583
1199	5	Eat	15	2	0.1203	-0.3557
1200	5	Eat	15	2	0.1206	-0.3531
1201	5	Eat	15	2	0.1209	-0.3505
1202	5	Eat	15	2	0.1212	-0.3479
1203	5	Eat	15	2	0.1215	-0.3453
1204	5	Eat	15	2	0.1217	-0.3427
1205	5	Eat	15	2	0.1220	-0.3400
1206	5	Eat	15	2	0.1222	-0.3374
1207	5	Eat	15	2	0.1224	-0.3348
1208	5	Eat	15	2	0.1226	-0.3322
1209	5	Eat	15	2	0.1228	-0.3296
1210	5	Eat	15	2	0.1230	-0.3270
1211	5	Eat	15	2	0.1232	-0.3243
1212	5	Eat	15	2	0.1234	-0.3217
1213	5	Eat	15	2	0.1235	-0.3191
1214	5	Eat	15	2	0.1237	-0.3165
1215	5	Eat	15	2	0.1238	-0.3139
1216	5	Eat	15	2	0.1239	-0.3112
1217	5	Eat	15	2	0.1240	-0.3086
1218	5	Eat	15	2	0.1242	-0.3060
1219	5	Eat	15	2	0.1243	-0.3034
1220	5	Eat	15	2	0.1244	-0.3007
1221	5	Eat	15	2	0.1245	-0.2981
1222	5	Eat	15	2	0.1245	-0.2955
1223	5	Eat	15	2	0.1246	-0.2929
1224	5	Eat	15	2	0.1247	-0.2903
1225	5	Eat	15	2	0.1248	-0.2876
1226	5	Eat	15	2	0.1248	-0.2850
1227	5	Eat	15	2	0.1249	-0.2824
1228	5	Eat	15	2	0.1249	-0.2798
1229	5	Eat	15	2	0.1250	-0.2771
1230	5	Eat	15	2	0.1250	-0.2745
1231	5	Eat	15	2	0.1251	-0.2719
1232	5	Eat	15	2	0.1251	-0.2693
1233	5	Eat	15	2	0.1251	-0.2666
1234	5	Eat	15	2	0.1252	-0.2640
1235	5	Eat	15	2	0.1252	-0.2614
1236	5	Eat	15	2	0.1252	-0.2588
1237	5	Eat	15	2	0.1252	-0.2561
1238	5	Eat	15	2	0.1252	-0.2535
1239	5	Eat	15	2	0.1252	-0.2509
1240	5	Eat	15	2	0.1252	-0.2483
1241	5	Eat	15	2	0.1252	-0.2456
1242	5	Eat	15	2	0.1252	-0.2430
1243	5	Eat	15	2	0.1252	-0.2404
1244	5	Eat	15	2	0.1252	-0.2378
1245	5	Eat	15	2	0.1252	-0.2351
1246	5	Eat	15	2	0.1252	-0.2325
1247	5	Eat	15	2	0.1252	-0.2299
1248	5	Eat	15	2	0.1252	-0.2273
1249	5	Eat	15	2	0.1251	-0.2246
1250	5	Eat	15	2	0.1251	-0.2220
1251	5	Eat	15	2	0.1251	-0.2194
1252	5	Eat	15	2	0.1251	-0.2168
1253	5	Eat	15	2	0.1250	-0.2141
1254	5	Eat	15	2	0.1250	-0.2115
1255	5	Eat	15	2	0.1250	-0.2089
1256	5	Eat	15	2	0.1249	-0.2063
1257	5	Eat	15	2	0.1249	-0.2036
1258	5	Eat	15	2	0.1249	-0.2010
1259	5	Eat	15	2	0.1248	-0.1984
1260	5	Eat	15	2	0.1248	-0.1958
1261	5	Eat	15	2	0.1248	-0.1931
1262	5	Eat	15	2	0.1247	-0.1905
1263	5	Eat	15	2	0.1247	-0.1879
1264	5	Eat	15	2	0.1246	-0.1853
1265	5	Eat	15	2	0.1246	-0.1826
1266	5	Eat	15	2	0.1245	-0.1800
1267	5	Eat	15	2	0.1245	-0.1774
1268	5	Eat	15	2	0.1244	-0.1748
1269	5	Eat	15	2	0.1244	-0.1721
1270	5	Eat	15	2	0.1243	-0.1695
1271	5	Eat	15	2	0.1243	-0.1669
1272	5	Eat	15	2	0.1242	-0.1643
1273	5	Eat	15	2	0.1241	-0.1616
1274	5	Eat	15	2	0.1241	-0.1590
1275	5	Eat	15	2	0.1240	-0.1564
1276	5	Eat	15	2	0.1239	-0.1538
1277	5	Eat	15	2	0.1239	-0.1512
1278	5	Eat	15	2	0.1238	-0.1485
1279	5	Eat	15	2	0.1237	-0.1459
1280	5	Eat	15	2	0.1237	-0.1433
1281	5	Eat	15	2	0.1236	-0.1407
1282	5	Eat	15	2	0.1235	-0.1380
1283	5	Eat	15	2	0.1235	-0.1354
1284	5	Eat	15	2	0.1234	-0.1328
1285	5	Eat	15	2	0.1233	-0.1302
1286	5	Eat	15	2	0.1232	-0.1275
1287	5	Eat	15	2	0.1232	-0.1249
1288	5	Eat	15	2	0.1231	-0.1223
1289	5	Eat	15	2	0.1230	-0.1197
1290	5	Eat	15	2	0.1229	-0.1170
1291	5	Eat	15	2	0.1229	-0.1144
1292	5	Eat	15	2	0.1228	-0.1118
1293	5	Eat	15	2	0.1227	-0.1092
1294	5	Eat	15	2	0.1226	-0.1065
1295	5	Eat	15	2	0.1225	-0.1039
1296	5	Eat	15	2	0.1225	-0.1013
1297	5	Eat	15	2	0.1224	-0.0987
1298	5	Eat	15	2	0.1223	-0.0961
1299	5	Eat	15	2	0.1222	-0.0934
1300	5	Eat	15	2	0.1221	-0.0908
1301	5	Eat	15	2	0.1220	-0.0882
1302	5	Eat	15	2	0.1219	-0.0856
1303	5	Eat	15	2	0.1219	-0.0829
1304	5	Eat	15	2	0.1218	-0.0803
1305	5	Eat	15	2	0.1217	-0.0777
1306	5	Eat	15	2	0.1216	-0.0751
1307	5	Eat	15	2	0.1215	-0.0724
1308	5	Eat	15	2	0.1214	-0.0698
1309	5	Eat	15	2	0.1213	-0.0672
1310	5	Eat	15	2	0.1212	-0.0646
1311	5	Eat	15	2	0.1211	-0.0620
1312	5	Eat	15	2	0.1210	-0.0593
1313	5	Eat	15	2	0.1209	-0.0567
1314	5	Eat	15	2	0.1208	-0.0541
1315	5	Eat	15	2	0.1207	-0.0515
1316	5	Eat	15	2	0.1206	-0.0488
1317	5	Eat	15	2	0.1205	-0.0462
1318	5	Eat	15	2	0.1204	-0.0436
1319	5	Eat	15	2	0.1203	-0.0410
1320	5	Eat	15	2	0.1202	-0.0383
1321	5	Eat	15	2	0.1201	-0.0357
1322	5	Eat	15	2	0.1200	-0.0331
1323	5	Eat	15	2	0.1199	-0.0305
1324	5	Eat	15	2	0.1198	-0.0279
1325	5	Eat	15	2	0.1197	-0.0252
1326	5	Eat	15	2	0.1196	-0.0226
1327	5	Eat	15	2	0.1195	-0.0200
1328	5	Eat	15	2	0.1194	-0.0174
1329	5	Eat	15	2	0.1194	-0.0174
1330	5	Eat	15	2	0.1194	-0.0174
1331	5	Eat	15	2	0.1194	-0.0174
1332	5	Eat	15	2	0.1194	-0.0174
1333	5	Eat	15	2	0.1194	-0.0174
1334	5	Eat	15	2	0.1194	-0.0174
1335	5	Eat	15	2	0.1194	-0.0174
1336	5	Eat	15	2	0.1194	-0.0174
1337	5	Eat	15	2	0.1194	-0.0174
1338	5	Eat	15	2	0.1194	-0.0174
1339	5	Eat	15	2	0.1194	-0.0174
1340	5	Eat	15	2	0.1194	-0.0174
1341	5	Eat	15	2	0.1194	-0.0174
1342	5	Eat	15	2	0.1194	-0.0174
1343	5	Eat	15	2	0.1194	-0.0174
1344	5	Eat	15	2	0.1194	-0.0174
1345	5	Eat	15	2	0.1194	-0.0174
1346	5	Eat	15	2	0.1194	-0.0174
1347	5	Eat	15	2	0.1194	-0.0174
1348	5	Eat	15	2	0.1194	-0.0174
1349	5	Eat	15	2	0.1194	-0.0174
1350	5	Eat	15	2	0.1194	-0.0174
1351	5	Eat	15	2	0.1194	-0.0174
1352	5	Eat	15	2	0.1194	-0.0174
1353	5	Eat	15	2	0.1194	-0.0174
1354	5	Eat	15	2	0.1194	-0.0174
1355	5	Eat	15	2	0.1194	-0.0174
1356	5	Eat	15	2	0.1194	-0.0174
1357	5	Eat	15	2	0.1194	-0.0174
1358	5	Eat	15	2	0.1194	-0.0174
1359	5	Eat	15	2	0.1194	-0.0174
1360	5	Eat	15	2	0.1194	-0.0174
1361	5	Eat	15	2	0.1194	-0.0174
1362	5	Eat	15	2	0.1194	-0.0174
1363	5	Eat	15	2	0.1194	-0.0174
1364	5	Eat	15	2	0.1194	-0.0174
1365	5	Eat	15	2	0.1194	-0.0174
1366	5	Eat	15	2	0.1194	-0.0174
1367	5	Eat	15	2	0.1194	-0.0174
1368	5	Eat	15	2	0.1194	-0.0174
1369	5	Eat	15	2	0.1194	-0.0174
1370	5	Eat	15	2	0.1194	-0.0174
1371	5	Eat	15	2	0.1194	-0.0174
1372	5	Eat	15	2	0.1194	-0.0174
1373	5	Eat	15	2	0.1194	-0.0174
1374	5	Eat	15	2	0.1194	-0.0174
1375	5	Eat	15	2	0.1194	-0.0174
1376	5	Eat	15	2	0.1194	-0.0174
1377	5	Eat	15	2	0.1194	-0.0174
1378	5	Eat	15	2	0.1194	-0.0174
1379	5	Eat	15	2	0.1194	-0.0174
1380	5	Eat	15	2	0.1194	-0.0174
1381	5	Eat	15	2	0.1194	-0.0174
1382	5	Eat	15	2	0.1194	-0.0174
1383	5	Eat	15	2	0.1194	-0.0174
1384	5	Eat	15	2	0.1194	-0.0174
1385	5	Eat	15	2	0.1194	-0.0174
1386	5	Eat	15	2	0.1194	-0.0174
1387	5	Eat	15	2	0.1194	-0.0174
1388	5	Eat	15	2	0.1194	-0.0174
1389	5	Eat	15	2	0.1194	-0.0174
1390	5	Eat	15	2	0.1194	-0.0174
1391	5	Eat	15	2	0.1194	-0.0174
1392	5	Eat	15	2	0.1194	-0.0174
1393	5	Eat	15	2	0.1194	-0.0174
1394	5	Eat	15	2	0.1194	-0.0174
1395	5	Eat	15	2	0.1194	-0.0174
1396	5	Eat	15	2	0.1194	-0.0174
1397	5	Eat	15	2	0.1194	-0.0174
1398	5	Eat	15	2	0.1194	-0.0174
1399	5	Eat	15	2	0.1194	-0.0174
1400	5	Eat	15	2	0.1194	-0.0174
1401	5	Eat	15	2	0.1194	-0.0174
1402	5	Eat	15	2	0.1194	-0.0174
1403	5	Eat	15	2	0.1194	-0.0174
1404	5	Eat	15	2	0.1194	-0.0174
1405	5	Eat	15	2	0.1194	-0.0174
1406	5	Eat	15	2	0.1194	-0.0174
1407	5	Eat	15	2	0.1194	-0.0174
1408	5	Eat	15	2	0.1194	-0.0174
1409	5	Eat	15	2	0.1194	-0.0174
1410	5	Eat	15	2	0.1194	-0.0174
1411	5	Eat	15	2	0.1194	-0.0174
1412	5	Eat	15	2	0.1194	-0.0174
1413	5	Eat	15	2	0.1194	-0.0174
1414	5	Eat	15	2	0.1194	-0.0174
1415	5	Eat	15	2	0.1194	-0.0174
1416	5	Eat	15	2	0.1194	-0.0174
1417	5	Eat	15	2	0.1194	-0.0174
1418	5	Eat	15	2	0.1194	-0.0174
1419	5	Eat	15	2	0.1194	-0.0174
1420	5	Eat	15	2	0.1194	-0.0174
1421	5	Eat	15	2	0.1194	-0.0174
1422	5	Eat	15	2	0.1194	-0.0174
1423	5	Eat	15	2	0.1194	-0.0174
1424	5	Eat	15	2	0.1194	-0.0174
1425	5	Eat	15	2	0.1194	-0.0174
1426	5	Eat	15	2	0.1194	-0.0174
1427	5	Eat	15	2	0.1194	-0.0174
1428	5	Eat	15	2	0.1194	-0.0174
1429	5	Eat	15	2	0.1194	-0.0174
1430	5	Eat	15	2	0.1194	-0.0174
1431	5	Eat	15	2	0.1194	-0.0174
1432	5	Eat	15	2	0.1194	-0.0174
1433	5	Eat	15	2	0.1194	-0.0174
1434	5	Eat	15	2	0.1194	-0.0174
1435	5	Eat	15	2	0.1194	-0.0174
1436	5	Eat	15	2	0.1194	-0.0174
1437	5	Eat	15	2	0.1194	-0.0174
1438	5	Eat	15	2	0.1194	-0.0174
1439	5	Eat	15	2	0.1194	-0.0174
1440	5	Eat	15	2	0.1194	-0.0174
1441	5	Eat	15	2	0.1194	-0.0174
1442	5	Eat	15	2	0.1194	-0.0174
1443	5	Eat	15	2	0.1194	-0.0174
1444	5	Eat	15	2	0.1194	-0.0174
1445	5	Eat	15	2	0.1194	-0.0174
1446	5	Eat	15	2	0.1194	-0.0174
1447	5	Eat	15	2	0.1194	-0.0174
1448	5	Eat	15	2	0.1194	-0.0174
1449	5	Eat	15	2	0.1194	-0.0174
1450	5	Eat	15	2	0.1194	-0.0174
1451	5	Eat	15	2	0.1194	-0.0174
1452	5	Eat	15	2	0.1194	-0.0174
1453	5	Eat	15	2	0.1194	-0.0174
1454	5	Eat	15	2	0.1194	-0.0174
1455	5	Eat	15	2	0.1194	-0.0174
1456	5	Eat	15	2	0.1194	-0.0174
1457	5	Eat	15	2	0.1194	-0.0174
1458	5	Eat	15	2	0.1194	-0.0174
1459	5	Eat	15	2	0.1194	-0.0174
1460	5	Eat	15	2	0.1194	-0.0174
1461	5	Eat	15	2	0.1194	-0.0174
1462	5	Eat	15	2	0.1194	-0.0174
1463	5	Eat	15	2	0.1194	-0.0174
1464	5	Eat	15	2	0.1194	-0.0174
1465	5	Eat	15	2	0.1194	-0.0174
1466	5	Eat	15	2	0.1194	-0.0174
1467	5	Eat	15	2	0.1194	-0.0174
1468	5	Eat	15	2	0.1194	-0.0174
1469	5	Eat	15	2	0.1194	-0.0174
1470	5	Eat	15	2	0.1194	-0.0174
1471	5	Eat	15	2	0.1194	-0.0174
1472	5	Eat	15	2	0.1194	-0.0174
1473	5	Eat	15	2	0.1194	-0.0174
1474	5	Eat	15	2	0.1194	-0.0174
1475	5	Eat	15	2	0.1194	-0.0174
1476	5	Eat	15	2	0.1194	-0.0174
1477	5	Eat	15	2	0.1194	-0.0174
1478	5	Eat	15	2	0.1194	-0.0174
1479	5	Eat	15	2	0.1194	-0.0174
1480	5	Eat	15	2	0.1194	-0.0174
1481	5	Eat	15	2	0.1194	-0.0174
1482	5	Eat	15	2	0.1194	-0.0174
1483	5	Eat	15	2	0.1194	-0.0174
1484	5	Eat	15	2	0.1194	-0.0174
1485	5	Eat	15	2	0.1194	-0.0174
1486	5	Eat	15	2	0.1194	-0.0174
1487	5	Eat	15	2	0.1194	-0.0174
1488	5	Explore	15	0	0.1194	-0.0174
1489	6	Explore	14	1	0.1193	-0.0147
1490	6	Explore	14	1	0.1192	-0.0121
1491	6	Explore	14	1	0.1190	-0.0095
1492	6	Explore	14	1	0.1189	-0.0069
1493	6	Explore	14	1	0.1188	-0.0042
1494	6	Explore	14	1	0.1187	-0.0016
1495	6	Explore	14	1	0.1186	0.0010
1496	6	Explore	14	1	0.1185	0.0036
1497	6	Explore	14	1	0.1184	0.0062
1498	6	Explore	14	1	0.1183	0.0089
1499	6	Explore	14	1	0.1182	0.0115
1500	6	Explore	14	1	0.1180	0.0141
1501	6	Explore	14	1	0.1179	0.0167
1502	6	Explore	14	1	0.1178	0.0194
1503	6	Explore	14	1	0.1177	0.0220
1504	6	Explore	14	1	0.1176	0.0246
1505	6	Explore	14	1	0.1175	0.0272
1506	6	Explore	14	1	0.1174	0.0298
1507	6	Explore	14	1	0.1173	0.0325
1508	6	Explore	14	1	0.1172	0.0351
1509	6	Explore	14	1	0.1170	0.0377
1510	6	Explore	14	1	0.1169	0.0403
1511	6	Explore	14	1	0.1168	0.0430
1512	6	Explore	14	1	0.1167	0.0456
1513	6	Explore	14	1	0.1166	0.0482
1514	6	Explore	14	1	0.1165	0.0508
1515	6	Explore	14	1	0.1164	0.0534
1516	6	Explore	14	1	0.1163	0.0561
1517	6	Explore	14	1	0.1162	0.0587
1518	6	Explore	14	1	0.1160	0.0613
1519	6	Explore	14	1	0.1159	0.0639
1520	6	Explore	14	1	0.1158	0.0666
1521	6	Explore	14	1	0.1157	0.0692
1522	6	Explore	14	1	0.1156	0.0718
1523	6	Explore	14	1	0.1155	0.0744
1524	6	Explore	14	1	0.1154	0.0770
1525	6	Explore	14	1	0.1153	0.0797
1526	6	Explore	14	1	0.1151	0.0823
1527	6	Explore	14	1	0.1151	0.0823
1528	6	Explore	14	1	0.1151	0.0823
1529	6	Explore	14	1	0.1151	0.0822
1530	6	Explore	14	1	0.1151	0.0822
1531	6	Explore	14	1	0.1150	0.0822
1532	6	Explore	14	1	0.1150	0.0821
1533	6	Explore	14	1	0.1150	0.0821
1534	6	Explore	14	1	0.1150	0.0821
1535	6	Explore	14	1	0.1150	0.0821
1536	6	Explore	14	1	0.1149	0.0820
1537	6	Explore	14	1	0.1149	0.0820
1538	6	Explore	14	1	0.1149	0.0820
1539	6	Explore	14	1	0.1149	0.0820
1540	6	Explore	14	1	0.1149	0.0820
1541	6	Explore	14	1	0.1149	0.0820
1542	6	Explore	14	1	0.1148	0.0819
1543	6	Explore	14	1	0.1148	0.0819
1544	6	Explore	14	1	0.1148	0.0819
1545	6	Explore	14	1	0.1148	0.0819
1546	6	Explore	14	1	0.1129	0.0838
1547	6	Explore	14	1	0.1111	0.0856
1548	6	Explore	14	1	0.1092	0.0875
1549	6	Explore	14	1	0.1074	0.0893
1550	6	Explore	14	1	0.1055	0.0912
1551	6	Explore	14	1	0.1036	0.0930
1552	6	Explore	14	1	0.1018	0.0949
1553	6	Explore	14	1	0.0999	0.0967
1554	6	Explore	14	1	0.0981	0.0986
1555	6	Explore	14	1	0.0962	0.1005
1556	6	Explore	14	1	0.0944	0.1023
1557	6	Explore	14	1	0.0925	0.1042
1558	6	Explore	14	1	0.0906	0.1060
1559	6	Explore	14	1	0.0888	0.1079
1560	6	Explore	14	1	0.0869	0.1097
1561	6	Explore	14	1	0.0851	0.1116
1562	6	Explore	14	1	0.0832	0.1134
1563	6	Explore	14	1	0.0814	0.1153
1564	6	Explore	14	1	0.0795	0.1171
1565	6	Explore	14	1	0.0776	0.1190
1566	6	Explore	14	1	0.0758	0.1208
1567	6	Explore	14	1	0.0739	0.1227
1568	6	Explore	14	1	0.0721	0.1246
1569	6	Explore	14	1	0.0702	0.1264
1570	6	Explore	14	1	0.0684	0.1283
1571	6	Explore	14	1	0.0665	0.1301
1572	6	Explore	14	1	0.0646	0.1320
1573	6	Explore	14	1	0.0628	0.1338
1574	6	Explore	14	1	0.0609	0.1357
1575	6	Explore	14	1	0.0609	0.1357
1576	6	Explore	14	1	0.0609	0.1357
1577	6	Explore	14	1	0.0609	0.1356
1578	6	Explore	14	1	0.0609	0.1356
1579	6	Explore	14	1	0.0609	0.1356
1580	6	Explore	14	1	0.0608	0.1356
1581	6	Explore	14	1	0.0608	0.1356
1582	6	Explore	14	1	0.0608	0.1356
1583	6	Explore	14	1	0.0608	0.1355
1584	6	Explore	14	1	0.0608	0.1355
1585	6	Explore	14	1	0.0608	0.1355
1586	6	Explore	14	1	0.0608	0.1355
1587	6	Explore	14	1	0.0607	0.1355
1588	6	Eat	14	1	0.0607	0.1354
1589	7	Eat	13	2	0.0582	0.1360
1590	7	Eat	13	2	0.0556	0.1366
1591	7	Eat	13	2	0.0530	0.1371
1592	7	Eat	13	2	0.0504	0.1375
1593	7	Eat	13	2	0.0478	0.1379
1594	7	Eat	13	2	0.0452	0.1383
1595	7	Eat	13	2	0.0426	0.1386
1596	7	Eat	13	2	0.0400	0.1389
1597	7	Eat	13	2	0.0374	0.1392
1598	7	Eat	13	2	0.0348	0.1394
1599	7	Eat	13	2	0.0322	0.1395
1600	7	Eat	13	2	0.0295	0.1397
1601	7	Eat	13	2	0.0269	0.1397
1602	7	Eat	13	2	0.0243	0.1398
1603	7	Eat	13	2	0.0217	0.1398
1604	7	Eat	13	2	0.0190	0.1398
1605	7	Eat	13	2	0.0164	0.1397
1606	7	Eat	13	2	0.0138	0.1397
1607	7	Eat	13	2	0.0112	0.1395
1608	7	Eat	13	2	0.0085	0.1394
1609	7	Eat	13	2	0.0059	0.1392
1610	7	Eat	13	2	0.0033	0.1390
1611	7	Eat	13	2	0.0007	0.1388
1612	7	Eat	13	2	-0.0019	0.1385
1613	7	Eat	13	2	-0.0045	0.1382
1614	7	Eat	13	2	-0.0071	0.1379
1615	7	Eat	13	2	-0.0097	0.1376
1616	7	Eat	13	2	-0.0123	0.1373
1617	7	Eat	13	2	-0.0149	0.1369
1618	7	Eat	13	2	-0.0175	0.1365
1619	7	Eat	13	2	-0.0201	0.1360
1620	7	Eat	13	2	-0.0227	0.1356
1621	7	Eat	13	2	-0.0253	0.1351
1622	7	Eat	13	2	-0.0279	0.1346
1623	7	Eat	13	2	-0.0304	0.1341
1624	7	Eat	13	2	-0.0330	0.1336
1625	7	Eat	13	2	-0.0356	0.1331
1626	7	Eat	13	2	-0.0381	0.1325
1627	7	Eat	13	2	-0.0407	0.1319
1628	7	Eat	13	2	-0.0433	0.1313
1629	7	Eat	13	2	-0.0458	0.1307
1630	7	Eat	13	2	-0.0484	0.1300
1631	7	Eat	13	2	-0.0509	0.1294
1632	7	Eat	13	2	-0.0534	0.1287
1633	7	Eat	13	2	-0.0560	0.1280
1634	7	Eat	13	2	-0.0585	0.1273
1635	7	Eat	13	2	-0.0610	0.1266
1636	7	Eat	13	2	-0.0635	0.1259
1637	7	Eat	13	2	-0.0661	0.1251
1638	7	Eat	13	2	-0.0686	0.1243
1639	7	Eat	13	2	-0.0711	0.1235
1640	7	Eat	13	2	-0.0736	0.1227
1641	7	Eat	13	2	-0.0761	0.1219
1642	7	Eat	13	2	-0.0785	0.1211
1643	7	Eat	13	2	-0.0810	0.1203
1644	7	Eat	13	2	-0.0835	0.1194
1645	7	Eat	13	2	-0.0860	0.1185
1646	7	Eat	13	2	-0.0860	0.1185
1647	7	Eat	13	2	-0.0860	0.1185
1648	7	Eat	13	2	-0.0860	0.1185
1649	7	Eat	13	2	-0.0860	0.1185
1650	7	Eat	13	2	-0.0860	0.1185
1651	7	Eat	13	2	-0.0860	0.1185
1652	7	Eat	13	2	-0.0860	0.1185
1653	7	Eat	13	2	-0.0860	0.1185
1654	7	Eat	13	2	-0.0860	0.1185
1655	7	Eat	13	2	-0.0860	0.1185
1656	7	Eat	13	2	-0.0860	0.1185
1657	7	Eat	13	2	-0.0860	0.1185
1658	7	Eat	13	2	-0.0860	0.1185
1659	7	Eat	13	2	-0.0860	0.1185
1660	7	Eat	13	2	-0.0860	0.1185
1661	7	Eat	13	2	-0.0860	0.1185
1662	7	Eat	13	2	-0.0860	0.1185
1663	7	Eat	13	2	-0.0860	0.1185
1664	7	Eat	13	2	-0.0860	0.1185
1665	7	Eat	13	2	-0.0860	0.1185
1666	7	Eat	13	2	-0.0860	0.1185
1667	7	Eat	13	2	-0.0860	0.1185
1668	7	Eat	13	2	-0.0860	0.1185
1669	7	Eat	13	2	-0.0860	0.1185
1670	7	Eat	13	2	-0.0860	0.1185
1671	7	Eat	13	2	-0.0860	0.1185
1672	7	Eat	13	2	-0.0860	0.1185
1673	7	Eat	13	2	-0.0860	0.1185
1674	7	Eat	13	2	-0.0860	0.1185
1675	7	Eat	13	2	-0.0860	0.1185
1676	7	Eat	13	2	-0.0860	0.1185
1677	7	Eat	13	2	-0.0860	0.1185
1678	7	Eat	13	2	-0.0860	0.1185
1679	7	Eat	13	2	-0.0860	0.1185
1680	7	Eat	13	2	-0.0860	0.1185
1681	7	Eat	13	2	-0.0860	0.1185
1682	7	Eat	13	2	-0.0860	0.1185
1683	7	Eat	13	2	-0.0860	0.1185
1684	7	Eat	13	2	-0.0860	0.1185
1685	7	Eat	13	2	-0.0860	0.1185
1686	7	Eat	13	2	-0.0860	0.1185
1687	7	Eat	13	2	-0.0860	0.1185
1688	7	Eat	13	2	-0.0860	0.1185
1689	7	Eat	13	2	-0.0860	0.1185
1690	7	Eat	13	2	-0.0860	0.1185
1691	7	Eat	13	2	-0.0860	0.1185
1692	7	Eat	13	2	-0.0860	0.1185
1693	7	Eat	13	2	-0.0860	0.1185
1694	7	Eat	13	2	-0.0860	0.1185
1695	7	Eat	13	2	-0.0860	0.1185
1696	7	Eat	13	2	-0.0860	0.1185
1697	7	Eat	13	2	-0.0860	0.1185
1698	7	Eat	13	2	-0.0860	0.1185
1699	7	Eat	13	2	-0.0860	0.1185
1700	7	Eat	13	2	-0.0860	0.1185
1701	7	Eat	13	2	-0.0860	0.1185
1702	7	Eat	13	2	-0.0860	0.1185
1703	7	Eat	13	2	-0.0860	0.1185
1704	7	Eat	13	2	-0.0860	0.1185
1705	7	Eat	13	2	-0.0860	0.1185
1706	7	Eat	13	2	-0.0860	0.1185
1707	7	Eat	13	2	-0.0860	0.1185
1708	7	Eat	13	2	-0.0860	0.1185
1709	7	Eat	13	2	-0.0860	0.1185
1710	7	Eat	13	2	-0.0860	0.1185
1711	7	Eat	13	2	-0.0860	0.1185
1712	7	Eat	13	2	-0.0860	0.1185
1713	7	Eat	13	2	-0.0860	0.1185
1714	7	Eat	13	2	-0.0860	0.1185
1715	7	Eat	13	2	-0.0860	0.1185
1716	7	Eat	13	2	-0.0860	0.1185
1717	7	Eat	13	2	-0.0860	0.1185
1718	7	Eat	13	2	-0.0860	0.1185
1719	7	Eat	13	2	-0.0860	0.1185
1720	7	Eat	13	2	-0.0860	0.1185
1721	7	Eat	13	2	-0.0860	0.1185
1722	7	Eat	13	2	-0.0860	0.1185
1723	7	Eat	13	2	-0.0860	0.1185
1724	7	Eat	13	2	-0.0860	0.1185
1725	7	Eat	13	2	-0.0860	0.1185
1726	7	Eat	13	2	-0.0860	0.1185
1727	7	Eat	13	2	-0.0860	0.1185
1728	7	Eat	13	2	-0.0860	0.1185
1729	7	Eat	13	2	-0.0860	0.1185
1730	7	Eat	13	2	-0.0860	0.1185
1731	7	Eat	13	2	-0.0860	0.1185
1732	7	Eat	13	2	-0.0860	0.1185
1733	7	Eat	13	2	-0.0860	0.1185
1734	7	Eat	13	2	-0.0860	0.1185
1735	7	Eat	13	2	-0.0860	0.1185
1736	7	Eat	13	2	-0.0860	0.1185
1737	7	Eat	13	2	-0.0860	0.1185
1738	7	Eat	13	2	-0.0860	0.1185
1739	7	Eat	13	2	-0.0860	0.1185
1740	7	Eat	13	2	-0.0860	0.1185
1741	7	Eat	13	2	-0.0860	0.1185
1742	7	Eat	13	2	-0.0860	0.1185
1743	7	Eat	13	2	-0.0860	0.1185
1744	7	Eat	13	2	-0.0860	0.1185
1745	7	Eat	13	2	-0.0860	0.1185
1746	7	Eat	13	2	-0.0860	0.1185
1747	7	Eat	13	2	-0.0860	0.1185
1748	7	Eat	13	2	-0.0860	0.1185
1749	7	Eat	13	2	-0.0860	0.1185
1750	7	Eat	13	2	-0.0860	0.1185
1751	7	Eat	13	2	-0.0860	0.1185
1752	7	Eat	13	2	-0.0860	0.1185
1753	7	Eat	13	2	-0.0860	0.1185
1754	7	Eat	13	2	-0.0860	0.1185
1755	7	Eat	13	2	-0.0860	0.1185
1756	7	Eat	13	2	-0.0860	0.1185
1757	7	Eat	13	2	-0.0860	0.1185
1758	7	Eat	13	2	-0.0860	0.1185
1759	7	Eat	13	2	-0.0860	0.1185
1760	7	Eat	13	2	-0.0860	0.1185
1761	7	Eat	13	2	-0.0860	0.1185
1762	7	Eat	13	2	-0.0860	0.1185
1763	7	Eat	13	2	-0.0860	0.1185
1764	7	Eat	13	2	-0.0860	0.1185
1765	7	Eat	13	2	-0.0860	0.1185
1766	7	Eat	13	2	-0.0860	0.1185
1767	7	Eat	13	2	-0.0860	0.1185
1768	7	Eat	13	2	-0.0860	0.1185
1769	7	Eat	13	2	-0.0860	0.1185
1770	7	Eat	13	2	-0.0860	0.1185
1771	7	Eat	13	2	-0.0860	0.1185
1772	7	Eat	13	2	-0.0860	0.1185
1773	7	Eat	13	2	-0.0860	0.1185
1774	7	Eat	13	2	-0.0860	0.1185
1775	7	Eat	13	2	-0.0860	0.1185
1776	7	Eat	13	2	-0.0860	0.1185
1777	7	Eat	13	2	-0.0860	0.1185
1778	7	Eat	13	2	-0.0860	0.1185
1779	7	Eat	13	2	-0.0860	0.1185
1780	7	Eat	13	2	-0.0860	0.1185
1781	7	Eat	13	2	-0.0860	0.1185
1782	7	Eat	13	2	-0.0860	0.1185
1783	7	Eat	13	2	-0.0860	0.1185
1784	7	Eat	13	2	-0.0860	0.1185
1785	7	Eat	13	2	-0.0860	0.1185
1786	7	Eat	13	2	-0.0860	0.1185
1787	7	Eat	13	2	-0.0860	0.1185
1788	7	Eat	13	2	-0.0860	0.1185
1789	7	Eat	13	2	-0.0860	0.1185
1790	7	Eat	13	2	-0.0860	0.1185
1791	7	Eat	13	2	-0.0860	0.1185
1792	7	Eat	13	2	-0.0860	0.1185
1793	7	Eat	13	2	-0.0860	0.1185
1794	7	Eat	13	2	-0.0860	0.1185
1795	7	Eat	13	2	-0.0860	0.1185
1796	7	Eat	13	2	-0.0860	0.1185
1797	7	Eat	13	2	-0.0860	0.1185
1798	7	Eat	13	2	-0.0860	0.1185
1799	7	Eat	13	2	-0.0860	0.1185
1800	7	Eat	13	2	-0.0860	0.1185
1801	7	Eat	13	2	-0.0860	0.1185
1802	7	Eat	13	2	-0.0860	0.1185
1803	7	Eat	13	2	-0.0860	0.1185
1804	7	Eat	13	2	-0.0860	0.1185
1805	7	Explore	13	0	-0.0860	0.1185
1806	8	Explore	12	1	-0.0885	0.1176
1807	8	Explore	12	1	-0.0909	0.1168
1808	8	Explore	12	1	-0.0934	0.1159
1809	8	Explore	12	1	-0.0959	0.1150
1810	8	Explore	12	1	-0.0983	0.1141
1811	8	Explore	12	1	-0.0984	0.1141
1812	8	Explore	12	1	-0.0984	0.1141
1813	8	Explore	12	1	-0.0984	0.1142
1814	8	Explore	12	1	-0.0985	0.1142
1815	8	Explore	12	1	-0.0985	0.1142
1816	8	Explore	12	1	-0.0985	0.1142
1817	8	Explore	12	1	-0.0985	0.1143
1818	8	Explore	12	1	-0.0985	0.1143
1819	8	Explore	12	1	-0.0985	0.1143
1820	8	Explore	12	1	-0.0985	0.1143
1821	8	Explore	12	1	-0.0985	0.1143
1822	8	Explore	12	1	-0.0985	0.1144
1823	8	Explore	12	1	-0.0985	0.1144
1824	8	Explore	12	1	-0.0984	0.1144
1825	8	Explore	12	1	-0.0984	0.1144
1826	8	Explore	12	1	-0.0984	0.1144
1827	8	Explore	12	1	-0.0983	0.1145
1828	8	Explore	12	1	-0.0983	0.1145
1829	8	Explore	12	1	-0.1008	0.1154
1830	8	Explore	12	1	-0.1032	0.1163
1831	8	Explore	12	1	-0.1057	0.1173
1832	8	Explore	12	1	-0.1081	0.1182
1833	8	Explore	12	1	-0.1106	0.1191
1834	8	Explore	12	1	-0.1130	0.1201
1835	8	Explore	12	1	-0.1155	0.1210
1836	8	Explore	12	1	-0.1180	0.1219
1837	8	Explore	12	1	-0.1204	0.1228
1838	8	Explore	12	1	-0.1229	0.1238
1839	8	Explore	12	1	-0.1253	0.1247
1840	8	Explore	12	1	-0.1278	0.1256
1841	8	Explore	12	1	-0.1302	0.1266
1842	8	Explore	12	1	-0.1327	0.1275
1843	8	Explore	12	1	-0.1351	0.1284
1844	8	Explore	12	1	-0.1376	0.1294
1845	8	Explore	12	1	-0.1400	0.1303
1846	8	Explore	12	1	-0.1425	0.1312
1847	8	Explore	12	1	-0.1425	0.1312
1848	8	Explore	12	1	-0.1425	0.1312
1849	8	Explore	12	1	-0.1426	0.1312
1850	8	Explore	12	1	-0.1426	0.1311
1851	8	Explore	12	1	-0.1426	0.1311
1852	8	Explore	12	1	-0.1426	0.1311
1853	8	Explore	12	1	-0.1427	0.1311
1854	8	Explore	12	1	-0.1427	0.1311
1855	8	Explore	12	1	-0.1427	0.1310
1856	8	Explore	12	1	-0.1427	0.1310
1857	8	Explore	12	1	-0.1427	0.1310
1858	8	Explore	12	1	-0.1427	0.1310
1859	8	Explore	12	1	-0.1426	0.1310
1860	8	Explore	12	1	-0.1426	0.1309
1861	8	Explore	12	1	-0.1426	0.1309
1862	8	Explore	12	1	-0.1425	0.1309
1863	8	Explore	12	1	-0.1425	0.1309
1864	8	Explore	12	1	-0.1425	0.1308
1865	8	Explore	12	1	-0.1425	0.1308
1866	8	Explore	12	1	-0.1424	0.1308
1867	8	Explore	12	1	-0.1424	0.1308
1868	8	Explore	12	1	-0.1424	0.1308
1869	8	Explore	12	1	-0.1424	0.1308
1870	8	Explore	12	1	-0.1446	0.1294
1871	8	Explore	12	1	-0.1469	0.1281
1872	8	Explore	12	1	-0.1491	0.1267
1873	8	Explore	12	1	-0.1514	0.1254
1874	8	Explore	12	1	-0.1537	0.1240
1875	8	Explore	12	1	-0.1559	0.1227
1876	8	Explore	12	1	-0.1582	0.1214
1877	8	Hide	12	1	-0.1604	0.1200
1878	9	Hide	11	2	-0.1604	0.1200
1879	9	Hide	11	2	-0.1604	0.1200
1880	9	Hide	11	2	-0.1604	0.1201
1881	9	Hide	11	2	-0.1604	0.1201
1882	9	Hide	11	2	-0.1604	0.1201
1883	9	Hide	11	2	-0.1604	0.1201
1884	9	Hide	11	2	-0.1629	0.1193
1885	9	Hide	11	2	-0.1630	0.1194
1886	9	Hide	11	2	-0.1630	0.1194
1887	9	Hide	11	2	-0.1630	0.1194
1888	9	Hide	11	2	-0.1630	0.1194
1889	9	Hide	11	2	-0.1656	0.1190
1890	9	Hide	11	2	-0.1657	0.1191
1891	9	Hide	11	2	-0.1683	0.1188
1892	9	Hide	11	2	-0.1709	0.1185
1893	9	Hide	11	2	-0.1735	0.1182
1894	9	Hide	11	2	-0.1761	0.1179
1895	9	Hide	11	2	-0.1787	0.1177
1896	9	Hide	11	2	-0.1813	0.1174
1897	9	Hide	11	2	-0.1839	0.1171
1898	9	Hide	11	2	-0.1865	0.1168
1899	9	Hide	11	2	-0.1892	0.1166
1900	9	Hide	11	2	-0.1918	0.1163
1901	9	Hide	11	2	-0.1944	0.1160
1902	9	Hide	11	2	-0.1970	0.1157
1903	9	Hide	11	2	-0.1996	0.1154
1904	9	Hide	11	2	-0.2022	0.1152
1905	9	Hide	11	2	-0.2048	0.1149
1906	9	Hide	11	2	-0.2074	0.1146
1907	9	Hide	11	2	-0.2074	0.1146
1908	9	Hide	11	2	-0.2074	0.1147
1909	9	Hide	11	2	-0.2074	0.1147
1910	9	Hide	11	2	-0.2101	0.1147
1911	9	Hide	11	2	-0.2127	0.1147
1912	9	Hide	11	2	-0.2127	0.1148
1913	9	Hide	11	2	-0.2127	0.1148
1914	9	Hide	11	2	-0.2153	0.1150
1915	9	Hide	11	2	-0.2153	0.1150
1916	9	Hide	11	2	-0.2153	0.1150
1917	9	Hide	11	2	-0.2179	0.1155
1918	9	Hide	11	2	-0.2205	0.1159
1919	9	Hide	11	2	-0.2231	0.1164
1920	9	Hide	11	2	-0.2257	0.1168
1921	9	Hide	11	2	-0.2282	0.1172
1922	9	Hide	11	2	-0.2308	0.1177
1923	9	Hide	11	2	-0.2334	0.1181
1924	9	Hide	11	2	-0.2360	0.1186
1925	9	Hide	11	2	-0.2386	0.1190
1926	9	Hide	11	2	-0.2412	0.1194
1927	9	Hide	11	2	-0.2438	0.1199
1928	9	Hide	11	2	-0.2464	0.1203
1929	9	Hide	11	2	-0.2489	0.1208
1930	9	Hide	11	2	-0.2515	0.1212
1931	9	Hide	11	2	-0.2541	0.1216
1932	9	Hide	11	2	-0.2567	0.1221
1933	9	Hide	11	2	-0.2593	0.1225
1934	9	Hide	11	2	-0.2619	0.1230
1935	9	Hide	11	2	-0.2645	0.1234
1936	9	Hide	11	2	-0.2671	0.1238
1937	9	Hide	11	2	-0.2696	0.1243
1938	9	Hide	11	2	-0.2722	0.1247
1939	9	Hide	11	2	-0.2748	0.1252
1940	9	Hide	11	2	-0.2774	0.1256
1941	9	Hide	11	2	-0.2800	0.1260
1942	9	Hide	11	2	-0.2826	0.1265
1943	9	Hide	11	2	-0.2852	0.1269
1944	9	Hide	11	2	-0.2878	0.1274
1945	9	Hide	11	2	-0.2904	0.1278
1946	9	Hide	11	2	-0.2929	0.1282
1947	9	Hide	11	2	-0.2955	0.1287
1948	9	Hide	11	2	-0.2981	0.1291
1949	9	Hide	11	2	-0.3007	0.1296
1950	9	Hide	11	2	-0.3033	0.1300
1951	9	Hide	11	2	-0.3059	0.1304
1952	9	Hide	11	2	-0.3085	0.1309
1953	9	Hide	11	2	-0.3111	0.1313
1954	9	Hide	11	2	-0.3136	0.1317
1955	9	Hide	11	2	-0.3162	0.1322
1956	9	Hide	11	2	-0.3188	0.1326
1957	9	Hide	11	2	-0.3214	0.1331
1958	9	Hide	11	2	-0.3240	0.1335
1959	9	Hide	11	2	-0.3266	0.1339
1960	9	Hide	11	2	-0.3292	0.1344
1961	9	Hide	11	2	-0.3318	0.1348
1962	9	Hide	11	2	-0.3343	0.1353
1963	9	Hide	11	2	-0.3369	0.1357
1964	9	Hide	11	2	-0.3395	0.1361
1965	9	Hide	11	2	-0.3421	0.1366
1966	9	Hide	11	2	-0.3447	0.1370
1967	9	Hide	11	2	-0.3473	0.1375
1968	9	Hide	11	2	-0.3499	0.1379
1969	9	Hide	11	2	-0.3525	0.1383
1970	9	Hide	11	2	-0.3550	0.1388
1971	9	Hide	11	2	-0.3576	0.1392
1972	9	Hide	11	2	-0.3602	0.1397
1973	9	Hide	11	2	-0.3628	0.1401
1974	9	Hide	11	2	-0.3654	0.1405
1975	9	Hide	11	2	-0.3680	0.1410
1976	9	Hide	11	2	-0.3706	0.1414
1977	9	Hide	11	2	-0.3732	0.1419
1978	9	Hide	11	2	-0.3757	0.1423
1979	9	Hide	11	2	-0.3783	0.1427
1980	9	Hide	11	2	-0.3809	0.1432
1981	9	Hide	11	2	-0.3835	0.1436
1982	9	Hide	11	2	-0.3861	0.1441
1983	9	Hide	11	2	-0.3887	0.1445
1984	9	Hide	11	2	-0.3913	0.1450
1985	9	Hide	11	2	-0.3939	0.1454
1986	9	Hide	11	2	-0.3964	0.1458
1987	9	Hide	11	2	-0.3990	0.1463
1988	9	Hide	11	2	-0.4016	0.1467
1989	9	Hide	11	2	-0.4042	0.1472
1990	9	Hide	11	2	-0.4068	0.1476
1991	9	Hide	11	2	-0.4094	0.1480
1992	9	Hide	11	2	-0.4120	0.1485
1993	9	Hide	11	2	-0.4146	0.1489
1994	9	Hide	11	2	-0.4171	0.1494
1995	9	Hide	11	2	-0.4197	0.1498
1996	9	Hide	11	2	-0.4223	0.1502
1997	9	Hide	11	2	-0.4249	0.1507
1998	9	Hide	11	2	-0.4275	0.1511
1999	9	Hide	11	2	-0.4301	0.1516
2000	9	Hide	11	2	-0.4327	0.1520
2001	9	Hide	11	2	-0.4353	0.1524
2002	9	Hide	11	2	-0.4378	0.1529
2003	9	Hide	11	2	-0.4404	0.1533
2004	9	Hide	11	2	-0.4430	0.1538
2005	9	Hide	11	2	-0.4456	0.1542
2006	9	Hide	11	2	-0.4482	0.1546
2007	9	Hide	11	2	-0.4508	0.1551
2008	9	Hide	11	2	-0.4534	0.1555
2009	9	Hide	11	2	-0.4560	0.1560
2010	9	Hide	11	2	-0.4585	0.1564
2011	9	Hide	11	2	-0.4611	0.1568
2012	9	Hide	11	2	-0.4637	0.1573
2013	9	Hide	11	2	-0.4663	0.1577
2014	9	Hide	11	2	-0.4689	0.1582
2015	9	Hide	11	2	-0.4689	0.1582
2016	9	Hide	11	2	-0.4689	0.1582
2017	9	Hide	11	2	-0.4689	0.1582
2018	9	Hide	11	2	-0.4689	0.1582
2019	9	Hide	11	2	-0.4689	0.1582
2020	9	Hide	11	2	-0.4689	0.1582
2021	9	Hide	11	2	-0.4689	0.1582
2022	9	Hide	11	2	-0.4689	0.1582
2023	9	Hide	11	2	-0.4689	0.1582
2024	9	Hide	11	2	-0.4689	0.1582
2025	9	Hide	11	2	-0.4689	0.1582
2026	9	Hide	11	2	-0.4689	0.1582
2027	9	Hide	11	2	-0.4689	0.1582
2028	9	Hide	11	2	-0.4689	0.1582
2029	9	Hide	11	2	-0.4689	0.1582
2030	9	Hide	11	2	-0.4689	0.1582
2031	9	Hide	11	2	-0.4689	0.1582
2032	9	Hide	11	2	-0.4689	0.1582
2033	9	Hide	11	2	-0.4689	0.1582
2034	9	Hide	11	2	-0.4689	0.1582
2035	9	Hide	11	2	-0.4689	0.1582
2036	9	Hide	11	2	-0.4689	0.1582
2037	9	Hide	11	2	-0.4689	0.1582
2038	9	Hide	11	2	-0.4689	0.1582
2039	9	Hide	11	2	-0.4689	0.1582
2040	9	Hide	11	2	-0.4689	0.1582
2041	9	Hide	11	2	-0.4689	0.1582
2042	9	Hide	11	2	-0.4689	0.1582
2043	9	Hide	11	2	-0.4689	0.1582
2044	9	Hide	11	2	-0.4689	0.1582
2045	9	Hide	11	2	-0.4689	0.1582
2046	9	Hide	11	2	-0.4689	0.1582
2047	9	Hide	11	2	-0.4689	0.1582
2048	9	Hide	11	2	-0.4689	0.1582
2049	9	Hide	11	2	-0.4689	0.1582
2050	9	Hide	11	2	-0.4689	0.1582
2051	9	Hide	11	2	-0.4689	0.1582
2052	9	Hide	11	2	-0.4689	0.1582
2053	9	Hide	11	2	-0.4689	0.1582
2054	9	Hide	11	2	-0.4689	0.1582
2055	9	Hide	11	2	-0.4689	0.1582
2056	9	Hide	11	2	-0.4689	0.1582
2057	9	Hide	11	2	-0.4689	0.1582
2058	9	Hide	11	2	-0.4689	0.1582
2059	9	Hide	11	2	-0.4689	0.1582
2060	9	Hide	11	2	-0.4689	0.1582
2061	9	Hide	11	2	-0.4689	0.1582
2062	9	Hide	11	2	-0.4689	0.1582
2063	9	Hide	11	2	-0.4689	0.1582
2064	9	Hide	11	2	-0.4689	0.1582
2065	9	Hide	11	2	-0.4689	0.1582
2066	9	Hide	11	2	-0.4689	0.1582
2067	9	Hide	11	2	-0.4689	0.1582
2068	9	Hide	11	2	-0.4689	0.1582
2069	9	Hide	11	2	-0.4689	0.1582
2070	9	Hide	11	2	-0.4689	0.1582
2071	9	Hide	11	2	-0.4689	0.1582
2072	9	Hide	11	2	-0.4689	0.1582
2073	9	Hide	11	2	-0.4689	0.1582
2074	9	Hide	11	2	-0.4689	0.1582
2075	9	Hide	11	2	-0.4689	0.1582
2076	9	Hide	11	2	-0.4689	0.1582
2077	9	Hide	11	2	-0.4689	0.1582
2078	9	Hide	11	2	-0.4689	0.1582
2079	9	Hide	11	2	-0.4689	0.1582
2080	9	Hide	11	2	-0.4689	0.1582
2081	9	Hide	11	2	-0.4689	0.1582
2082	9	Hide	11	2	-0.4689	0.1582
2083	9	Hide	11	2	-0.4689	0.1582
2084	9	Hide	11	2	-0.4689	0.1582
2085	9	Hide	11	2	-0.4689	0.1582
2086	9	Hide	11	2	-0.4689	0.1582
2087	9	Hide	11	2	-0.4689	0.1582
2088	9	Hide	11	2	-0.4689	0.1582
2089	9	Hide	11	2	-0.4689	0.1582
2090	9	Hide	11	2	-0.4689	0.1582
2091	9	Hide	11	2	-0.4689	0.1582
2092	9	Hide	11	2	-0.4689	0.1582
2093	9	Hide	11	2	-0.4689	0.1582
2094	9	Hide	11	2	-0.4689	0.1582
2095	9	Hide	11	2	-0.4689	0.1582
2096	9	Hide	11	2	-0.4689	0.1582
2097	9	Hide	11	2	-0.4689	0.1582
2098	9	Hide	11	2	-0.4689	0.1582
2099	9	Hide	11	2	-0.4689	0.1582
2100	9	Hide	11	2	-0.4689	0.1582
2101	9	Hide	11	2	-0.4689	0.1582
2102	9	Hide	11	2	-0.4689	0.1582
2103	9	Hide	11	2	-0.4689	0.1582
2104	9	Hide	11	2	-0.4689	0.1582
2105	9	Hide	11	2	-0.4689	0.1582
2106	9	Hide	11	2	-0.4689	0.1582
2107	9	Hide	11	2	-0.4689	0.1582
2108	9	Hide	11	2	-0.4689	0.1582
2109	9	Hide	11	2	-0.4689	0.1582
2110	9	Hide	11	2	-0.4689	0.1582
2111	9	Hide	11	2	-0.4689	0.1582
2112	9	Hide	11	2	-0.4689	0.1582
2113	9	Hide	11	2	-0.4689	0.1582
2114	9	Explore	11	2	-0.4689	0.1582
2115	10	Explore	10	3	-0.4689	0.1581
2116	10	Explore	10	3	-0.4689	0.1581
2117	10	Explore	10	3	-0.4689	0.1581
2118	10	Explore	10	3	-0.4689	0.1581
2119	10	Explore	10	3	-0.4689	0.1581
2120	10	Explore	10	3	-0.4689	0.1580
2121	10	Explore	10	3	-0.4689	0.1580
2122	10	Explore	10	3	-0.4689	0.1580
2123	10	Explore	10	3	-0.4689	0.1580
2124	10	Explore	10	3	-0.4688	0.1580
2125	10	Explore	10	3	-0.4688	0.1579
2126	10	Explore	10	3	-0.4688	0.1579
2127	10	Explore	10	3	-0.4688	0.1579
2128	10	Explore	10	3	-0.4687	0.1579
2129	10	Explore	10	3	-0.4687	0.1579
2130	10	Explore	10	3	-0.4687	0.1578
2131	10	Explore	10	3	-0.4687	0.1578
2132	10	Explore	10	3	-0.4687	0.1578
2133	10	Explore	10	3	-0.4687	0.1578
2134	10	Explore	10	3	-0.4686	0.1578
2135	10	Explore	10	3	-0.4686	0.1578
2136	10	Explore	10	3	-0.4686	0.1577
2137	10	Explore	10	3	-0.4686	0.1577
2138	10	Explore	10	3	-0.4686	0.1577
2139	10	Explore	10	3	-0.4686	0.1577
2140	10	Explore	10	3	-0.4685	0.1577
2141	10	Explore	10	3	-0.4685	0.1577
2142	10	Explore	10	3	-0.4685	0.1576
2143	10	Explore	10	3	-0.4685	0.1576
2144	10	Explore	10	3	-0.4685	0.1576
2145	10	Explore	10	3	-0.4685	0.1576
2146	10	Explore	10	3	-0.4684	0.1576
2147	10	Explore	10	3	-0.4684	0.1576
2148	10	Explore	10	3	-0.4684	0.1575
2149	10	Explore	10	3	-0.4684	0.1575
2150	10	Explore	10	3	-0.4684	0.1575
2151	10	Explore	10	3	-0.4683	0.1575
2152	10	Explore	10	3	-0.4683	0.1575
2153	10	Explore	10	3	-0.4683	0.1574
2154	10	Explore	10	3	-0.4680	0.1574
2155	10	Explore	10	3	-0.4675	0.1574
2156	10	Explore	10	3	-0.4671	0.1574
2157	10	Explore	10	3	-0.4667	0.1574
2158	10	Explore	10	3	-0.4663	0.1574
2159	10	Explore	10	3	-0.4659	0.1574
2160	10	Explore	10	3	-0.4654	0.1574
2161	10	Explore	10	3	-0.4648	0.1574
2162	10	Explore	10	3	-0.4644	0.1574
2163	10	Explore	10	3	-0.4639	0.1574
2164	10	Explore	10	3	-0.4636	0.1574
2165	10	Explore	10	3	-0.4632	0.1574
2166	10	Explore	10	3	-0.4630	0.1574
2167	10	Explore	10	3	-0.4629	0.1575
2168	10	Explore	10	3	-0.4621	0.1550
2169	10	Explore	10	3	-0.4613	0.1525
2170	10	Explore	10	3	-0.4605	0.1500
2171	10	Explore	10	3	-0.4597	0.1475
2172	10	Explore	10	3	-0.4589	0.1450
2173	10	Explore	10	3	-0.4581	0.1425
2174	10	Explore	10	3	-0.4572	0.1400
2175	10	Explore	10	3	-0.4564	0.1375
2176	10	Explore	10	3	-0.4556	0.1350
2177	10	Explore	10	3	-0.4548	0.1325
2178	10	Explore	10	3	-0.4540	0.1300
2179	10	Explore	10	3	-0.4532	0.1275
2180	10	Explore	10	3	-0.4524	0.1250
2181	10	Explore	10	3	-0.4516	0.1225
2182	10	Explore	10	3	-0.4508	0.1200
2183	10	Explore	10	3	-0.4500	0.1175
2184	10	Explore	10	3	-0.4492	0.1150
2185	10	Explore	10	3	-0.4483	0.1125
2186	10	Explore	10	3	-0.4475	0.1100
2187	10	Explore	10	3	-0.4467	0.1075
2188	10	Explore	10	3	-0.4459	0.1050
2189	10	Explore	10	3	-0.4451	0.1025
2190	10	Explore	10	3	-0.4443	0.1000
2191	10	Explore	10	3	-0.4443	0.1000
2192	10	Explore	10	3	-0.4443	0.1000
2193	10	Explore	10	3	-0.4444	0.1000
2194	10	Explore	10	3	-0.4444	0.0999
2195	10	Explore	10	3	-0.4444	0.0999
2196	10	Explore	10	3	-0.4444	0.0999
2197	10	Explore	10	3	-0.4444	0.0999
2198	10	Explore	10	3	-0.4445	0.0999
2199	10	Explore	10	3	-0.4445	0.0999
2200	10	Explore	10	3	-0.4445	0.0999
2201	10	Explore	10	3	-0.4445	0.0999
2202	10	Explore	10	3	-0.4445	0.0999
2203	10	Explore	10	3	-0.4446	0.0999
2204	10	Explore	10	3	-0.4446	0.0999
2205	10	Explore	10	3	-0.4446	0.0999
2206	10	Explore	10	3	-0.4446	0.0999
2207	10	Explore	10	3	-0.4446	0.0999
2208	10	Explore	10	3	-0.4447	0.0999
2209	10	Explore	10	3	-0.4447	0.0999
2210	10	Explore	10	3	-0.4447	0.0999
2211	10	Explore	10	3	-0.4447	0.0999
2212	10	Explore	10	3	-0.4447	0.0999
2213	10	Explore	10	3	-0.4448	0.0999
2214	10	Explore	10	3	-0.4448	0.1000
2215	10	Explore	10	3	-0.4448	0.1000
2216	10	Explore	10	3	-0.4448	0.1000
2217	10	Explore	10	3	-0.4465	0.0980
2218	10	Explore	10	3	-0.4482	0.0960
2219	10	Explore	10	3	-0.4499	0.0940
2220	10	Explore	10	3	-0.4516	0.0919
2221	10	Explore	10	3	-0.4532	0.0899
2222	10	Explore	10	3	-0.4549	0.0879
2223	10	Explore	10	3	-0.4549	0.0879
2224	10	Explore	10	3	-0.4549	0.0879
2225	10	Explore	10	3	-0.4549	0.0879
2226	10	Explore	10	3	-0.4563	0.0857
2227	10	Explore	10	3	-0.4563	0.0857
2228	10	Explore	10	3	-0.4563	0.0856
2229	10	Explore	10	3	-0.4563	0.0856
2230	10	Explore	10	3	-0.4563	0.0856
2231	10	Explore	10	3	-0.4562	0.0856
2232	10	Explore	10	3	-0.4562	0.0856
2233	10	Explore	10	3	-0.4562	0.0856
2234	10	Explore	10	3	-0.4562	0.0855
2235	10	Explore	10	3	-0.4562	0.0855
2236	10	Explore	10	3	-0.4561	0.0855
2237	10	Explore	10	3	-0.4561	0.0854
2238	10	Explore	10	3	-0.4561	0.0854
2239	10	Explore	10	3	-0.4561	0.0854
2240	10	Explore	10	3	-0.4563	0.0828
2241	10	Explore	10	3	-0.4562	0.0827
2242	10	Explore	10	3	-0.4563	0.0801
2243	10	Explore	10	3	-0.4564	0.0775
2244	10	Explore	10	3	-0.4564	0.0775
2245	10	Explore	10	3	-0.4564	0.0749
2246	10	Explore	10	3	-0.4563	0.0722
2247	10	Explore	10	3	-0.4563	0.0696
2248	10	Explore	10	3	-0.4563	0.0670
2249	10	Explore	10	3	-0.4563	0.0644
2250	10	Explore	10	3	-0.4562	0.0617
2251	10	Explore	10	3	-0.4562	0.0591
2252	10	Explore	10	3	-0.4562	0.0565
2253	10	Explore	10	3	-0.4562	0.0539
2254	10	Explore	10	3	-0.4562	0.0512
2255	10	Explore	10	3	-0.4561	0.0512
2256	10	Explore	10	3	-0.4561	0.0512
2257	10	Explore	10	3	-0.4561	0.0512
2258	10	Explore	10	3	-0.4561	0.0513
2259	10	Explore	10	3	-0.4561	0.0513
2260	10	Explore	10	3	-0.4560	0.0513
2261	10	Explore	10	3	-0.4560	0.0513
2262	10	Explore	10	3	-0.4560	0.0514
2263	10	Explore	10	3	-0.4560	0.0514
2264	10	Explore	10	3	-0.4560	0.0514
2265	10	Explore	10	3	-0.4559	0.0514
2266	10	Explore	10	3	-0.4559	0.0514
2267	10	Explore	10	3	-0.4559	0.0514
2268	10	Explore	10	3	-0.4559	0.0514
2269	10	Explore	10	3	-0.4559	0.0514
2270	10	Explore	10	3	-0.4558	0.0514
2271	10	Explore	10	3	-0.4558	0.0515
2272	10	Explore	10	3	-0.4558	0.0515
2273	10	Explore	10	3	-0.4558	0.0515
2274	10	Explore	10	3	-0.4558	0.0515
2275	10	Explore	10	3	-0.4558	0.0515
