TimeStep	Transitions	State	FearLevel	HungerLevel	PosX	posZ
0	0	Hide	20	0	0.1863	-0.1251
1	1	Hide	19	1	0.1863	-0.1251
2	1	Hide	19	1	0.1864	-0.1251
3	1	Hide	19	1	0.1864	-0.1251
4	1	Hide	19	1	0.1864	-0.1251
5	1	Hide	19	1	0.1864	-0.1251
6	1	Hide	19	1	0.1859	-0.1225
7	1	Hide	19	1	0.1854	-0.1200
8	1	Hide	19	1	0.1849	-0.1174
9	1	Hide	19	1	0.1844	-0.1148
10	1	Hide	19	1	0.1840	-0.1122
11	1	Hide	19	1	0.1835	-0.1096
12	1	Hide	19	1	0.1830	-0.1071
13	1	Hide	19	1	0.1825	-0.1045
14	1	Hide	19	1	0.1820	-0.1019
15	1	Hide	19	1	0.1815	-0.0993
16	1	Hide	19	1	0.1810	-0.0968
17	1	Hide	19	1	0.1805	-0.0942
18	1	Hide	19	1	0.1800	-0.0916
19	1	Hide	19	1	0.1795	-0.0890
20	1	Hide	19	1	0.1790	-0.0864
21	1	Hide	19	1	0.1785	-0.0839
22	1	Hide	19	1	0.1780	-0.0813
23	1	Hide	19	1	0.1776	-0.0787
24	1	Hide	19	1	0.1771	-0.0761
25	1	Hide	19	1	0.1766	-0.0736
26	1	Hide	19	1	0.1761	-0.0710
27	1	Hide	19	1	0.1756	-0.0684
28	1	Hide	19	1	0.1751	-0.0658
29	1	Hide	19	1	0.1746	-0.0632
30	1	Hide	19	1	0.1741	-0.0607
31	1	Hide	19	1	0.1736	-0.0581
32	1	Hide	19	1	0.1731	-0.0555
33	1	Hide	19	1	0.1726	-0.0529
34	1	Hide	19	1	0.1721	-0.0503
35	1	Hide	19	1	0.1716	-0.0478
36	1	Hide	19	1	0.1712	-0.0452
37	1	Hide	19	1	0.1707	-0.0426
38	1	Hide	19	1	0.1702	-0.0400
39	1	Hide	19	1	0.1697	-0.0375
40	1	Hide	19	1	0.1692	-0.0349
41	1	Hide	19	1	0.1687	-0.0323
42	1	Hide	19	1	0.1682	-0.0297
43	1	Hide	19	1	0.1677	-0.0271
44	1	Hide	19	1	0.1672	-0.0246
45	1	Hide	19	1	0.1667	-0.0220
46	1	Hide	19	1	0.1662	-0.0194
47	1	Hide	19	1	0.1657	-0.0168
48	1	Hide	19	1	0.1652	-0.0143
49	1	Hide	19	1	0.1648	-0.0117
50	1	Hide	19	1	0.1643	-0.0091
51	1	Hide	19	1	0.1638	-0.0065
52	1	Hide	19	1	0.1633	-0.0039
53	1	Hide	19	1	0.1628	-0.0014
54	1	Hide	19	1	0.1623	0.0012
55	1	Hide	19	1	0.1618	0.0038
56	1	Hide	19	1	0.1613	0.0064
57	1	Hide	19	1	0.1608	0.0090
58	1	Hide	19	1	0.1603	0.0115
59	1	Hide	19	1	0.1598	0.0141
60	1	Hide	19	1	0.1593	0.0167
61	1	Hide	19	1	0.1588	0.0193
62	1	Hide	19	1	0.1583	0.0218
63	1	Hide	19	1	0.1579	0.0244
64	1	Hide	19	1	0.1574	0.0270
65	1	Hide	19	1	0.1569	0.0296
66	1	Hide	19	1	0.1564	0.0322
67	1	Hide	19	1	0.1559	0.0347
68	1	Hide	19	1	0.1554	0.0373
69	1	Hide	19	1	0.1549	0.0399
70	1	Hide	19	1	0.1544	0.0425
71	1	Hide	19	1	0.1539	0.0450
72	1	Hide	19	1	0.1534	0.0476
73	1	Hide	19	1	0.1529	0.0502
74	1	Hide	19	1	0.1524	0.0528
75	1	Hide	19	1	0.1519	0.0554
76	1	Hide	19	1	0.1514	0.0579
77	1	Hide	19	1	0.1510	0.0605
78	1	Hide	19	1	0.1505	0.0631
79	1	Hide	19	1	0.1500	0.0657
80	1	Hide	19	1	0.1495	0.0682
81	1	Hide	19	1	0.1490	0.0708
82	1	Hide	19	1	0.1485	0.0734
83	1	Hide	19	1	0.1480	0.0760
84	1	Hide	19	1	0.1475	0.0786
85	1	Hide	19	1	0.1470	0.0811
86	1	Hide	19	1	0.1465	0.0837
87	1	Hide	19	1	0.1460	0.0863
88	1	Hide	19	1	0.1455	0.0889
89	1	Hide	19	1	0.1450	0.0915
90	1	Hide	19	1	0.1445	0.0940
91	1	Hide	19	1	0.1440	0.0966
92	1	Hide	19	1	0.1436	0.0992
93	1	Hide	19	1	0.1431	0.1018
94	1	Hide	19	1	0.1426	0.1043
95	1	Hide	19	1	0.1421	0.1069
96	1	Hide	19	1	0.1416	0.1095
97	1	Hide	19	1	0.1411	0.1121
98	1	Hide	19	1	0.1406	0.1147
99	1	Hide	19	1	0.1401	0.1172
100	1	Hide	19	1	0.1396	0.1198
101	1	Hide	19	1	0.1391	0.1224
102	1	Hide	19	1	0.1386	0.1250
103	1	Hide	19	1	0.1381	0.1275
104	1	Hide	19	1	0.1376	0.1301
105	1	Hide	19	1	0.1371	0.1327
106	1	Hide	19	1	0.1367	0.1353
107	1	Hide	19	1	0.1362	0.1379
108	1	Hide	19	1	0.1357	0.1404
109	1	Hide	19	1	0.1352	0.1430
110	1	Hide	19	1	0.1347	0.1456
111	1	Hide	19	1	0.1342	0.1482
112	1	Hide	19	1	0.1337	0.1507
113	1	Hide	19	1	0.1332	0.1533
114	1	Hide	19	1	0.1327	0.1559
115	1	Hide	19	1	0.1322	0.1585
116	1	Hide	19	1	0.1317	0.1611
117	1	Hide	19	1	0.1312	0.1636
118	1	Hide	19	1	0.1307	0.1662
119	1	Hide	19	1	0.1302	0.1688
120	1	Hide	19	1	0.1297	0.1714
121	1	Hide	19	1	0.1292	0.1739
122	1	Hide	19	1	0.1288	0.1765
123	1	Hide	19	1	0.1283	0.1791
124	1	Hide	19	1	0.1278	0.1817
125	1	Hide	19	1	0.1273	0.1843
126	1	Hide	19	1	0.1268	0.1868
127	1	Hide	19	1	0.1263	0.1894
128	1	Hide	19	1	0.1258	0.1920
129	1	Hide	19	1	0.1253	0.1946
130	1	Hide	19	1	0.1248	0.1971
131	1	Hide	19	1	0.1243	0.1997
132	1	Hide	19	1	0.1238	0.2023
133	1	Hide	19	1	0.1233	0.2049
134	1	Hide	19	1	0.1228	0.2075
135	1	Hide	19	1	0.1223	0.2100
136	1	Hide	19	1	0.1218	0.2126
137	1	Hide	19	1	0.1213	0.2152
138	1	Hide	19	1	0.1209	0.2178
139	1	Hide	19	1	0.1204	0.2204
140	1	Hide	19	1	0.1199	0.2229
141	1	Hide	19	1	0.1194	0.2255
142	1	Hide	19	1	0.1189	0.2281
143	1	Hide	19	1	0.1184	0.2307
144	1	Hide	19	1	0.1179	0.2332
145	1	Hide	19	1	0.1174	0.2358
146	1	Hide	19	1	0.1169	0.2384
147	1	Hide	19	1	0.1164	0.2410
148	1	Hide	19	1	0.1159	0.2436
149	1	Hide	19	1	0.1154	0.2461
150	1	Hide	19	1	0.1149	0.2487
151	1	Hide	19	1	0.1144	0.2513
152	1	Hide	19	1	0.1139	0.2539
153	1	Hide	19	1	0.1134	0.2564
154	1	Hide	19	1	0.1130	0.2590
155	1	Hide	19	1	0.1125	0.2616
156	1	Hide	19	1	0.1120	0.2642
157	1	Hide	19	1	0.1115	0.2668
158	1	Hide	19	1	0.1110	0.2693
159	1	Hide	19	1	0.1105	0.2719
160	1	Hide	19	1	0.1100	0.2745
161	1	Hide	19	1	0.1095	0.2771
162	1	Hide	19	1	0.1090	0.2796
163	1	Hide	19	1	0.1085	0.2822
164	1	Hide	19	1	0.1080	0.2848
165	1	Hide	19	1	0.1075	0.2874
166	1	Hide	19	1	0.1070	0.2900
167	1	Hide	19	1	0.1065	0.2925
168	1	Hide	19	1	0.1060	0.2951
169	1	Hide	19	1	0.1055	0.2977
170	1	Hide	19	1	0.1050	0.3003
171	1	Hide	19	1	0.1046	0.3028
172	1	Hide	19	1	0.1041	0.3054
173	1	Hide	19	1	0.1036	0.3080
174	1	Hide	19	1	0.1031	0.3106
175	1	Hide	19	1	0.1026	0.3132
176	1	Hide	19	1	0.1021	0.3157
177	1	Hide	19	1	0.1016	0.3183
178	1	Hide	19	1	0.1011	0.3209
179	1	Hide	19	1	0.1006	0.3235
180	1	Hide	19	1	0.1001	0.3260
181	1	Hide	19	1	0.0996	0.3286
182	1	Hide	19	1	0.0991	0.3312
183	1	Hide	19	1	0.0986	0.3338
184	1	Hide	19	1	0.0981	0.3364
185	1	Hide	19	1	0.0976	0.3389
186	1	Hide	19	1	0.0971	0.3415
187	1	Hide	19	1	0.0966	0.3441
188	1	Hide	19	1	0.0961	0.3467
189	1	Hide	19	1	0.0957	0.3492
190	1	Hide	19	1	0.0952	0.3518
191	1	Hide	19	1	0.0947	0.3544
192	1	Hide	19	1	0.0942	0.3570
193	1	Hide	19	1	0.0937	0.3596
194	1	Hide	19	1	0.0932	0.3621
195	1	Hide	19	1	0.0927	0.3647
196	1	Hide	19	1	0.0922	0.3673
197	1	Hide	19	1	0.0917	0.3699
198	1	Hide	19	1	0.0912	0.3724
199	1	Hide	19	1	0.0907	0.3750
200	1	Hide	19	1	0.0902	0.3776
201	1	Hide	19	1	0.0897	0.3802
202	1	Hide	19	1	0.0892	0.3828
203	1	Hide	19	1	0.0887	0.3853
204	1	Hide	19	1	0.0882	0.3879
205	1	Hide	19	1	0.0877	0.3905
206	1	Hide	19	1	0.0872	0.3931
207	1	Hide	19	1	0.0868	0.3956
208	1	Hide	19	1	0.0863	0.3982
209	1	Hide	19	1	0.0858	0.4008
210	1	Hide	19	1	0.0853	0.4034
211	1	Hide	19	1	0.0848	0.4060
212	1	Hide	19	1	0.0843	0.4085
213	1	Hide	19	1	0.0838	0.4111
214	1	Hide	19	1	0.0833	0.4137
215	1	Hide	19	1	0.0828	0.4163
216	1	Hide	19	1	0.0823	0.4188
217	1	Hide	19	1	0.0818	0.4214
218	1	Hide	19	1	0.0813	0.4240
219	1	Hide	19	1	0.0808	0.4266
220	1	Hide	19	1	0.0803	0.4292
221	1	Hide	19	1	0.0798	0.4317
222	1	Hide	19	1	0.0793	0.4343
223	1	Hide	19	1	0.0788	0.4369
224	1	Hide	19	1	0.0783	0.4395
225	1	Hide	19	1	0.0778	0.4420
226	1	Hide	19	1	0.0773	0.4446
227	1	Hide	19	1	0.0769	0.4472
228	1	Hide	19	1	0.0764	0.4498
229	1	Hide	19	1	0.0759	0.4524
230	1	Hide	19	1	0.0754	0.4549
231	1	Hide	19	1	0.0749	0.4575
232	1	Hide	19	1	0.0744	0.4601
233	1	Hide	19	1	0.0739	0.4627
234	1	Hide	19	1	0.0734	0.4652
235	1	Hide	19	1	0.0729	0.4678
236	1	Hide	19	1	0.0729	0.4678
237	1	Hide	19	1	0.0729	0.4678
238	1	Hide	19	1	0.0729	0.4678
239	1	Hide	19	1	0.0729	0.4678
240	1	Hide	19	1	0.0729	0.4678
241	1	Hide	19	1	0.0729	0.4678
242	1	Hide	19	1	0.0729	0.4678
243	1	Hide	19	1	0.0729	0.4678
244	1	Hide	19	1	0.0729	0.4678
245	1	Hide	19	1	0.0729	0.4678
246	1	Hide	19	1	0.0729	0.4678
247	1	Hide	19	1	0.0729	0.4678
248	1	Hide	19	1	0.0729	0.4678
249	1	Hide	19	1	0.0729	0.4678
250	1	Hide	19	1	0.0729	0.4678
251	1	Hide	19	1	0.0729	0.4678
252	1	Hide	19	1	0.0729	0.4678
253	1	Hide	19	1	0.0729	0.4678
254	1	Hide	19	1	0.0729	0.4678
255	1	Hide	19	1	0.0729	0.4678
256	1	Hide	19	1	0.0729	0.4678
257	1	Hide	19	1	0.0729	0.4678
258	1	Hide	19	1	0.0729	0.4678
259	1	Hide	19	1	0.0729	0.4678
260	1	Hide	19	1	0.0729	0.4678
261	1	Hide	19	1	0.0729	0.4678
262	1	Hide	19	1	0.0729	0.4678
263	1	Hide	19	1	0.0729	0.4678
264	1	Hide	19	1	0.0729	0.4678
265	1	Hide	19	1	0.0729	0.4678
266	1	Hide	19	1	0.0729	0.4678
267	1	Hide	19	1	0.0729	0.4678
268	1	Hide	19	1	0.0729	0.4678
269	1	Hide	19	1	0.0729	0.4678
270	1	Hide	19	1	0.0729	0.4678
271	1	Hide	19	1	0.0729	0.4678
272	1	Hide	19	1	0.0729	0.4678
273	1	Hide	19	1	0.0729	0.4678
274	1	Hide	19	1	0.0729	0.4678
275	1	Hide	19	1	0.0729	0.4678
276	1	Hide	19	1	0.0729	0.4678
277	1	Hide	19	1	0.0729	0.4678
278	1	Hide	19	1	0.0729	0.4678
279	1	Hide	19	1	0.0729	0.4678
280	1	Hide	19	1	0.0729	0.4678
281	1	Hide	19	1	0.0729	0.4678
282	1	Hide	19	1	0.0729	0.4678
283	1	Hide	19	1	0.0729	0.4678
284	1	Hide	19	1	0.0729	0.4678
285	1	Hide	19	1	0.0729	0.4678
286	1	Hide	19	1	0.0729	0.4678
287	1	Hide	19	1	0.0729	0.4678
288	1	Hide	19	1	0.0729	0.4678
289	1	Hide	19	1	0.0729	0.4678
290	1	Hide	19	1	0.0729	0.4678
291	1	Hide	19	1	0.0729	0.4678
292	1	Hide	19	1	0.0729	0.4678
293	1	Hide	19	1	0.0729	0.4678
294	1	Hide	19	1	0.0729	0.4678
295	1	Hide	19	1	0.0729	0.4678
296	1	Hide	19	1	0.0729	0.4678
297	1	Hide	19	1	0.0729	0.4678
298	1	Hide	19	1	0.0729	0.4678
299	1	Hide	19	1	0.0729	0.4678
300	1	Hide	19	1	0.0729	0.4678
301	1	Hide	19	1	0.0729	0.4678
302	1	Hide	19	1	0.0729	0.4678
303	1	Hide	19	1	0.0729	0.4678
304	1	Hide	19	1	0.0729	0.4678
305	1	Hide	19	1	0.0729	0.4678
306	1	Hide	19	1	0.0729	0.4678
307	1	Hide	19	1	0.0729	0.4678
308	1	Hide	19	1	0.0729	0.4678
309	1	Hide	19	1	0.0729	0.4678
310	1	Hide	19	1	0.0729	0.4678
311	1	Hide	19	1	0.0729	0.4678
312	1	Hide	19	1	0.0729	0.4678
313	1	Hide	19	1	0.0729	0.4678
314	1	Hide	19	1	0.0729	0.4678
315	1	Hide	19	1	0.0729	0.4678
316	1	Hide	19	1	0.0729	0.4678
317	1	Hide	19	1	0.0729	0.4678
318	1	Hide	19	1	0.0729	0.4678
319	1	Hide	19	1	0.0729	0.4678
320	1	Hide	19	1	0.0729	0.4678
321	1	Hide	19	1	0.0729	0.4678
322	1	Hide	19	1	0.0729	0.4678
323	1	Hide	19	1	0.0729	0.4678
324	1	Hide	19	1	0.0729	0.4678
325	1	Hide	19	1	0.0729	0.4678
326	1	Hide	19	1	0.0729	0.4678
327	1	Hide	19	1	0.0729	0.4678
328	1	Hide	19	1	0.0729	0.4678
329	1	Hide	19	1	0.0729	0.4678
330	1	Hide	19	1	0.0729	0.4678
331	1	Hide	19	1	0.0729	0.4678
332	1	Hide	19	1	0.0729	0.4678
333	1	Hide	19	1	0.0729	0.4678
334	1	Hide	19	1	0.0729	0.4678
335	1	Explore	19	1	0.0729	0.4678
336	2	Explore	18	2	0.0729	0.4678
337	2	Explore	18	2	0.0729	0.4678
338	2	Explore	18	2	0.0728	0.4678
339	2	Explore	18	2	0.0728	0.4678
340	2	Explore	18	2	0.0728	0.4677
341	2	Explore	18	2	0.0728	0.4677
342	2	Explore	18	2	0.0728	0.4677
343	2	Explore	18	2	0.0727	0.4677
344	2	Explore	18	2	0.0727	0.4677
345	2	Explore	18	2	0.0727	0.4677
346	2	Explore	18	2	0.0727	0.4676
347	2	Explore	18	2	0.0727	0.4676
348	2	Explore	18	2	0.0726	0.4676
349	2	Explore	18	2	0.0726	0.4676
350	2	Explore	18	2	0.0726	0.4676
351	2	Explore	18	2	0.0726	0.4676
352	2	Explore	18	2	0.0726	0.4676
353	2	Explore	18	2	0.0726	0.4675
354	2	Explore	18	2	0.0726	0.4675
355	2	Explore	18	2	0.0725	0.4675
356	2	Explore	18	2	0.0725	0.4675
357	2	Explore	18	2	0.0725	0.4675
358	2	Explore	18	2	0.0725	0.4675
359	2	Explore	18	2	0.0725	0.4674
360	2	Explore	18	2	0.0725	0.4674
361	2	Explore	18	2	0.0725	0.4674
362	2	Explore	18	2	0.0724	0.4674
363	2	Explore	18	2	0.0724	0.4674
364	2	Explore	18	2	0.0724	0.4673
365	2	Explore	18	2	0.0724	0.4673
366	2	Explore	18	2	0.0724	0.4673
367	2	Explore	18	2	0.0724	0.4673
368	2	Explore	18	2	0.0724	0.4670
369	2	Explore	18	2	0.0724	0.4666
370	2	Explore	18	2	0.0724	0.4662
371	2	Explore	18	2	0.0724	0.4658
372	2	Explore	18	2	0.0724	0.4652
373	2	Hide	18	2	0.0724	0.4647
374	3	Hide	17	3	0.0724	0.4648
375	3	Hide	17	3	0.0698	0.4646
376	3	Hide	17	3	0.0697	0.4646
377	3	Hide	17	3	0.0697	0.4647
378	3	Hide	17	3	0.0697	0.4647
379	3	Hide	17	3	0.0697	0.4647
380	3	Hide	17	3	0.0671	0.4650
381	3	Hide	17	3	0.0645	0.4652
382	3	Hide	17	3	0.0619	0.4655
383	3	Hide	17	3	0.0593	0.4658
384	3	Hide	17	3	0.0567	0.4660
385	3	Hide	17	3	0.0541	0.4663
386	3	Hide	17	3	0.0515	0.4666
387	3	Hide	17	3	0.0514	0.4666
388	3	Hide	17	3	0.0489	0.4670
389	3	Hide	17	3	0.0488	0.4670
390	3	Hide	17	3	0.0463	0.4675
391	3	Hide	17	3	0.0437	0.4679
392	3	Hide	17	3	0.0437	0.4679
393	3	Hide	17	3	0.0437	0.4679
394	3	Hide	17	3	0.0437	0.4679
395	3	Hide	17	3	0.0437	0.4679
396	3	Hide	17	3	0.0437	0.4679
397	3	Hide	17	3	0.0437	0.4679
398	3	Hide	17	3	0.0437	0.4679
399	3	Hide	17	3	0.0437	0.4679
400	3	Hide	17	3	0.0437	0.4679
401	3	Hide	17	3	0.0437	0.4679
402	3	Hide	17	3	0.0437	0.4679
403	3	Hide	17	3	0.0437	0.4679
404	3	Hide	17	3	0.0437	0.4679
405	3	Hide	17	3	0.0437	0.4679
406	3	Hide	17	3	0.0437	0.4679
407	3	Hide	17	3	0.0437	0.4679
408	3	Hide	17	3	0.0437	0.4679
409	3	Hide	17	3	0.0437	0.4679
410	3	Hide	17	3	0.0437	0.4679
411	3	Hide	17	3	0.0437	0.4679
412	3	Hide	17	3	0.0437	0.4679
413	3	Hide	17	3	0.0437	0.4679
414	3	Hide	17	3	0.0437	0.4679
415	3	Hide	17	3	0.0437	0.4679
416	3	Hide	17	3	0.0437	0.4679
417	3	Hide	17	3	0.0437	0.4679
418	3	Hide	17	3	0.0437	0.4679
419	3	Hide	17	3	0.0437	0.4679
420	3	Hide	17	3	0.0437	0.4679
421	3	Hide	17	3	0.0437	0.4679
422	3	Hide	17	3	0.0437	0.4679
423	3	Hide	17	3	0.0437	0.4679
424	3	Hide	17	3	0.0437	0.4679
425	3	Hide	17	3	0.0437	0.4679
426	3	Hide	17	3	0.0437	0.4679
427	3	Hide	17	3	0.0437	0.4679
428	3	Hide	17	3	0.0437	0.4679
429	3	Hide	17	3	0.0437	0.4679
430	3	Hide	17	3	0.0437	0.4679
431	3	Hide	17	3	0.0437	0.4679
432	3	Hide	17	3	0.0437	0.4679
433	3	Hide	17	3	0.0437	0.4679
434	3	Hide	17	3	0.0437	0.4679
435	3	Hide	17	3	0.0437	0.4679
436	3	Hide	17	3	0.0437	0.4679
437	3	Hide	17	3	0.0437	0.4679
438	3	Hide	17	3	0.0437	0.4679
439	3	Hide	17	3	0.0437	0.4679
440	3	Hide	17	3	0.0437	0.4679
441	3	Hide	17	3	0.0437	0.4679
442	3	Hide	17	3	0.0437	0.4679
443	3	Hide	17	3	0.0437	0.4679
444	3	Hide	17	3	0.0437	0.4679
445	3	Hide	17	3	0.0437	0.4679
446	3	Hide	17	3	0.0437	0.4679
447	3	Hide	17	3	0.0437	0.4679
448	3	Hide	17	3	0.0437	0.4679
449	3	Hide	17	3	0.0437	0.4679
450	3	Hide	17	3	0.0437	0.4679
451	3	Hide	17	3	0.0437	0.4679
452	3	Hide	17	3	0.0437	0.4679
453	3	Hide	17	3	0.0437	0.4679
454	3	Hide	17	3	0.0437	0.4679
455	3	Hide	17	3	0.0437	0.4679
456	3	Hide	17	3	0.0437	0.4679
457	3	Hide	17	3	0.0437	0.4679
458	3	Hide	17	3	0.0437	0.4679
459	3	Hide	17	3	0.0437	0.4679
460	3	Hide	17	3	0.0437	0.4679
461	3	Hide	17	3	0.0437	0.4679
462	3	Hide	17	3	0.0437	0.4679
463	3	Hide	17	3	0.0437	0.4679
464	3	Hide	17	3	0.0437	0.4679
465	3	Hide	17	3	0.0437	0.4679
466	3	Hide	17	3	0.0437	0.4679
467	3	Hide	17	3	0.0437	0.4679
468	3	Hide	17	3	0.0437	0.4679
469	3	Hide	17	3	0.0437	0.4679
470	3	Hide	17	3	0.0437	0.4679
471	3	Hide	17	3	0.0437	0.4679
472	3	Hide	17	3	0.0437	0.4679
473	3	Hide	17	3	0.0437	0.4679
474	3	Hide	17	3	0.0437	0.4679
475	3	Hide	17	3	0.0437	0.4679
476	3	Hide	17	3	0.0437	0.4679
477	3	Hide	17	3	0.0437	0.4679
478	3	Hide	17	3	0.0437	0.4679
479	3	Hide	17	3	0.0437	0.4679
480	3	Hide	17	3	0.0437	0.4679
481	3	Hide	17	3	0.0437	0.4679
482	3	Hide	17	3	0.0437	0.4679
483	3	Hide	17	3	0.0437	0.4679
484	3	Hide	17	3	0.0437	0.4679
485	3	Hide	17	3	0.0437	0.4679
486	3	Hide	17	3	0.0437	0.4679
487	3	Hide	17	3	0.0437	0.4679
488	3	Hide	17	3	0.0437	0.4679
489	3	Hide	17	3	0.0437	0.4679
490	3	Hide	17	3	0.0437	0.4679
491	3	Explore	17	3	0.0437	0.4679
492	4	Hide	16	4	0.0437	0.4675
493	5	Hide	15	5	0.0437	0.4675
494	5	Hide	15	5	0.0437	0.4675
495	5	Hide	15	5	0.0438	0.4676
496	5	Hide	15	5	0.0438	0.4676
497	5	Hide	15	5	0.0438	0.4676
498	5	Hide	15	5	0.0438	0.4676
499	5	Hide	15	5	0.0438	0.4676
500	5	Hide	15	5	0.0438	0.4676
501	5	Hide	15	5	0.0438	0.4676
502	5	Hide	15	5	0.0438	0.4676
503	5	Hide	15	5	0.0438	0.4676
504	5	Hide	15	5	0.0438	0.4676
505	5	Hide	15	5	0.0438	0.4676
506	5	Hide	15	5	0.0438	0.4676
507	5	Hide	15	5	0.0438	0.4676
508	5	Hide	15	5	0.0438	0.4676
509	5	Hide	15	5	0.0438	0.4676
510	5	Hide	15	5	0.0438	0.4676
511	5	Hide	15	5	0.0438	0.4676
512	5	Hide	15	5	0.0438	0.4676
513	5	Hide	15	5	0.0438	0.4676
514	5	Hide	15	5	0.0438	0.4676
515	5	Hide	15	5	0.0438	0.4676
516	5	Hide	15	5	0.0438	0.4676
517	5	Hide	15	5	0.0438	0.4676
518	5	Hide	15	5	0.0438	0.4676
519	5	Hide	15	5	0.0438	0.4676
520	5	Hide	15	5	0.0438	0.4676
521	5	Hide	15	5	0.0438	0.4676
522	5	Hide	15	5	0.0438	0.4676
523	5	Hide	15	5	0.0438	0.4676
524	5	Hide	15	5	0.0438	0.4676
525	5	Hide	15	5	0.0438	0.4676
526	5	Hide	15	5	0.0438	0.4676
527	5	Hide	15	5	0.0438	0.4676
528	5	Hide	15	5	0.0438	0.4676
529	5	Hide	15	5	0.0438	0.4676
530	5	Hide	15	5	0.0438	0.4676
531	5	Hide	15	5	0.0438	0.4676
532	5	Hide	15	5	0.0438	0.4676
533	5	Hide	15	5	0.0438	0.4676
534	5	Hide	15	5	0.0438	0.4676
535	5	Hide	15	5	0.0438	0.4676
536	5	Hide	15	5	0.0438	0.4676
537	5	Hide	15	5	0.0438	0.4676
538	5	Hide	15	5	0.0438	0.4676
539	5	Hide	15	5	0.0438	0.4676
540	5	Hide	15	5	0.0438	0.4676
541	5	Hide	15	5	0.0438	0.4676
542	5	Hide	15	5	0.0438	0.4676
543	5	Hide	15	5	0.0438	0.4676
544	5	Hide	15	5	0.0438	0.4676
545	5	Hide	15	5	0.0438	0.4676
546	5	Hide	15	5	0.0438	0.4676
547	5	Hide	15	5	0.0438	0.4676
548	5	Hide	15	5	0.0438	0.4676
549	5	Hide	15	5	0.0438	0.4676
550	5	Hide	15	5	0.0438	0.4676
551	5	Hide	15	5	0.0438	0.4676
552	5	Hide	15	5	0.0438	0.4676
553	5	Hide	15	5	0.0438	0.4676
554	5	Hide	15	5	0.0438	0.4676
555	5	Hide	15	5	0.0438	0.4676
556	5	Hide	15	5	0.0438	0.4676
557	5	Hide	15	5	0.0438	0.4676
558	5	Hide	15	5	0.0438	0.4676
559	5	Hide	15	5	0.0438	0.4676
560	5	Hide	15	5	0.0438	0.4676
561	5	Hide	15	5	0.0438	0.4676
562	5	Hide	15	5	0.0438	0.4676
563	5	Hide	15	5	0.0438	0.4676
564	5	Hide	15	5	0.0438	0.4676
565	5	Hide	15	5	0.0438	0.4676
566	5	Hide	15	5	0.0438	0.4676
567	5	Hide	15	5	0.0438	0.4676
568	5	Hide	15	5	0.0438	0.4676
569	5	Hide	15	5	0.0438	0.4676
570	5	Hide	15	5	0.0438	0.4676
571	5	Hide	15	5	0.0438	0.4676
572	5	Hide	15	5	0.0438	0.4676
573	5	Hide	15	5	0.0438	0.4676
574	5	Hide	15	5	0.0438	0.4676
575	5	Hide	15	5	0.0438	0.4676
576	5	Hide	15	5	0.0438	0.4676
577	5	Hide	15	5	0.0438	0.4676
578	5	Hide	15	5	0.0438	0.4676
579	5	Hide	15	5	0.0438	0.4676
580	5	Hide	15	5	0.0438	0.4676
581	5	Hide	15	5	0.0438	0.4676
582	5	Hide	15	5	0.0438	0.4676
583	5	Hide	15	5	0.0438	0.4676
584	5	Hide	15	5	0.0438	0.4676
585	5	Hide	15	5	0.0438	0.4676
586	5	Hide	15	5	0.0438	0.4676
587	5	Hide	15	5	0.0438	0.4676
588	5	Hide	15	5	0.0438	0.4676
589	5	Hide	15	5	0.0438	0.4676
590	5	Hide	15	5	0.0438	0.4676
591	5	Hide	15	5	0.0438	0.4676
592	5	Hide	15	5	0.0438	0.4676
593	5	Hide	15	5	0.0438	0.4676
594	5	Hide	15	5	0.0438	0.4676
595	5	Explore	15	5	0.0438	0.4676
596	6	Explore	14	6	0.0438	0.4675
597	6	Eat	14	6	0.0437	0.4675
598	7	Eat	13	7	0.0411	0.4678
599	7	Eat	13	7	0.0385	0.4677
600	7	Eat	13	7	0.0360	0.4675
601	7	Eat	13	7	0.0334	0.4674
602	7	Eat	13	7	0.0308	0.4672
603	7	Eat	13	7	0.0281	0.4671
604	7	Eat	13	7	0.0255	0.4670
605	7	Eat	13	7	0.0255	0.4666
606	7	Eat	13	7	0.0255	0.4663
607	7	Eat	13	7	0.0229	0.4662
608	7	Eat	13	7	0.0229	0.4657
609	7	Eat	13	7	0.0203	0.4656
610	7	Eat	13	7	0.0203	0.4651
611	7	Eat	13	7	0.0177	0.4649
612	7	Eat	13	7	0.0176	0.4645
613	7	Eat	13	7	0.0150	0.4642
614	7	Eat	13	7	0.0150	0.4640
615	7	Eat	13	7	0.0150	0.4636
616	7	Eat	13	7	0.0150	0.4633
617	7	Eat	13	7	0.0150	0.4630
618	7	Eat	13	7	0.0125	0.4623
619	7	Eat	13	7	0.0100	0.4616
620	7	Eat	13	7	0.0100	0.4615
621	7	Eat	13	7	0.0100	0.4615
622	7	Eat	13	7	0.0076	0.4605
623	7	Eat	13	7	0.0051	0.4595
624	7	Eat	13	7	0.0027	0.4585
625	7	Eat	13	7	0.0027	0.4584
626	7	Eat	13	7	0.0028	0.4584
627	7	Eat	13	7	0.0028	0.4584
628	7	Eat	13	7	0.0005	0.4571
629	7	Eat	13	7	-0.0017	0.4557
630	7	Eat	13	7	-0.0039	0.4543
631	7	Eat	13	7	-0.0039	0.4543
632	7	Eat	13	7	-0.0039	0.4542
633	7	Eat	13	7	-0.0039	0.4542
634	7	Eat	13	7	-0.0039	0.4542
635	7	Eat	13	7	-0.0039	0.4542
636	7	Eat	13	7	-0.0039	0.4542
637	7	Eat	13	7	-0.0038	0.4542
638	7	Eat	13	7	-0.0038	0.4542
639	7	Eat	13	7	-0.0055	0.4521
640	7	Eat	13	7	-0.0055	0.4521
641	7	Eat	13	7	-0.0055	0.4521
642	7	Eat	13	7	-0.0055	0.4521
643	7	Eat	13	7	-0.0055	0.4521
644	7	Eat	13	7	-0.0054	0.4521
645	7	Eat	13	7	-0.0054	0.4520
646	7	Eat	13	7	-0.0054	0.4520
647	7	Eat	13	7	-0.0054	0.4520
648	7	Eat	13	7	-0.0064	0.4496
649	7	Eat	13	7	-0.0073	0.4471
650	7	Eat	13	7	-0.0083	0.4447
651	7	Eat	13	7	-0.0092	0.4422
652	7	Eat	13	7	-0.0101	0.4398
653	7	Eat	13	7	-0.0109	0.4373
654	7	Eat	13	7	-0.0117	0.4348
655	7	Eat	13	7	-0.0125	0.4323
656	7	Eat	13	7	-0.0132	0.4297
657	7	Eat	13	7	-0.0139	0.4272
658	7	Eat	13	7	-0.0145	0.4247
659	7	Eat	13	7	-0.0151	0.4221
660	7	Eat	13	7	-0.0157	0.4195
661	7	Eat	13	7	-0.0162	0.4170
662	7	Eat	13	7	-0.0167	0.4144
663	7	Eat	13	7	-0.0172	0.4118
664	7	Eat	13	7	-0.0176	0.4092
665	7	Eat	13	7	-0.0180	0.4066
666	7	Eat	13	7	-0.0184	0.4040
667	7	Eat	13	7	-0.0187	0.4014
668	7	Eat	13	7	-0.0191	0.3988
669	7	Eat	13	7	-0.0194	0.3962
670	7	Eat	13	7	-0.0196	0.3936
671	7	Eat	13	7	-0.0199	0.3910
672	7	Eat	13	7	-0.0201	0.3884
673	7	Eat	13	7	-0.0203	0.3858
674	7	Eat	13	7	-0.0205	0.3831
675	7	Eat	13	7	-0.0207	0.3805
676	7	Eat	13	7	-0.0208	0.3779
677	7	Eat	13	7	-0.0209	0.3753
678	7	Eat	13	7	-0.0210	0.3727
679	7	Eat	13	7	-0.0211	0.3700
680	7	Eat	13	7	-0.0212	0.3674
681	7	Eat	13	7	-0.0213	0.3648
682	7	Eat	13	7	-0.0213	0.3622
683	7	Eat	13	7	-0.0213	0.3595
684	7	Eat	13	7	-0.0213	0.3569
685	7	Eat	13	7	-0.0213	0.3543
686	7	Eat	13	7	-0.0213	0.3517
687	7	Eat	13	7	-0.0213	0.3490
688	7	Eat	13	7	-0.0213	0.3464
689	7	Eat	13	7	-0.0212	0.3438
690	7	Eat	13	7	-0.0211	0.3412
691	7	Eat	13	7	-0.0211	0.3385
692	7	Eat	13	7	-0.0210	0.3359
693	7	Eat	13	7	-0.0209	0.3333
694	7	Eat	13	7	-0.0208	0.3307
695	7	Eat	13	7	-0.0207	0.3280
696	7	Eat	13	7	-0.0205	0.3254
697	7	Eat	13	7	-0.0204	0.3228
698	7	Eat	13	7	-0.0203	0.3202
699	7	Eat	13	7	-0.0201	0.3176
700	7	Eat	13	7	-0.0199	0.3149
701	7	Eat	13	7	-0.0198	0.3123
702	7	Eat	13	7	-0.0196	0.3097
703	7	Eat	13	7	-0.0194	0.3071
704	7	Eat	13	7	-0.0192	0.3045
705	7	Eat	13	7	-0.0190	0.3019
706	7	Eat	13	7	-0.0188	0.2992
707	7	Eat	13	7	-0.0186	0.2966
708	7	Eat	13	7	-0.0184	0.2940
709	7	Eat	13	7	-0.0182	0.2914
710	7	Eat	13	7	-0.0179	0.2888
711	7	Eat	13	7	-0.0177	0.2862
712	7	Eat	13	7	-0.0175	0.2835
713	7	Eat	13	7	-0.0172	0.2809
714	7	Eat	13	7	-0.0170	0.2783
715	7	Eat	13	7	-0.0167	0.2757
716	7	Eat	13	7	-0.0164	0.2731
717	7	Eat	13	7	-0.0162	0.2705
718	7	Eat	13	7	-0.0159	0.2679
719	7	Eat	13	7	-0.0156	0.2653
720	7	Eat	13	7	-0.0154	0.2627
721	7	Eat	13	7	-0.0151	0.2600
722	7	Eat	13	7	-0.0148	0.2574
723	7	Eat	13	7	-0.0145	0.2548
724	7	Eat	13	7	-0.0142	0.2522
725	7	Eat	13	7	-0.0139	0.2496
726	7	Eat	13	7	-0.0136	0.2470
727	7	Eat	13	7	-0.0133	0.2444
728	7	Eat	13	7	-0.0130	0.2418
729	7	Eat	13	7	-0.0126	0.2392
730	7	Eat	13	7	-0.0123	0.2366
731	7	Eat	13	7	-0.0120	0.2340
732	7	Eat	13	7	-0.0117	0.2314
733	7	Eat	13	7	-0.0114	0.2288
734	7	Eat	13	7	-0.0110	0.2262
735	7	Eat	13	7	-0.0107	0.2236
736	7	Eat	13	7	-0.0103	0.2210
737	7	Eat	13	7	-0.0100	0.2184
738	7	Eat	13	7	-0.0097	0.2158
739	7	Eat	13	7	-0.0093	0.2132
740	7	Eat	13	7	-0.0090	0.2105
741	7	Eat	13	7	-0.0086	0.2079
742	7	Eat	13	7	-0.0082	0.2053
743	7	Eat	13	7	-0.0079	0.2027
744	7	Eat	13	7	-0.0075	0.2001
745	7	Eat	13	7	-0.0071	0.1975
746	7	Eat	13	7	-0.0068	0.1950
747	7	Eat	13	7	-0.0064	0.1924
748	7	Eat	13	7	-0.0060	0.1898
749	7	Eat	13	7	-0.0057	0.1872
750	7	Eat	13	7	-0.0053	0.1846
751	7	Eat	13	7	-0.0049	0.1820
752	7	Eat	13	7	-0.0045	0.1794
753	7	Eat	13	7	-0.0041	0.1768
754	7	Eat	13	7	-0.0037	0.1742
755	7	Eat	13	7	-0.0033	0.1716
756	7	Eat	13	7	-0.0029	0.1690
757	7	Eat	13	7	-0.0025	0.1664
758	7	Eat	13	7	-0.0021	0.1638
759	7	Eat	13	7	-0.0021	0.1638
760	7	Eat	13	7	-0.0021	0.1638
761	7	Eat	13	7	-0.0021	0.1638
762	7	Eat	13	7	-0.0021	0.1638
763	7	Eat	13	7	-0.0021	0.1638
764	7	Eat	13	7	-0.0021	0.1638
765	7	Eat	13	7	-0.0021	0.1638
766	7	Eat	13	7	-0.0021	0.1638
767	7	Eat	13	7	-0.0021	0.1638
768	7	Eat	13	7	-0.0021	0.1638
769	7	Eat	13	7	-0.0021	0.1638
770	7	Eat	13	7	-0.0021	0.1638
771	7	Eat	13	7	-0.0021	0.1638
772	7	Eat	13	7	-0.0021	0.1638
773	7	Eat	13	7	-0.0021	0.1638
774	7	Eat	13	7	-0.0021	0.1638
775	7	Eat	13	7	-0.0021	0.1638
776	7	Eat	13	7	-0.0021	0.1638
777	7	Eat	13	7	-0.0021	0.1638
778	7	Eat	13	7	-0.0021	0.1638
779	7	Eat	13	7	-0.0021	0.1638
780	7	Eat	13	7	-0.0021	0.1638
781	7	Eat	13	7	-0.0021	0.1638
782	7	Eat	13	7	-0.0021	0.1638
783	7	Eat	13	7	-0.0021	0.1638
784	7	Eat	13	7	-0.0021	0.1638
785	7	Eat	13	7	-0.0021	0.1638
786	7	Eat	13	7	-0.0021	0.1638
787	7	Eat	13	7	-0.0021	0.1638
788	7	Eat	13	7	-0.0021	0.1638
789	7	Eat	13	7	-0.0021	0.1638
790	7	Eat	13	7	-0.0021	0.1638
791	7	Eat	13	7	-0.0021	0.1638
792	7	Eat	13	7	-0.0021	0.1638
793	7	Eat	13	7	-0.0021	0.1638
794	7	Eat	13	7	-0.0021	0.1638
795	7	Eat	13	7	-0.0021	0.1638
796	7	Eat	13	7	-0.0021	0.1638
797	7	Eat	13	7	-0.0021	0.1638
798	7	Eat	13	7	-0.0021	0.1638
799	7	Eat	13	7	-0.0021	0.1638
800	7	Eat	13	7	-0.0021	0.1638
801	7	Eat	13	7	-0.0021	0.1638
802	7	Eat	13	7	-0.0021	0.1638
803	7	Eat	13	7	-0.0021	0.1639
804	7	Eat	13	7	-0.0021	0.1639
805	7	Eat	13	7	-0.0022	0.1639
806	7	Eat	13	7	-0.0022	0.1639
807	7	Eat	13	7	-0.0022	0.1639
808	7	Eat	13	7	-0.0022	0.1639
809	7	Eat	13	7	-0.0022	0.1639
810	7	Eat	13	7	-0.0022	0.1639
811	7	Eat	13	7	-0.0022	0.1639
812	7	Eat	13	7	-0.0022	0.1639
813	7	Eat	13	7	-0.0022	0.1639
814	7	Eat	13	7	-0.0022	0.1639
815	7	Eat	13	7	-0.0022	0.1639
816	7	Eat	13	7	-0.0022	0.1639
817	7	Eat	13	7	-0.0022	0.1639
818	7	Eat	13	7	-0.0022	0.1639
819	7	Eat	13	7	-0.0022	0.1639
820	7	Eat	13	7	-0.0022	0.1639
821	7	Eat	13	7	-0.0022	0.1639
822	7	Eat	13	7	-0.0022	0.1639
823	7	Eat	13	7	-0.0022	0.1639
824	7	Eat	13	7	-0.0022	0.1639
825	7	Eat	13	7	-0.0022	0.1639
826	7	Eat	13	7	-0.0022	0.1639
827	7	Eat	13	7	-0.0022	0.1639
828	7	Eat	13	7	-0.0022	0.1639
829	7	Eat	13	7	-0.0022	0.1639
830	7	Eat	13	7	-0.0022	0.1639
831	7	Eat	13	7	-0.0022	0.1639
832	7	Eat	13	7	-0.0022	0.1639
833	7	Eat	13	7	-0.0022	0.1639
834	7	Eat	13	7	-0.0022	0.1639
835	7	Eat	13	7	-0.0022	0.1639
836	7	Eat	13	7	-0.0022	0.1639
837	7	Eat	13	7	-0.0022	0.1639
838	7	Eat	13	7	-0.0022	0.1639
839	7	Eat	13	7	-0.0022	0.1639
840	7	Eat	13	7	-0.0022	0.1639
841	7	Eat	13	7	-0.0022	0.1639
842	7	Eat	13	7	-0.0022	0.1639
843	7	Eat	13	7	-0.0022	0.1639
844	7	Eat	13	7	-0.0022	0.1639
845	7	Eat	13	7	-0.0022	0.1639
846	7	Eat	13	7	-0.0022	0.1639
847	7	Eat	13	7	-0.0022	0.1639
848	7	Eat	13	7	-0.0022	0.1639
849	7	Eat	13	7	-0.0022	0.1639
850	7	Eat	13	7	-0.0022	0.1639
851	7	Eat	13	7	-0.0022	0.1639
852	7	Eat	13	7	-0.0022	0.1639
853	7	Eat	13	7	-0.0022	0.1639
854	7	Eat	13	7	-0.0022	0.1639
855	7	Eat	13	7	-0.0022	0.1639
856	7	Eat	13	7	-0.0022	0.1639
857	7	Eat	13	7	-0.0022	0.1639
858	7	Eat	13	7	-0.0022	0.1639
859	7	Eat	13	7	-0.0022	0.1639
860	7	Eat	13	7	-0.0022	0.1639
861	7	Eat	13	7	-0.0022	0.1639
862	7	Eat	13	7	-0.0022	0.1639
863	7	Eat	13	7	-0.0022	0.1639
864	7	Eat	13	7	-0.0022	0.1639
865	7	Eat	13	7	-0.0022	0.1639
866	7	Eat	13	7	-0.0022	0.1639
867	7	Eat	13	7	-0.0022	0.1639
868	7	Eat	13	7	-0.0022	0.1639
869	7	Eat	13	7	-0.0022	0.1639
870	7	Eat	13	7	-0.0022	0.1639
871	7	Eat	13	7	-0.0022	0.1639
872	7	Eat	13	7	-0.0022	0.1639
873	7	Eat	13	7	-0.0022	0.1639
874	7	Eat	13	7	-0.0022	0.1639
875	7	Eat	13	7	-0.0022	0.1639
876	7	Eat	13	7	-0.0022	0.1639
877	7	Eat	13	7	-0.0022	0.1639
878	7	Eat	13	7	-0.0022	0.1639
879	7	Eat	13	7	-0.0022	0.1639
880	7	Eat	13	7	-0.0022	0.1639
881	7	Eat	13	7	-0.0022	0.1639
882	7	Eat	13	7	-0.0022	0.1639
883	7	Eat	13	7	-0.0022	0.1639
884	7	Eat	13	7	-0.0022	0.1639
885	7	Eat	13	7	-0.0022	0.1639
886	7	Eat	13	7	-0.0022	0.1639
887	7	Eat	13	7	-0.0022	0.1639
888	7	Eat	13	7	-0.0022	0.1639
889	7	Eat	13	7	-0.0022	0.1639
890	7	Eat	13	7	-0.0022	0.1639
891	7	Eat	13	7	-0.0022	0.1639
892	7	Eat	13	7	-0.0022	0.1639
893	7	Eat	13	7	-0.0022	0.1639
894	7	Eat	13	7	-0.0022	0.1639
895	7	Eat	13	7	-0.0022	0.1639
896	7	Eat	13	7	-0.0022	0.1639
897	7	Eat	13	7	-0.0022	0.1639
898	7	Eat	13	7	-0.0022	0.1639
899	7	Eat	13	7	-0.0022	0.1639
900	7	Eat	13	7	-0.0022	0.1639
901	7	Eat	13	7	-0.0022	0.1639
902	7	Eat	13	7	-0.0022	0.1639
903	7	Eat	13	7	-0.0022	0.1639
904	7	Eat	13	7	-0.0022	0.1639
905	7	Eat	13	7	-0.0022	0.1639
906	7	Eat	13	7	-0.0022	0.1639
907	7	Eat	13	7	-0.0022	0.1639
908	7	Eat	13	7	-0.0022	0.1639
909	7	Eat	13	7	-0.0022	0.1639
910	7	Eat	13	7	-0.0022	0.1639
911	7	Eat	13	7	-0.0022	0.1639
912	7	Eat	13	7	-0.0022	0.1639
913	7	Eat	13	7	-0.0022	0.1639
914	7	Eat	13	7	-0.0022	0.1639
915	7	Eat	13	7	-0.0022	0.1639
916	7	Eat	13	7	-0.0022	0.1639
917	7	Eat	13	7	-0.0022	0.1639
918	7	Explore	13	0	-0.0022	0.1639
919	8	Explore	12	1	-0.0017	0.1613
920	8	Explore	12	1	-0.0013	0.1587
921	8	Explore	12	1	-0.0009	0.1561
922	8	Explore	12	1	-0.0005	0.1535
923	8	Explore	12	1	-0.0001	0.1509
924	8	Explore	12	1	0.0003	0.1483
925	8	Explore	12	1	0.0007	0.1457
926	8	Explore	12	1	0.0012	0.1432
927	8	Explore	12	1	0.0011	0.1431
928	8	Explore	12	1	0.0011	0.1431
929	8	Explore	12	1	0.0011	0.1431
930	8	Explore	12	1	0.0011	0.1431
931	8	Explore	12	1	0.0010	0.1431
932	8	Explore	12	1	0.0010	0.1431
933	8	Explore	12	1	0.0010	0.1431
934	8	Explore	12	1	0.0010	0.1431
935	8	Explore	12	1	0.0010	0.1432
936	8	Explore	12	1	0.0009	0.1432
937	8	Explore	12	1	0.0009	0.1432
938	8	Explore	12	1	0.0009	0.1432
939	8	Explore	12	1	0.0009	0.1432
940	8	Explore	12	1	0.0009	0.1433
941	8	Explore	12	1	0.0008	0.1433
942	8	Explore	12	1	0.0008	0.1433
943	8	Explore	12	1	0.0008	0.1433
944	8	Explore	12	1	0.0008	0.1433
945	8	Hide	12	1	0.0008	0.1433
946	9	Hide	11	2	0.0008	0.1433
947	9	Hide	11	2	0.0007	0.1433
948	9	Hide	11	2	0.0007	0.1434
949	9	Hide	11	2	0.0007	0.1434
950	9	Hide	11	2	0.0007	0.1434
951	9	Hide	11	2	0.0007	0.1434
952	9	Hide	11	2	0.0007	0.1434
953	9	Hide	11	2	0.0007	0.1434
954	9	Hide	11	2	0.0006	0.1435
955	9	Hide	11	2	0.0006	0.1435
956	9	Hide	11	2	0.0006	0.1435
957	9	Hide	11	2	0.0006	0.1435
958	9	Hide	11	2	0.0006	0.1435
959	9	Hide	11	2	0.0006	0.1435
960	9	Hide	11	2	0.0005	0.1436
961	9	Hide	11	2	0.0005	0.1436
962	9	Hide	11	2	0.0005	0.1436
963	9	Hide	11	2	0.0005	0.1436
964	9	Hide	11	2	0.0005	0.1436
965	9	Hide	11	2	0.0004	0.1437
966	9	Hide	11	2	0.0004	0.1437
967	9	Hide	11	2	0.0003	0.1437
968	9	Hide	11	2	0.0003	0.1437
969	9	Hide	11	2	-0.0023	0.1435
970	9	Hide	11	2	-0.0049	0.1432
971	9	Hide	11	2	-0.0075	0.1430
972	9	Hide	11	2	-0.0101	0.1428
973	9	Hide	11	2	-0.0128	0.1425
974	9	Hide	11	2	-0.0154	0.1423
975	9	Hide	11	2	-0.0180	0.1420
976	9	Hide	11	2	-0.0206	0.1418
977	9	Hide	11	2	-0.0232	0.1416
978	9	Hide	11	2	-0.0258	0.1413
979	9	Hide	11	2	-0.0284	0.1411
980	9	Hide	11	2	-0.0310	0.1408
981	9	Hide	11	2	-0.0337	0.1406
982	9	Hide	11	2	-0.0363	0.1404
983	9	Hide	11	2	-0.0389	0.1401
984	9	Hide	11	2	-0.0415	0.1399
985	9	Hide	11	2	-0.0441	0.1396
986	9	Hide	11	2	-0.0467	0.1394
987	9	Hide	11	2	-0.0493	0.1391
988	9	Hide	11	2	-0.0520	0.1389
989	9	Hide	11	2	-0.0546	0.1387
990	9	Hide	11	2	-0.0572	0.1384
991	9	Hide	11	2	-0.0598	0.1382
992	9	Hide	11	2	-0.0624	0.1379
993	9	Hide	11	2	-0.0650	0.1377
994	9	Hide	11	2	-0.0676	0.1375
995	9	Hide	11	2	-0.0703	0.1372
996	9	Hide	11	2	-0.0729	0.1370
997	9	Hide	11	2	-0.0755	0.1367
998	9	Hide	11	2	-0.0781	0.1365
999	9	Hide	11	2	-0.0807	0.1363
1000	9	Hide	11	2	-0.0833	0.1360
1001	9	Hide	11	2	-0.0859	0.1358
1002	9	Hide	11	2	-0.0886	0.1355
1003	9	Hide	11	2	-0.0912	0.1353
1004	9	Hide	11	2	-0.0938	0.1351
1005	9	Hide	11	2	-0.0964	0.1348
1006	9	Hide	11	2	-0.0990	0.1346
1007	9	Hide	11	2	-0.1016	0.1343
1008	9	Hide	11	2	-0.1042	0.1341
1009	9	Hide	11	2	-0.1068	0.1338
1010	9	Hide	11	2	-0.1095	0.1336
1011	9	Hide	11	2	-0.1121	0.1334
1012	9	Hide	11	2	-0.1147	0.1331
1013	9	Hide	11	2	-0.1173	0.1329
1014	9	Hide	11	2	-0.1199	0.1326
1015	9	Hide	11	2	-0.1225	0.1324
1016	9	Hide	11	2	-0.1251	0.1322
1017	9	Hide	11	2	-0.1278	0.1319
1018	9	Hide	11	2	-0.1304	0.1317
1019	9	Hide	11	2	-0.1330	0.1314
1020	9	Hide	11	2	-0.1356	0.1312
1021	9	Hide	11	2	-0.1382	0.1309
1022	9	Hide	11	2	-0.1408	0.1307
1023	9	Hide	11	2	-0.1434	0.1305
1024	9	Hide	11	2	-0.1461	0.1302
1025	9	Hide	11	2	-0.1487	0.1300
1026	9	Hide	11	2	-0.1513	0.1297
1027	9	Hide	11	2	-0.1539	0.1295
1028	9	Hide	11	2	-0.1565	0.1293
1029	9	Hide	11	2	-0.1591	0.1290
1030	9	Hide	11	2	-0.1617	0.1288
1031	9	Hide	11	2	-0.1643	0.1285
1032	9	Hide	11	2	-0.1670	0.1283
1033	9	Hide	11	2	-0.1696	0.1281
1034	9	Hide	11	2	-0.1722	0.1278
1035	9	Hide	11	2	-0.1748	0.1276
1036	9	Hide	11	2	-0.1774	0.1273
1037	9	Hide	11	2	-0.1800	0.1271
1038	9	Hide	11	2	-0.1826	0.1268
1039	9	Hide	11	2	-0.1853	0.1266
1040	9	Hide	11	2	-0.1879	0.1264
1041	9	Hide	11	2	-0.1905	0.1261
1042	9	Hide	11	2	-0.1931	0.1259
1043	9	Hide	11	2	-0.1957	0.1256
1044	9	Hide	11	2	-0.1983	0.1254
1045	9	Hide	11	2	-0.2009	0.1251
1046	9	Hide	11	2	-0.2036	0.1249
1047	9	Hide	11	2	-0.2062	0.1247
1048	9	Hide	11	2	-0.2088	0.1244
1049	9	Hide	11	2	-0.2088	0.1244
1050	9	Hide	11	2	-0.2114	0.1243
1051	9	Hide	11	2	-0.2114	0.1243
1052	9	Hide	11	2	-0.2114	0.1243
1053	9	Hide	11	2	-0.2114	0.1244
1054	9	Hide	11	2	-0.2114	0.1244
1055	9	Hide	11	2	-0.2140	0.1247
1056	9	Hide	11	2	-0.2167	0.1249
1057	9	Hide	11	2	-0.2167	0.1249
1058	9	Hide	11	2	-0.2193	0.1253
1059	9	Hide	11	2	-0.2193	0.1253
1060	9	Hide	11	2	-0.2219	0.1258
1061	9	Hide	11	2	-0.2244	0.1263
1062	9	Hide	11	2	-0.2270	0.1268
1063	9	Hide	11	2	-0.2296	0.1272
1064	9	Hide	11	2	-0.2322	0.1277
1065	9	Hide	11	2	-0.2348	0.1282
1066	9	Hide	11	2	-0.2373	0.1287
1067	9	Hide	11	2	-0.2399	0.1291
1068	9	Hide	11	2	-0.2425	0.1296
1069	9	Hide	11	2	-0.2451	0.1301
1070	9	Hide	11	2	-0.2477	0.1306
1071	9	Hide	11	2	-0.2503	0.1310
1072	9	Hide	11	2	-0.2528	0.1315
1073	9	Hide	11	2	-0.2554	0.1320
1074	9	Hide	11	2	-0.2580	0.1325
1075	9	Hide	11	2	-0.2606	0.1329
1076	9	Hide	11	2	-0.2632	0.1334
1077	9	Hide	11	2	-0.2657	0.1339
1078	9	Hide	11	2	-0.2683	0.1344
1079	9	Hide	11	2	-0.2709	0.1348
1080	9	Hide	11	2	-0.2735	0.1353
1081	9	Hide	11	2	-0.2761	0.1358
1082	9	Hide	11	2	-0.2787	0.1363
1083	9	Hide	11	2	-0.2812	0.1367
1084	9	Hide	11	2	-0.2838	0.1372
1085	9	Hide	11	2	-0.2864	0.1377
1086	9	Hide	11	2	-0.2890	0.1382
1087	9	Hide	11	2	-0.2916	0.1386
1088	9	Hide	11	2	-0.2941	0.1391
1089	9	Hide	11	2	-0.2967	0.1396
1090	9	Hide	11	2	-0.2993	0.1401
1091	9	Hide	11	2	-0.3019	0.1405
1092	9	Hide	11	2	-0.3045	0.1410
1093	9	Hide	11	2	-0.3070	0.1415
1094	9	Hide	11	2	-0.3096	0.1420
1095	9	Hide	11	2	-0.3122	0.1424
1096	9	Hide	11	2	-0.3148	0.1429
1097	9	Hide	11	2	-0.3174	0.1434
1098	9	Hide	11	2	-0.3200	0.1439
1099	9	Hide	11	2	-0.3225	0.1443
1100	9	Hide	11	2	-0.3251	0.1448
1101	9	Hide	11	2	-0.3277	0.1453
1102	9	Hide	11	2	-0.3303	0.1458
1103	9	Hide	11	2	-0.3329	0.1462
1104	9	Hide	11	2	-0.3354	0.1467
1105	9	Hide	11	2	-0.3380	0.1472
1106	9	Hide	11	2	-0.3406	0.1477
1107	9	Hide	11	2	-0.3432	0.1481
1108	9	Hide	11	2	-0.3458	0.1486
1109	9	Hide	11	2	-0.3484	0.1491
1110	9	Hide	11	2	-0.3509	0.1496
1111	9	Hide	11	2	-0.3535	0.1500
1112	9	Hide	11	2	-0.3561	0.1505
1113	9	Hide	11	2	-0.3587	0.1510
1114	9	Hide	11	2	-0.3613	0.1515
1115	9	Hide	11	2	-0.3638	0.1519
1116	9	Hide	11	2	-0.3664	0.1524
1117	9	Hide	11	2	-0.3690	0.1529
1118	9	Hide	11	2	-0.3716	0.1534
1119	9	Hide	11	2	-0.3742	0.1538
1120	9	Hide	11	2	-0.3767	0.1543
1121	9	Hide	11	2	-0.3793	0.1548
1122	9	Hide	11	2	-0.3819	0.1553
1123	9	Hide	11	2	-0.3845	0.1557
1124	9	Hide	11	2	-0.3871	0.1562
1125	9	Hide	11	2	-0.3897	0.1567
1126	9	Hide	11	2	-0.3922	0.1572
1127	9	Hide	11	2	-0.3948	0.1576
1128	9	Hide	11	2	-0.3974	0.1581
1129	9	Hide	11	2	-0.4000	0.1586
1130	9	Hide	11	2	-0.4026	0.1591
1131	9	Hide	11	2	-0.4051	0.1595
1132	9	Hide	11	2	-0.4077	0.1600
1133	9	Hide	11	2	-0.4103	0.1605
1134	9	Hide	11	2	-0.4129	0.1610
1135	9	Hide	11	2	-0.4155	0.1614
1136	9	Hide	11	2	-0.4180	0.1619
1137	9	Hide	11	2	-0.4206	0.1624
1138	9	Hide	11	2	-0.4232	0.1629
1139	9	Hide	11	2	-0.4258	0.1633
1140	9	Hide	11	2	-0.4284	0.1638
1141	9	Hide	11	2	-0.4310	0.1643
1142	9	Hide	11	2	-0.4335	0.1648
1143	9	Hide	11	2	-0.4361	0.1652
1144	9	Hide	11	2	-0.4387	0.1657
1145	9	Hide	11	2	-0.4413	0.1662
1146	9	Hide	11	2	-0.4439	0.1667
1147	9	Hide	11	2	-0.4464	0.1671
1148	9	Hide	11	2	-0.4490	0.1676
1149	9	Hide	11	2	-0.4516	0.1681
1150	9	Hide	11	2	-0.4542	0.1686
1151	9	Hide	11	2	-0.4568	0.1691
1152	9	Hide	11	2	-0.4594	0.1695
1153	9	Hide	11	2	-0.4619	0.1700
1154	9	Hide	11	2	-0.4645	0.1705
1155	9	Hide	11	2	-0.4671	0.1710
1156	9	Hide	11	2	-0.4671	0.1710
1157	9	Hide	11	2	-0.4671	0.1710
1158	9	Hide	11	2	-0.4671	0.1710
1159	9	Hide	11	2	-0.4671	0.1710
1160	9	Hide	11	2	-0.4671	0.1710
1161	9	Hide	11	2	-0.4671	0.1710
1162	9	Hide	11	2	-0.4671	0.1710
1163	9	Hide	11	2	-0.4671	0.1710
1164	9	Hide	11	2	-0.4671	0.1710
1165	9	Hide	11	2	-0.4671	0.1710
1166	9	Hide	11	2	-0.4671	0.1710
1167	9	Hide	11	2	-0.4671	0.1710
1168	9	Hide	11	2	-0.4671	0.1710
1169	9	Hide	11	2	-0.4671	0.1710
1170	9	Hide	11	2	-0.4671	0.1710
1171	9	Hide	11	2	-0.4671	0.1710
1172	9	Hide	11	2	-0.4671	0.1710
1173	9	Hide	11	2	-0.4671	0.1710
1174	9	Hide	11	2	-0.4671	0.1710
1175	9	Hide	11	2	-0.4671	0.1710
1176	9	Hide	11	2	-0.4671	0.1710
1177	9	Hide	11	2	-0.4671	0.1710
1178	9	Hide	11	2	-0.4671	0.1710
1179	9	Hide	11	2	-0.4671	0.1710
1180	9	Hide	11	2	-0.4671	0.1710
1181	9	Hide	11	2	-0.4671	0.1710
1182	9	Hide	11	2	-0.4671	0.1710
1183	9	Hide	11	2	-0.4671	0.1710
1184	9	Hide	11	2	-0.4671	0.1710
1185	9	Hide	11	2	-0.4671	0.1710
1186	9	Hide	11	2	-0.4671	0.1710
1187	9	Hide	11	2	-0.4671	0.1710
1188	9	Hide	11	2	-0.4671	0.1710
1189	9	Hide	11	2	-0.4671	0.1710
1190	9	Hide	11	2	-0.4671	0.1710
1191	9	Hide	11	2	-0.4671	0.1710
1192	9	Hide	11	2	-0.4671	0.1710
1193	9	Hide	11	2	-0.4671	0.1710
1194	9	Hide	11	2	-0.4671	0.1710
1195	9	Hide	11	2	-0.4671	0.1710
1196	9	Hide	11	2	-0.4671	0.1710
1197	9	Hide	11	2	-0.4671	0.1710
1198	9	Hide	11	2	-0.4671	0.1710
1199	9	Hide	11	2	-0.4671	0.1710
1200	9	Hide	11	2	-0.4671	0.1710
1201	9	Hide	11	2	-0.4671	0.1710
1202	9	Hide	11	2	-0.4671	0.1710
1203	9	Hide	11	2	-0.4671	0.1710
1204	9	Hide	11	2	-0.4671	0.1710
1205	9	Hide	11	2	-0.4671	0.1710
1206	9	Hide	11	2	-0.4671	0.1710
1207	9	Hide	11	2	-0.4671	0.1710
1208	9	Hide	11	2	-0.4671	0.1710
1209	9	Hide	11	2	-0.4671	0.1710
1210	9	Hide	11	2	-0.4671	0.1710
1211	9	Hide	11	2	-0.4671	0.1710
1212	9	Hide	11	2	-0.4671	0.1710
1213	9	Hide	11	2	-0.4671	0.1710
1214	9	Hide	11	2	-0.4671	0.1710
1215	9	Hide	11	2	-0.4671	0.1710
1216	9	Hide	11	2	-0.4671	0.1710
1217	9	Hide	11	2	-0.4671	0.1710
1218	9	Hide	11	2	-0.4671	0.1710
1219	9	Hide	11	2	-0.4671	0.1710
1220	9	Hide	11	2	-0.4671	0.1710
1221	9	Hide	11	2	-0.4671	0.1710
1222	9	Hide	11	2	-0.4671	0.1710
1223	9	Hide	11	2	-0.4671	0.1710
1224	9	Hide	11	2	-0.4671	0.1710
1225	9	Hide	11	2	-0.4671	0.1710
1226	9	Hide	11	2	-0.4671	0.1710
1227	9	Hide	11	2	-0.4671	0.1710
1228	9	Hide	11	2	-0.4671	0.1710
1229	9	Hide	11	2	-0.4671	0.1710
1230	9	Hide	11	2	-0.4671	0.1710
1231	9	Hide	11	2	-0.4671	0.1710
1232	9	Hide	11	2	-0.4671	0.1710
1233	9	Hide	11	2	-0.4671	0.1710
1234	9	Hide	11	2	-0.4671	0.1710
1235	9	Hide	11	2	-0.4671	0.1710
1236	9	Hide	11	2	-0.4671	0.1710
1237	9	Hide	11	2	-0.4671	0.1710
1238	9	Hide	11	2	-0.4671	0.1710
1239	9	Hide	11	2	-0.4671	0.1710
1240	9	Hide	11	2	-0.4671	0.1710
1241	9	Hide	11	2	-0.4671	0.1710
1242	9	Hide	11	2	-0.4671	0.1710
1243	9	Hide	11	2	-0.4671	0.1710
1244	9	Hide	11	2	-0.4671	0.1710
1245	9	Hide	11	2	-0.4671	0.1710
1246	9	Hide	11	2	-0.4671	0.1710
1247	9	Hide	11	2	-0.4671	0.1710
1248	9	Hide	11	2	-0.4671	0.1710
1249	9	Hide	11	2	-0.4671	0.1710
1250	9	Hide	11	2	-0.4671	0.1710
1251	9	Hide	11	2	-0.4671	0.1710
1252	9	Hide	11	2	-0.4671	0.1710
1253	9	Hide	11	2	-0.4671	0.1710
1254	9	Hide	11	2	-0.4671	0.1710
1255	9	Explore	11	2	-0.4671	0.1710
1256	10	Explore	10	3	-0.4671	0.1709
1257	10	Explore	10	3	-0.4672	0.1709
1258	10	Explore	10	3	-0.4672	0.1709
1259	10	Explore	10	3	-0.4672	0.1709
1260	10	Explore	10	3	-0.4672	0.1709
1261	10	Explore	10	3	-0.4672	0.1708
1262	10	Explore	10	3	-0.4672	0.1708
1263	10	Explore	10	3	-0.4671	0.1708
1264	10	Explore	10	3	-0.4671	0.1708
1265	10	Explore	10	3	-0.4670	0.1707
1266	10	Explore	10	3	-0.4670	0.1707
1267	10	Explore	10	3	-0.4670	0.1707
1268	10	Explore	10	3	-0.4670	0.1707
1269	10	Explore	10	3	-0.4669	0.1707
1270	10	Explore	10	3	-0.4669	0.1706
1271	10	Explore	10	3	-0.4669	0.1706
1272	10	Explore	10	3	-0.4669	0.1706
1273	10	Explore	10	3	-0.4669	0.1706
1274	10	Explore	10	3	-0.4669	0.1706
1275	10	Explore	10	3	-0.4668	0.1706
1276	10	Explore	10	3	-0.4668	0.1705
1277	10	Explore	10	3	-0.4668	0.1705
1278	10	Explore	10	3	-0.4668	0.1705
1279	10	Explore	10	3	-0.4668	0.1705
1280	10	Explore	10	3	-0.4668	0.1705
1281	10	Explore	10	3	-0.4668	0.1705
1282	10	Explore	10	3	-0.4667	0.1704
1283	10	Explore	10	3	-0.4667	0.1704
1284	10	Explore	10	3	-0.4667	0.1704
1285	10	Explore	10	3	-0.4667	0.1704
1286	10	Explore	10	3	-0.4667	0.1704
1287	10	Explore	10	3	-0.4667	0.1704
1288	10	Explore	10	3	-0.4666	0.1704
1289	10	Explore	10	3	-0.4666	0.1704
1290	10	Explore	10	3	-0.4666	0.1703
1291	10	Explore	10	3	-0.4666	0.1703
1292	10	Explore	10	3	-0.4666	0.1703
1293	10	Explore	10	3	-0.4665	0.1703
1294	10	Explore	10	3	-0.4665	0.1703
1295	10	Explore	10	3	-0.4665	0.1702
1296	10	Explore	10	3	-0.4665	0.1702
1297	10	Explore	10	3	-0.4665	0.1702
1298	10	Explore	10	3	-0.4664	0.1702
1299	10	Explore	10	3	-0.4663	0.1702
1300	10	Explore	10	3	-0.4660	0.1702
1301	10	Explore	10	3	-0.4655	0.1702
1302	10	Explore	10	3	-0.4649	0.1702
1303	10	Explore	10	3	-0.4644	0.1702
1304	10	Explore	10	3	-0.4640	0.1702
1305	10	Explore	10	3	-0.4636	0.1702
1306	10	Explore	10	3	-0.4633	0.1702
1307	10	Explore	10	3	-0.4630	0.1702
1308	10	Explore	10	3	-0.4629	0.1702
1309	10	Explore	10	3	-0.4629	0.1702
1310	10	Explore	10	3	-0.4620	0.1678
1311	10	Explore	10	3	-0.4611	0.1653
1312	10	Explore	10	3	-0.4602	0.1628
1313	10	Explore	10	3	-0.4593	0.1604
1314	10	Explore	10	3	-0.4584	0.1579
1315	10	Explore	10	3	-0.4576	0.1554
1316	10	Explore	10	3	-0.4567	0.1530
1317	10	Explore	10	3	-0.4558	0.1505
1318	10	Explore	10	3	-0.4549	0.1480
1319	10	Explore	10	3	-0.4540	0.1455
1320	10	Explore	10	3	-0.4531	0.1431
1321	10	Explore	10	3	-0.4522	0.1406
1322	10	Explore	10	3	-0.4513	0.1381
1323	10	Explore	10	3	-0.4504	0.1357
1324	10	Explore	10	3	-0.4496	0.1332
1325	10	Explore	10	3	-0.4487	0.1307
1326	10	Explore	10	3	-0.4478	0.1283
1327	10	Explore	10	3	-0.4469	0.1258
1328	10	Explore	10	3	-0.4460	0.1233
1329	10	Explore	10	3	-0.4451	0.1208
1330	10	Explore	10	3	-0.4442	0.1184
1331	10	Explore	10	3	-0.4433	0.1159
1332	10	Explore	10	3	-0.4424	0.1134
1333	10	Explore	10	3	-0.4424	0.1134
1334	10	Explore	10	3	-0.4424	0.1135
1335	10	Explore	10	3	-0.4424	0.1135
1336	10	Explore	10	3	-0.4424	0.1135
1337	10	Explore	10	3	-0.4424	0.1135
1338	10	Explore	10	3	-0.4423	0.1135
1339	10	Explore	10	3	-0.4423	0.1135
1340	10	Explore	10	3	-0.4423	0.1136
