TimeStep	Transitions	State	FearLevel	HungerLevel	PosX	posZ
0	0	Hide	20	0	0.1863	-0.1251
1	1	Hide	19	1	0.1863	-0.1251
2	1	Hide	19	1	0.1864	-0.1251
3	1	Hide	19	1	0.1864	-0.1251
4	1	Hide	19	1	0.1864	-0.1251
5	1	Hide	19	1	0.1864	-0.1251
6	1	Hide	19	1	0.1859	-0.1225
7	1	Hide	19	1	0.1854	-0.1200
8	1	Hide	19	1	0.1849	-0.1174
9	1	Hide	19	1	0.1844	-0.1148
10	1	Hide	19	1	0.1840	-0.1122
11	1	Hide	19	1	0.1835	-0.1096
12	1	Hide	19	1	0.1830	-0.1071
13	1	Hide	19	1	0.1825	-0.1045
14	1	Hide	19	1	0.1820	-0.1019
15	1	Hide	19	1	0.1815	-0.0993
16	1	Hide	19	1	0.1810	-0.0968
17	1	Hide	19	1	0.1805	-0.0942
18	1	Hide	19	1	0.1800	-0.0916
19	1	Hide	19	1	0.1795	-0.0890
20	1	Hide	19	1	0.1790	-0.0864
21	1	Hide	19	1	0.1785	-0.0839
22	1	Hide	19	1	0.1780	-0.0813
23	1	Hide	19	1	0.1776	-0.0787
24	1	Hide	19	1	0.1771	-0.0761
25	1	Hide	19	1	0.1766	-0.0736
26	1	Hide	19	1	0.1761	-0.0710
27	1	Hide	19	1	0.1756	-0.0684
28	1	Hide	19	1	0.1751	-0.0658
29	1	Hide	19	1	0.1746	-0.0632
30	1	Hide	19	1	0.1741	-0.0607
31	1	Hide	19	1	0.1736	-0.0581
32	1	Hide	19	1	0.1731	-0.0555
33	1	Hide	19	1	0.1726	-0.0529
34	1	Hide	19	1	0.1721	-0.0503
35	1	Hide	19	1	0.1716	-0.0478
36	1	Hide	19	1	0.1712	-0.0452
37	1	Hide	19	1	0.1707	-0.0426
38	1	Hide	19	1	0.1702	-0.0400
39	1	Hide	19	1	0.1697	-0.0375
40	1	Hide	19	1	0.1692	-0.0349
41	1	Hide	19	1	0.1687	-0.0323
42	1	Hide	19	1	0.1682	-0.0297
43	1	Hide	19	1	0.1677	-0.0271
44	1	Hide	19	1	0.1672	-0.0246
45	1	Hide	19	1	0.1667	-0.0220
46	1	Hide	19	1	0.1662	-0.0194
47	1	Hide	19	1	0.1657	-0.0168
48	1	Hide	19	1	0.1652	-0.0143
49	1	Hide	19	1	0.1648	-0.0117
50	1	Hide	19	1	0.1643	-0.0091
51	1	Hide	19	1	0.1638	-0.0065
52	1	Hide	19	1	0.1633	-0.0039
53	1	Hide	19	1	0.1628	-0.0014
54	1	Hide	19	1	0.1623	0.0012
55	1	Hide	19	1	0.1618	0.0038
56	1	Hide	19	1	0.1613	0.0064
57	1	Hide	19	1	0.1608	0.0090
58	1	Hide	19	1	0.1603	0.0115
59	1	Hide	19	1	0.1598	0.0141
60	1	Hide	19	1	0.1593	0.0167
61	1	Hide	19	1	0.1588	0.0193
62	1	Hide	19	1	0.1583	0.0218
63	1	Hide	19	1	0.1579	0.0244
64	1	Hide	19	1	0.1574	0.0270
65	1	Hide	19	1	0.1569	0.0296
66	1	Hide	19	1	0.1564	0.0322
67	1	Hide	19	1	0.1559	0.0347
68	1	Hide	19	1	0.1554	0.0373
69	1	Hide	19	1	0.1549	0.0399
70	1	Hide	19	1	0.1544	0.0425
71	1	Hide	19	1	0.1539	0.0450
72	1	Hide	19	1	0.1534	0.0476
73	1	Hide	19	1	0.1529	0.0502
74	1	Hide	19	1	0.1524	0.0528
75	1	Hide	19	1	0.1519	0.0554
76	1	Hide	19	1	0.1514	0.0579
77	1	Hide	19	1	0.1510	0.0605
78	1	Hide	19	1	0.1505	0.0631
79	1	Hide	19	1	0.1500	0.0657
80	1	Hide	19	1	0.1495	0.0682
81	1	Hide	19	1	0.1490	0.0708
82	1	Hide	19	1	0.1485	0.0734
83	1	Hide	19	1	0.1480	0.0760
84	1	Hide	19	1	0.1475	0.0786
85	1	Hide	19	1	0.1470	0.0811
86	1	Hide	19	1	0.1465	0.0837
87	1	Hide	19	1	0.1460	0.0863
88	1	Hide	19	1	0.1455	0.0889
89	1	Hide	19	1	0.1450	0.0915
90	1	Hide	19	1	0.1445	0.0940
91	1	Hide	19	1	0.1440	0.0966
92	1	Hide	19	1	0.1436	0.0992
93	1	Hide	19	1	0.1431	0.1018
94	1	Hide	19	1	0.1426	0.1043
95	1	Hide	19	1	0.1421	0.1069
96	1	Hide	19	1	0.1416	0.1095
97	1	Hide	19	1	0.1411	0.1121
98	1	Hide	19	1	0.1406	0.1147
99	1	Hide	19	1	0.1401	0.1172
100	1	Hide	19	1	0.1396	0.1198
101	1	Hide	19	1	0.1391	0.1224
102	1	Hide	19	1	0.1386	0.1250
103	1	Hide	19	1	0.1381	0.1275
104	1	Hide	19	1	0.1376	0.1301
105	1	Hide	19	1	0.1371	0.1327
106	1	Hide	19	1	0.1367	0.1353
107	1	Hide	19	1	0.1362	0.1379
108	1	Hide	19	1	0.1357	0.1404
109	1	Hide	19	1	0.1352	0.1430
110	1	Hide	19	1	0.1347	0.1456
111	1	Hide	19	1	0.1342	0.1482
112	1	Hide	19	1	0.1337	0.1507
113	1	Hide	19	1	0.1332	0.1533
114	1	Hide	19	1	0.1327	0.1559
115	1	Hide	19	1	0.1322	0.1585
116	1	Hide	19	1	0.1317	0.1611
117	1	Hide	19	1	0.1312	0.1636
118	1	Hide	19	1	0.1307	0.1662
119	1	Hide	19	1	0.1302	0.1688
120	1	Hide	19	1	0.1297	0.1714
121	1	Hide	19	1	0.1292	0.1739
122	1	Hide	19	1	0.1288	0.1765
123	1	Hide	19	1	0.1283	0.1791
124	1	Hide	19	1	0.1278	0.1817
125	1	Hide	19	1	0.1273	0.1843
126	1	Hide	19	1	0.1268	0.1868
127	1	Hide	19	1	0.1263	0.1894
128	1	Hide	19	1	0.1258	0.1920
129	1	Hide	19	1	0.1253	0.1946
130	1	Hide	19	1	0.1248	0.1971
131	1	Hide	19	1	0.1243	0.1997
132	1	Hide	19	1	0.1238	0.2023
133	1	Hide	19	1	0.1233	0.2049
134	1	Hide	19	1	0.1228	0.2075
135	1	Hide	19	1	0.1223	0.2100
136	1	Hide	19	1	0.1218	0.2126
137	1	Hide	19	1	0.1213	0.2152
138	1	Hide	19	1	0.1209	0.2178
139	1	Hide	19	1	0.1204	0.2204
140	1	Hide	19	1	0.1199	0.2229
141	1	Hide	19	1	0.1194	0.2255
142	1	Hide	19	1	0.1189	0.2281
143	1	Hide	19	1	0.1184	0.2307
144	1	Hide	19	1	0.1179	0.2332
145	1	Hide	19	1	0.1174	0.2358
146	1	Hide	19	1	0.1169	0.2384
147	1	Hide	19	1	0.1164	0.2410
148	1	Hide	19	1	0.1159	0.2436
149	1	Hide	19	1	0.1154	0.2461
150	1	Hide	19	1	0.1149	0.2487
151	1	Hide	19	1	0.1144	0.2513
152	1	Hide	19	1	0.1139	0.2539
153	1	Hide	19	1	0.1134	0.2564
154	1	Hide	19	1	0.1130	0.2590
155	1	Hide	19	1	0.1125	0.2616
156	1	Hide	19	1	0.1120	0.2642
157	1	Hide	19	1	0.1115	0.2668
158	1	Hide	19	1	0.1110	0.2693
159	1	Hide	19	1	0.1105	0.2719
160	1	Hide	19	1	0.1100	0.2745
161	1	Hide	19	1	0.1095	0.2771
162	1	Hide	19	1	0.1090	0.2796
163	1	Hide	19	1	0.1085	0.2822
164	1	Hide	19	1	0.1080	0.2848
165	1	Hide	19	1	0.1075	0.2874
166	1	Hide	19	1	0.1070	0.2900
167	1	Hide	19	1	0.1065	0.2925
168	1	Hide	19	1	0.1060	0.2951
169	1	Hide	19	1	0.1055	0.2977
170	1	Hide	19	1	0.1050	0.3003
171	1	Hide	19	1	0.1046	0.3028
172	1	Hide	19	1	0.1041	0.3054
173	1	Hide	19	1	0.1036	0.3080
174	1	Hide	19	1	0.1031	0.3106
175	1	Hide	19	1	0.1026	0.3132
176	1	Hide	19	1	0.1021	0.3157
177	1	Hide	19	1	0.1016	0.3183
178	1	Hide	19	1	0.1011	0.3209
179	1	Hide	19	1	0.1006	0.3235
180	1	Hide	19	1	0.1001	0.3260
181	1	Hide	19	1	0.0996	0.3286
182	1	Hide	19	1	0.0991	0.3312
183	1	Hide	19	1	0.0986	0.3338
184	1	Hide	19	1	0.0981	0.3364
185	1	Hide	19	1	0.0976	0.3389
186	1	Hide	19	1	0.0971	0.3415
187	1	Hide	19	1	0.0966	0.3441
188	1	Hide	19	1	0.0961	0.3467
189	1	Hide	19	1	0.0957	0.3492
190	1	Hide	19	1	0.0952	0.3518
191	1	Hide	19	1	0.0947	0.3544
192	1	Hide	19	1	0.0942	0.3570
193	1	Hide	19	1	0.0937	0.3596
194	1	Hide	19	1	0.0932	0.3621
195	1	Hide	19	1	0.0927	0.3647
196	1	Hide	19	1	0.0922	0.3673
197	1	Hide	19	1	0.0917	0.3699
198	1	Hide	19	1	0.0912	0.3724
199	1	Hide	19	1	0.0907	0.3750
200	1	Hide	19	1	0.0902	0.3776
201	1	Hide	19	1	0.0897	0.3802
202	1	Hide	19	1	0.0892	0.3828
203	1	Hide	19	1	0.0887	0.3853
204	1	Hide	19	1	0.0882	0.3879
205	1	Hide	19	1	0.0877	0.3905
206	1	Hide	19	1	0.0872	0.3931
207	1	Hide	19	1	0.0868	0.3956
208	1	Hide	19	1	0.0863	0.3982
209	1	Hide	19	1	0.0858	0.4008
210	1	Hide	19	1	0.0853	0.4034
211	1	Hide	19	1	0.0848	0.4060
212	1	Hide	19	1	0.0843	0.4085
213	1	Hide	19	1	0.0838	0.4111
214	1	Hide	19	1	0.0833	0.4137
215	1	Hide	19	1	0.0828	0.4163
216	1	Hide	19	1	0.0823	0.4188
217	1	Hide	19	1	0.0818	0.4214
218	1	Hide	19	1	0.0813	0.4240
219	1	Hide	19	1	0.0808	0.4266
220	1	Hide	19	1	0.0803	0.4292
221	1	Hide	19	1	0.0798	0.4317
222	1	Hide	19	1	0.0793	0.4343
223	1	Hide	19	1	0.0788	0.4369
224	1	Hide	19	1	0.0783	0.4395
225	1	Hide	19	1	0.0778	0.4420
226	1	Hide	19	1	0.0773	0.4446
227	1	Hide	19	1	0.0769	0.4472
228	1	Hide	19	1	0.0764	0.4498
229	1	Hide	19	1	0.0759	0.4524
230	1	Hide	19	1	0.0754	0.4549
231	1	Hide	19	1	0.0749	0.4575
232	1	Hide	19	1	0.0744	0.4601
233	1	Hide	19	1	0.0739	0.4627
234	1	Hide	19	1	0.0734	0.4652
235	1	Hide	19	1	0.0729	0.4678
236	1	Hide	19	1	0.0729	0.4678
237	1	Hide	19	1	0.0729	0.4678
238	1	Hide	19	1	0.0729	0.4678
239	1	Hide	19	1	0.0729	0.4678
240	1	Hide	19	1	0.0729	0.4678
241	1	Hide	19	1	0.0729	0.4678
242	1	Hide	19	1	0.0729	0.4678
243	1	Hide	19	1	0.0729	0.4678
244	1	Hide	19	1	0.0729	0.4678
245	1	Hide	19	1	0.0729	0.4678
246	1	Hide	19	1	0.0729	0.4678
247	1	Hide	19	1	0.0729	0.4678
248	1	Hide	19	1	0.0729	0.4678
249	1	Hide	19	1	0.0729	0.4678
250	1	Hide	19	1	0.0729	0.4678
251	1	Hide	19	1	0.0729	0.4678
252	1	Hide	19	1	0.0729	0.4678
253	1	Hide	19	1	0.0729	0.4678
254	1	Hide	19	1	0.0729	0.4678
255	1	Hide	19	1	0.0729	0.4678
256	1	Hide	19	1	0.0729	0.4678
257	1	Hide	19	1	0.0729	0.4678
258	1	Hide	19	1	0.0729	0.4678
259	1	Hide	19	1	0.0729	0.4678
260	1	Hide	19	1	0.0729	0.4678
261	1	Hide	19	1	0.0729	0.4678
262	1	Hide	19	1	0.0729	0.4678
263	1	Hide	19	1	0.0729	0.4678
264	1	Hide	19	1	0.0729	0.4678
265	1	Hide	19	1	0.0729	0.4678
266	1	Hide	19	1	0.0729	0.4678
267	1	Hide	19	1	0.0729	0.4678
268	1	Hide	19	1	0.0729	0.4678
269	1	Hide	19	1	0.0729	0.4678
270	1	Hide	19	1	0.0729	0.4678
271	1	Hide	19	1	0.0729	0.4678
272	1	Hide	19	1	0.0729	0.4678
273	1	Hide	19	1	0.0729	0.4678
274	1	Hide	19	1	0.0729	0.4678
275	1	Hide	19	1	0.0729	0.4678
276	1	Hide	19	1	0.0729	0.4678
277	1	Hide	19	1	0.0729	0.4678
278	1	Hide	19	1	0.0729	0.4678
279	1	Hide	19	1	0.0729	0.4678
280	1	Hide	19	1	0.0729	0.4678
281	1	Hide	19	1	0.0729	0.4678
282	1	Hide	19	1	0.0729	0.4678
283	1	Hide	19	1	0.0729	0.4678
284	1	Hide	19	1	0.0729	0.4678
285	1	Hide	19	1	0.0729	0.4678
286	1	Hide	19	1	0.0729	0.4678
287	1	Hide	19	1	0.0729	0.4678
288	1	Hide	19	1	0.0729	0.4678
289	1	Hide	19	1	0.0729	0.4678
290	1	Hide	19	1	0.0729	0.4678
291	1	Hide	19	1	0.0729	0.4678
292	1	Hide	19	1	0.0729	0.4678
293	1	Hide	19	1	0.0729	0.4678
294	1	Hide	19	1	0.0729	0.4678
295	1	Hide	19	1	0.0729	0.4678
296	1	Hide	19	1	0.0729	0.4678
297	1	Hide	19	1	0.0729	0.4678
298	1	Hide	19	1	0.0729	0.4678
299	1	Hide	19	1	0.0729	0.4678
300	1	Hide	19	1	0.0729	0.4678
301	1	Hide	19	1	0.0729	0.4678
302	1	Hide	19	1	0.0729	0.4678
303	1	Hide	19	1	0.0729	0.4678
304	1	Hide	19	1	0.0729	0.4678
305	1	Hide	19	1	0.0729	0.4678
306	1	Hide	19	1	0.0729	0.4678
307	1	Hide	19	1	0.0729	0.4678
308	1	Hide	19	1	0.0729	0.4678
309	1	Hide	19	1	0.0729	0.4678
310	1	Hide	19	1	0.0729	0.4678
311	1	Hide	19	1	0.0729	0.4678
312	1	Hide	19	1	0.0729	0.4678
313	1	Hide	19	1	0.0729	0.4678
314	1	Hide	19	1	0.0729	0.4678
315	1	Hide	19	1	0.0729	0.4678
316	1	Hide	19	1	0.0729	0.4678
317	1	Hide	19	1	0.0729	0.4678
318	1	Hide	19	1	0.0729	0.4678
319	1	Hide	19	1	0.0729	0.4678
320	1	Hide	19	1	0.0729	0.4678
321	1	Hide	19	1	0.0729	0.4678
322	1	Hide	19	1	0.0729	0.4678
323	1	Hide	19	1	0.0729	0.4678
324	1	Hide	19	1	0.0729	0.4678
325	1	Hide	19	1	0.0729	0.4678
326	1	Hide	19	1	0.0729	0.4678
327	1	Hide	19	1	0.0729	0.4678
328	1	Hide	19	1	0.0729	0.4678
329	1	Hide	19	1	0.0729	0.4678
330	1	Hide	19	1	0.0729	0.4678
331	1	Hide	19	1	0.0729	0.4678
332	1	Hide	19	1	0.0729	0.4678
333	1	Hide	19	1	0.0729	0.4678
334	1	Hide	19	1	0.0729	0.4678
335	1	Explore	19	1	0.0729	0.4678
336	2	Explore	18	2	0.0729	0.4678
337	2	Explore	18	2	0.0729	0.4678
338	2	Explore	18	2	0.0728	0.4678
339	2	Explore	18	2	0.0728	0.4678
340	2	Explore	18	2	0.0728	0.4677
341	2	Explore	18	2	0.0728	0.4677
342	2	Explore	18	2	0.0728	0.4677
343	2	Explore	18	2	0.0727	0.4677
344	2	Explore	18	2	0.0727	0.4677
345	2	Explore	18	2	0.0727	0.4677
346	2	Explore	18	2	0.0727	0.4676
347	2	Explore	18	2	0.0727	0.4676
348	2	Explore	18	2	0.0726	0.4676
349	2	Explore	18	2	0.0726	0.4676
350	2	Explore	18	2	0.0726	0.4676
351	2	Explore	18	2	0.0726	0.4676
352	2	Explore	18	2	0.0726	0.4676
353	2	Explore	18	2	0.0726	0.4675
354	2	Explore	18	2	0.0726	0.4675
355	2	Explore	18	2	0.0725	0.4675
356	2	Explore	18	2	0.0725	0.4675
357	2	Explore	18	2	0.0725	0.4675
358	2	Explore	18	2	0.0725	0.4675
359	2	Explore	18	2	0.0725	0.4674
360	2	Explore	18	2	0.0725	0.4674
361	2	Explore	18	2	0.0725	0.4674
362	2	Explore	18	2	0.0724	0.4674
363	2	Explore	18	2	0.0724	0.4674
364	2	Explore	18	2	0.0724	0.4673
365	2	Explore	18	2	0.0724	0.4673
366	2	Explore	18	2	0.0724	0.4673
367	2	Explore	18	2	0.0724	0.4673
368	2	Explore	18	2	0.0724	0.4670
369	2	Explore	18	2	0.0724	0.4666
370	2	Explore	18	2	0.0724	0.4662
371	2	Explore	18	2	0.0724	0.4658
372	2	Explore	18	2	0.0724	0.4652
373	2	Hide	18	2	0.0724	0.4647
374	3	Hide	17	3	0.0724	0.4648
375	3	Hide	17	3	0.0698	0.4646
376	3	Hide	17	3	0.0697	0.4646
377	3	Hide	17	3	0.0697	0.4647
378	3	Hide	17	3	0.0697	0.4647
379	3	Hide	17	3	0.0697	0.4647
380	3	Hide	17	3	0.0671	0.4650
381	3	Hide	17	3	0.0645	0.4652
382	3	Hide	17	3	0.0619	0.4655
383	3	Hide	17	3	0.0593	0.4658
384	3	Hide	17	3	0.0567	0.4660
385	3	Hide	17	3	0.0541	0.4663
386	3	Hide	17	3	0.0515	0.4666
387	3	Hide	17	3	0.0514	0.4666
388	3	Hide	17	3	0.0489	0.4670
389	3	Hide	17	3	0.0488	0.4670
390	3	Hide	17	3	0.0463	0.4675
391	3	Hide	17	3	0.0437	0.4679
392	3	Hide	17	3	0.0437	0.4679
393	3	Hide	17	3	0.0437	0.4679
394	3	Hide	17	3	0.0437	0.4679
395	3	Hide	17	3	0.0437	0.4679
396	3	Hide	17	3	0.0437	0.4679
397	3	Hide	17	3	0.0437	0.4679
398	3	Hide	17	3	0.0437	0.4679
399	3	Hide	17	3	0.0437	0.4679
400	3	Hide	17	3	0.0437	0.4679
401	3	Hide	17	3	0.0437	0.4679
402	3	Hide	17	3	0.0437	0.4679
403	3	Hide	17	3	0.0437	0.4679
404	3	Hide	17	3	0.0437	0.4679
405	3	Hide	17	3	0.0437	0.4679
406	3	Hide	17	3	0.0437	0.4679
407	3	Hide	17	3	0.0437	0.4679
408	3	Hide	17	3	0.0437	0.4679
409	3	Hide	17	3	0.0437	0.4679
410	3	Hide	17	3	0.0437	0.4679
411	3	Hide	17	3	0.0437	0.4679
412	3	Hide	17	3	0.0437	0.4679
413	3	Hide	17	3	0.0437	0.4679
414	3	Hide	17	3	0.0437	0.4679
415	3	Hide	17	3	0.0437	0.4679
416	3	Hide	17	3	0.0437	0.4679
417	3	Hide	17	3	0.0437	0.4679
418	3	Hide	17	3	0.0437	0.4679
419	3	Hide	17	3	0.0437	0.4679
420	3	Hide	17	3	0.0437	0.4679
421	3	Hide	17	3	0.0437	0.4679
422	3	Hide	17	3	0.0437	0.4679
423	3	Hide	17	3	0.0437	0.4679
424	3	Hide	17	3	0.0437	0.4679
425	3	Hide	17	3	0.0437	0.4679
426	3	Hide	17	3	0.0437	0.4679
427	3	Hide	17	3	0.0437	0.4679
428	3	Hide	17	3	0.0437	0.4679
429	3	Hide	17	3	0.0437	0.4679
430	3	Hide	17	3	0.0437	0.4679
431	3	Hide	17	3	0.0437	0.4679
432	3	Hide	17	3	0.0437	0.4679
433	3	Hide	17	3	0.0437	0.4679
434	3	Hide	17	3	0.0437	0.4679
435	3	Hide	17	3	0.0437	0.4679
436	3	Hide	17	3	0.0437	0.4679
437	3	Hide	17	3	0.0437	0.4679
438	3	Hide	17	3	0.0437	0.4679
439	3	Hide	17	3	0.0437	0.4679
440	3	Hide	17	3	0.0437	0.4679
441	3	Hide	17	3	0.0437	0.4679
442	3	Hide	17	3	0.0437	0.4679
443	3	Hide	17	3	0.0437	0.4679
444	3	Hide	17	3	0.0437	0.4679
445	3	Hide	17	3	0.0437	0.4679
446	3	Hide	17	3	0.0437	0.4679
447	3	Hide	17	3	0.0437	0.4679
448	3	Hide	17	3	0.0437	0.4679
449	3	Hide	17	3	0.0437	0.4679
450	3	Hide	17	3	0.0437	0.4679
451	3	Hide	17	3	0.0437	0.4679
452	3	Hide	17	3	0.0437	0.4679
453	3	Hide	17	3	0.0437	0.4679
454	3	Hide	17	3	0.0437	0.4679
455	3	Hide	17	3	0.0437	0.4679
456	3	Hide	17	3	0.0437	0.4679
457	3	Hide	17	3	0.0437	0.4679
458	3	Hide	17	3	0.0437	0.4679
459	3	Hide	17	3	0.0437	0.4679
460	3	Hide	17	3	0.0437	0.4679
461	3	Hide	17	3	0.0437	0.4679
462	3	Hide	17	3	0.0437	0.4679
463	3	Hide	17	3	0.0437	0.4679
464	3	Hide	17	3	0.0437	0.4679
465	3	Hide	17	3	0.0437	0.4679
466	3	Hide	17	3	0.0437	0.4679
467	3	Hide	17	3	0.0437	0.4679
468	3	Hide	17	3	0.0437	0.4679
469	3	Hide	17	3	0.0437	0.4679
470	3	Hide	17	3	0.0437	0.4679
471	3	Hide	17	3	0.0437	0.4679
472	3	Hide	17	3	0.0437	0.4679
473	3	Hide	17	3	0.0437	0.4679
474	3	Hide	17	3	0.0437	0.4679
475	3	Hide	17	3	0.0437	0.4679
476	3	Hide	17	3	0.0437	0.4679
477	3	Hide	17	3	0.0437	0.4679
478	3	Hide	17	3	0.0437	0.4679
479	3	Hide	17	3	0.0437	0.4679
480	3	Hide	17	3	0.0437	0.4679
481	3	Hide	17	3	0.0437	0.4679
482	3	Hide	17	3	0.0437	0.4679
483	3	Hide	17	3	0.0437	0.4679
484	3	Hide	17	3	0.0437	0.4679
485	3	Hide	17	3	0.0437	0.4679
486	3	Hide	17	3	0.0437	0.4679
487	3	Hide	17	3	0.0437	0.4679
488	3	Hide	17	3	0.0437	0.4679
489	3	Hide	17	3	0.0437	0.4679
490	3	Hide	17	3	0.0437	0.4679
491	3	Explore	17	3	0.0437	0.4679
492	4	Hide	16	4	0.0437	0.4675
493	5	Hide	15	5	0.0437	0.4675
494	5	Hide	15	5	0.0437	0.4675
495	5	Hide	15	5	0.0438	0.4676
496	5	Hide	15	5	0.0438	0.4676
497	5	Hide	15	5	0.0438	0.4676
498	5	Hide	15	5	0.0438	0.4676
499	5	Hide	15	5	0.0438	0.4676
500	5	Hide	15	5	0.0438	0.4676
501	5	Hide	15	5	0.0438	0.4676
502	5	Hide	15	5	0.0438	0.4676
503	5	Hide	15	5	0.0438	0.4676
504	5	Hide	15	5	0.0438	0.4676
505	5	Hide	15	5	0.0438	0.4676
506	5	Hide	15	5	0.0438	0.4676
507	5	Hide	15	5	0.0438	0.4676
508	5	Hide	15	5	0.0438	0.4676
509	5	Hide	15	5	0.0438	0.4676
510	5	Hide	15	5	0.0438	0.4676
511	5	Hide	15	5	0.0438	0.4676
512	5	Hide	15	5	0.0438	0.4676
513	5	Hide	15	5	0.0438	0.4676
514	5	Hide	15	5	0.0438	0.4676
515	5	Hide	15	5	0.0438	0.4676
516	5	Hide	15	5	0.0438	0.4676
517	5	Hide	15	5	0.0438	0.4676
518	5	Hide	15	5	0.0438	0.4676
519	5	Hide	15	5	0.0438	0.4676
520	5	Hide	15	5	0.0438	0.4676
521	5	Hide	15	5	0.0438	0.4676
522	5	Hide	15	5	0.0438	0.4676
523	5	Hide	15	5	0.0438	0.4676
524	5	Hide	15	5	0.0438	0.4676
525	5	Hide	15	5	0.0438	0.4676
526	5	Hide	15	5	0.0438	0.4676
527	5	Hide	15	5	0.0438	0.4676
528	5	Hide	15	5	0.0438	0.4676
529	5	Hide	15	5	0.0438	0.4676
530	5	Hide	15	5	0.0438	0.4676
531	5	Hide	15	5	0.0438	0.4676
532	5	Hide	15	5	0.0438	0.4676
533	5	Hide	15	5	0.0438	0.4676
534	5	Hide	15	5	0.0438	0.4676
535	5	Hide	15	5	0.0438	0.4676
536	5	Hide	15	5	0.0438	0.4676
537	5	Hide	15	5	0.0438	0.4676
538	5	Hide	15	5	0.0438	0.4676
539	5	Hide	15	5	0.0438	0.4676
540	5	Hide	15	5	0.0438	0.4676
541	5	Hide	15	5	0.0438	0.4676
542	5	Hide	15	5	0.0438	0.4676
543	5	Hide	15	5	0.0438	0.4676
544	5	Hide	15	5	0.0438	0.4676
545	5	Hide	15	5	0.0438	0.4676
546	5	Hide	15	5	0.0438	0.4676
547	5	Hide	15	5	0.0438	0.4676
548	5	Hide	15	5	0.0438	0.4676
549	5	Hide	15	5	0.0438	0.4676
550	5	Hide	15	5	0.0438	0.4676
551	5	Hide	15	5	0.0438	0.4676
552	5	Hide	15	5	0.0438	0.4676
553	5	Hide	15	5	0.0438	0.4676
554	5	Hide	15	5	0.0438	0.4676
555	5	Hide	15	5	0.0438	0.4676
556	5	Hide	15	5	0.0438	0.4676
557	5	Hide	15	5	0.0438	0.4676
558	5	Hide	15	5	0.0438	0.4676
559	5	Hide	15	5	0.0438	0.4676
560	5	Hide	15	5	0.0438	0.4676
561	5	Hide	15	5	0.0438	0.4676
562	5	Hide	15	5	0.0438	0.4676
563	5	Hide	15	5	0.0438	0.4676
564	5	Hide	15	5	0.0438	0.4676
565	5	Hide	15	5	0.0438	0.4676
566	5	Hide	15	5	0.0438	0.4676
567	5	Hide	15	5	0.0438	0.4676
568	5	Hide	15	5	0.0438	0.4676
569	5	Hide	15	5	0.0438	0.4676
570	5	Hide	15	5	0.0438	0.4676
571	5	Hide	15	5	0.0438	0.4676
572	5	Hide	15	5	0.0438	0.4676
573	5	Hide	15	5	0.0438	0.4676
574	5	Hide	15	5	0.0438	0.4676
575	5	Hide	15	5	0.0438	0.4676
576	5	Hide	15	5	0.0438	0.4676
577	5	Hide	15	5	0.0438	0.4676
578	5	Hide	15	5	0.0438	0.4676
579	5	Hide	15	5	0.0438	0.4676
580	5	Hide	15	5	0.0438	0.4676
581	5	Hide	15	5	0.0438	0.4676
582	5	Hide	15	5	0.0438	0.4676
583	5	Hide	15	5	0.0438	0.4676
584	5	Hide	15	5	0.0438	0.4676
585	5	Hide	15	5	0.0438	0.4676
586	5	Hide	15	5	0.0438	0.4676
587	5	Hide	15	5	0.0438	0.4676
588	5	Hide	15	5	0.0438	0.4676
589	5	Hide	15	5	0.0438	0.4676
590	5	Hide	15	5	0.0438	0.4676
591	5	Hide	15	5	0.0438	0.4676
592	5	Hide	15	5	0.0438	0.4676
593	5	Hide	15	5	0.0438	0.4676
594	5	Hide	15	5	0.0438	0.4676
595	5	Explore	15	5	0.0438	0.4676
596	6	Explore	14	6	0.0438	0.4675
597	6	Eat	14	6	0.0437	0.4675
598	7	Eat	13	7	0.0411	0.4678
599	7	Eat	13	7	0.0385	0.4677
600	7	Eat	13	7	0.0360	0.4675
601	7	Eat	13	7	0.0334	0.4674
602	7	Eat	13	7	0.0308	0.4672
603	7	Eat	13	7	0.0281	0.4671
604	7	Eat	13	7	0.0255	0.4670
605	7	Eat	13	7	0.0255	0.4666
606	7	Eat	13	7	0.0255	0.4663
607	7	Eat	13	7	0.0229	0.4662
608	7	Eat	13	7	0.0229	0.4657
609	7	Eat	13	7	0.0203	0.4656
610	7	Eat	13	7	0.0203	0.4651
611	7	Eat	13	7	0.0177	0.4649
612	7	Eat	13	7	0.0176	0.4645
613	7	Eat	13	7	0.0150	0.4642
614	7	Eat	13	7	0.0150	0.4640
615	7	Eat	13	7	0.0150	0.4636
616	7	Eat	13	7	0.0150	0.4633
617	7	Eat	13	7	0.0150	0.4630
618	7	Eat	13	7	0.0125	0.4623
619	7	Eat	13	7	0.0100	0.4616
620	7	Eat	13	7	0.0100	0.4615
621	7	Eat	13	7	0.0100	0.4615
622	7	Eat	13	7	0.0076	0.4605
623	7	Eat	13	7	0.0051	0.4595
624	7	Eat	13	7	0.0027	0.4585
625	7	Eat	13	7	0.0027	0.4584
626	7	Eat	13	7	0.0028	0.4584
627	7	Eat	13	7	0.0028	0.4584
628	7	Eat	13	7	0.0005	0.4571
629	7	Eat	13	7	-0.0017	0.4557
630	7	Eat	13	7	-0.0039	0.4543
631	7	Eat	13	7	-0.0039	0.4543
632	7	Eat	13	7	-0.0039	0.4542
633	7	Eat	13	7	-0.0039	0.4542
634	7	Eat	13	7	-0.0039	0.4542
635	7	Eat	13	7	-0.0039	0.4542
636	7	Eat	13	7	-0.0039	0.4542
637	7	Eat	13	7	-0.0038	0.4542
638	7	Eat	13	7	-0.0038	0.4542
639	7	Eat	13	7	-0.0055	0.4521
640	7	Eat	13	7	-0.0055	0.4521
641	7	Eat	13	7	-0.0055	0.4521
642	7	Eat	13	7	-0.0055	0.4521
643	7	Eat	13	7	-0.0055	0.4521
644	7	Eat	13	7	-0.0054	0.4521
645	7	Eat	13	7	-0.0054	0.4520
646	7	Eat	13	7	-0.0054	0.4520
647	7	Eat	13	7	-0.0054	0.4520
648	7	Eat	13	7	-0.0064	0.4496
649	7	Eat	13	7	-0.0073	0.4471
650	7	Eat	13	7	-0.0083	0.4447
651	7	Eat	13	7	-0.0092	0.4422
652	7	Eat	13	7	-0.0101	0.4398
653	7	Eat	13	7	-0.0109	0.4373
654	7	Eat	13	7	-0.0117	0.4348
655	7	Eat	13	7	-0.0125	0.4323
656	7	Eat	13	7	-0.0132	0.4297
657	7	Eat	13	7	-0.0139	0.4272
658	7	Eat	13	7	-0.0145	0.4247
659	7	Eat	13	7	-0.0151	0.4221
660	7	Eat	13	7	-0.0157	0.4195
661	7	Eat	13	7	-0.0162	0.4170
662	7	Eat	13	7	-0.0167	0.4144
663	7	Eat	13	7	-0.0172	0.4118
664	7	Eat	13	7	-0.0176	0.4092
665	7	Eat	13	7	-0.0180	0.4066
666	7	Eat	13	7	-0.0184	0.4040
667	7	Eat	13	7	-0.0187	0.4014
668	7	Eat	13	7	-0.0191	0.3988
669	7	Eat	13	7	-0.0194	0.3962
670	7	Eat	13	7	-0.0196	0.3936
671	7	Eat	13	7	-0.0199	0.3910
672	7	Eat	13	7	-0.0201	0.3884
673	7	Eat	13	7	-0.0203	0.3858
674	7	Eat	13	7	-0.0205	0.3831
675	7	Eat	13	7	-0.0207	0.3805
676	7	Eat	13	7	-0.0208	0.3779
677	7	Eat	13	7	-0.0209	0.3753
678	7	Eat	13	7	-0.0210	0.3727
679	7	Eat	13	7	-0.0211	0.3700
680	7	Eat	13	7	-0.0212	0.3674
681	7	Eat	13	7	-0.0213	0.3648
682	7	Eat	13	7	-0.0213	0.3622
683	7	Eat	13	7	-0.0213	0.3595
684	7	Eat	13	7	-0.0213	0.3569
685	7	Eat	13	7	-0.0213	0.3543
686	7	Eat	13	7	-0.0213	0.3517
687	7	Eat	13	7	-0.0213	0.3490
688	7	Eat	13	7	-0.0213	0.3464
689	7	Eat	13	7	-0.0212	0.3438
690	7	Eat	13	7	-0.0211	0.3412
691	7	Eat	13	7	-0.0211	0.3385
692	7	Eat	13	7	-0.0210	0.3359
693	7	Eat	13	7	-0.0209	0.3333
694	7	Eat	13	7	-0.0208	0.3307
695	7	Eat	13	7	-0.0207	0.3280
696	7	Eat	13	7	-0.0205	0.3254
697	7	Eat	13	7	-0.0204	0.3228
698	7	Eat	13	7	-0.0203	0.3202
699	7	Eat	13	7	-0.0201	0.3176
700	7	Eat	13	7	-0.0199	0.3149
701	7	Eat	13	7	-0.0198	0.3123
702	7	Eat	13	7	-0.0196	0.3097
703	7	Eat	13	7	-0.0194	0.3071
704	7	Eat	13	7	-0.0192	0.3045
705	7	Eat	13	7	-0.0190	0.3019
706	7	Eat	13	7	-0.0188	0.2992
707	7	Eat	13	7	-0.0186	0.2966
708	7	Eat	13	7	-0.0184	0.2940
709	7	Eat	13	7	-0.0182	0.2914
710	7	Eat	13	7	-0.0179	0.2888
711	7	Eat	13	7	-0.0177	0.2862
712	7	Eat	13	7	-0.0175	0.2835
713	7	Eat	13	7	-0.0172	0.2809
714	7	Eat	13	7	-0.0170	0.2783
715	7	Eat	13	7	-0.0167	0.2757
716	7	Eat	13	7	-0.0164	0.2731
717	7	Eat	13	7	-0.0162	0.2705
718	7	Eat	13	7	-0.0159	0.2679
719	7	Eat	13	7	-0.0156	0.2653
720	7	Eat	13	7	-0.0154	0.2627
721	7	Eat	13	7	-0.0151	0.2600
722	7	Eat	13	7	-0.0148	0.2574
723	7	Eat	13	7	-0.0145	0.2548
724	7	Eat	13	7	-0.0142	0.2522
725	7	Eat	13	7	-0.0139	0.2496
726	7	Eat	13	7	-0.0136	0.2470
727	7	Eat	13	7	-0.0133	0.2444
728	7	Eat	13	7	-0.0130	0.2418
729	7	Eat	13	7	-0.0126	0.2392
730	7	Eat	13	7	-0.0123	0.2366
731	7	Eat	13	7	-0.0120	0.2340
732	7	Eat	13	7	-0.0117	0.2314
733	7	Eat	13	7	-0.0114	0.2288
734	7	Eat	13	7	-0.0110	0.2262
735	7	Eat	13	7	-0.0107	0.2236
736	7	Eat	13	7	-0.0103	0.2210
737	7	Eat	13	7	-0.0100	0.2184
738	7	Eat	13	7	-0.0097	0.2158
739	7	Eat	13	7	-0.0093	0.2132
740	7	Eat	13	7	-0.0090	0.2105
741	7	Eat	13	7	-0.0086	0.2079
742	7	Eat	13	7	-0.0082	0.2053
743	7	Eat	13	7	-0.0079	0.2027
744	7	Eat	13	7	-0.0075	0.2001
745	7	Eat	13	7	-0.0071	0.1975
746	7	Eat	13	7	-0.0068	0.1950
747	7	Eat	13	7	-0.0064	0.1924
748	7	Eat	13	7	-0.0060	0.1898
749	7	Eat	13	7	-0.0057	0.1872
750	7	Eat	13	7	-0.0053	0.1846
751	7	Eat	13	7	-0.0049	0.1820
752	7	Eat	13	7	-0.0045	0.1794
753	7	Eat	13	7	-0.0041	0.1768
754	7	Eat	13	7	-0.0037	0.1742
755	7	Eat	13	7	-0.0033	0.1716
756	7	Eat	13	7	-0.0029	0.1690
757	7	Eat	13	7	-0.0025	0.1664
758	7	Eat	13	7	-0.0021	0.1638
759	7	Eat	13	7	-0.0021	0.1638
760	7	Eat	13	7	-0.0021	0.1638
761	7	Eat	13	7	-0.0021	0.1638
762	7	Eat	13	7	-0.0021	0.1638
763	7	Eat	13	7	-0.0021	0.1638
764	7	Eat	13	7	-0.0021	0.1638
765	7	Eat	13	7	-0.0021	0.1638
766	7	Eat	13	7	-0.0021	0.1638
767	7	Eat	13	7	-0.0021	0.1638
768	7	Eat	13	7	-0.0021	0.1638
769	7	Eat	13	7	-0.0021	0.1638
770	7	Eat	13	7	-0.0021	0.1638
771	7	Eat	13	7	-0.0021	0.1638
772	7	Eat	13	7	-0.0021	0.1638
773	7	Eat	13	7	-0.0021	0.1638
774	7	Eat	13	7	-0.0021	0.1638
775	7	Eat	13	7	-0.0021	0.1638
776	7	Eat	13	7	-0.0021	0.1638
777	7	Eat	13	7	-0.0021	0.1638
778	7	Eat	13	7	-0.0021	0.1638
779	7	Eat	13	7	-0.0021	0.1638
780	7	Eat	13	7	-0.0021	0.1638
781	7	Eat	13	7	-0.0021	0.1638
782	7	Eat	13	7	-0.0021	0.1638
783	7	Eat	13	7	-0.0021	0.1638
784	7	Eat	13	7	-0.0021	0.1638
785	7	Eat	13	7	-0.0021	0.1638
786	7	Eat	13	7	-0.0021	0.1638
787	7	Eat	13	7	-0.0021	0.1638
788	7	Eat	13	7	-0.0021	0.1638
789	7	Eat	13	7	-0.0021	0.1638
790	7	Eat	13	7	-0.0021	0.1638
791	7	Eat	13	7	-0.0021	0.1638
792	7	Eat	13	7	-0.0021	0.1638
793	7	Eat	13	7	-0.0021	0.1638
794	7	Eat	13	7	-0.0021	0.1638
795	7	Eat	13	7	-0.0021	0.1638
796	7	Eat	13	7	-0.0021	0.1638
797	7	Eat	13	7	-0.0021	0.1638
798	7	Eat	13	7	-0.0021	0.1638
799	7	Eat	13	7	-0.0021	0.1638
800	7	Eat	13	7	-0.0021	0.1638
801	7	Eat	13	7	-0.0021	0.1638
802	7	Eat	13	7	-0.0021	0.1638
803	7	Eat	13	7	-0.0021	0.1639
804	7	Eat	13	7	-0.0021	0.1639
805	7	Eat	13	7	-0.0022	0.1639
806	7	Eat	13	7	-0.0022	0.1639
807	7	Eat	13	7	-0.0022	0.1639
808	7	Eat	13	7	-0.0022	0.1639
809	7	Eat	13	7	-0.0022	0.1639
810	7	Eat	13	7	-0.0022	0.1639
811	7	Eat	13	7	-0.0022	0.1639
812	7	Eat	13	7	-0.0022	0.1639
813	7	Eat	13	7	-0.0022	0.1639
814	7	Eat	13	7	-0.0022	0.1639
815	7	Eat	13	7	-0.0022	0.1639
816	7	Eat	13	7	-0.0022	0.1639
817	7	Eat	13	7	-0.0022	0.1639
818	7	Eat	13	7	-0.0022	0.1639
819	7	Eat	13	7	-0.0022	0.1639
820	7	Eat	13	7	-0.0022	0.1639
821	7	Eat	13	7	-0.0022	0.1639
822	7	Eat	13	7	-0.0022	0.1639
823	7	Eat	13	7	-0.0022	0.1639
824	7	Eat	13	7	-0.0022	0.1639
825	7	Eat	13	7	-0.0022	0.1639
826	7	Eat	13	7	-0.0022	0.1639
827	7	Eat	13	7	-0.0022	0.1639
828	7	Eat	13	7	-0.0022	0.1639
829	7	Eat	13	7	-0.0022	0.1639
830	7	Eat	13	7	-0.0022	0.1639
831	7	Eat	13	7	-0.0022	0.1639
832	7	Eat	13	7	-0.0022	0.1639
833	7	Eat	13	7	-0.0022	0.1639
834	7	Eat	13	7	-0.0022	0.1639
835	7	Eat	13	7	-0.0022	0.1639
836	7	Eat	13	7	-0.0022	0.1639
837	7	Eat	13	7	-0.0022	0.1639
838	7	Eat	13	7	-0.0022	0.1639
839	7	Eat	13	7	-0.0022	0.1639
840	7	Eat	13	7	-0.0022	0.1639
841	7	Eat	13	7	-0.0022	0.1639
842	7	Eat	13	7	-0.0022	0.1639
843	7	Eat	13	7	-0.0022	0.1639
844	7	Eat	13	7	-0.0022	0.1639
845	7	Eat	13	7	-0.0022	0.1639
846	7	Eat	13	7	-0.0022	0.1639
847	7	Eat	13	7	-0.0022	0.1639
848	7	Eat	13	7	-0.0022	0.1639
849	7	Eat	13	7	-0.0022	0.1639
850	7	Eat	13	7	-0.0022	0.1639
851	7	Eat	13	7	-0.0022	0.1639
852	7	Eat	13	7	-0.0022	0.1639
853	7	Eat	13	7	-0.0022	0.1639
854	7	Eat	13	7	-0.0022	0.1639
855	7	Eat	13	7	-0.0022	0.1639
856	7	Eat	13	7	-0.0022	0.1639
857	7	Eat	13	7	-0.0022	0.1639
858	7	Eat	13	7	-0.0022	0.1639
859	7	Eat	13	7	-0.0022	0.1639
860	7	Eat	13	7	-0.0022	0.1639
861	7	Eat	13	7	-0.0022	0.1639
862	7	Eat	13	7	-0.0022	0.1639
863	7	Eat	13	7	-0.0022	0.1639
864	7	Eat	13	7	-0.0022	0.1639
865	7	Eat	13	7	-0.0022	0.1639
866	7	Eat	13	7	-0.0022	0.1639
867	7	Eat	13	7	-0.0022	0.1639
868	7	Eat	13	7	-0.0022	0.1639
869	7	Eat	13	7	-0.0022	0.1639
870	7	Eat	13	7	-0.0022	0.1639
871	7	Eat	13	7	-0.0022	0.1639
872	7	Eat	13	7	-0.0022	0.1639
873	7	Eat	13	7	-0.0022	0.1639
874	7	Eat	13	7	-0.0022	0.1639
875	7	Eat	13	7	-0.0022	0.1639
876	7	Eat	13	7	-0.0022	0.1639
877	7	Eat	13	7	-0.0022	0.1639
878	7	Eat	13	7	-0.0022	0.1639
879	7	Eat	13	7	-0.0022	0.1639
880	7	Eat	13	7	-0.0022	0.1639
881	7	Eat	13	7	-0.0022	0.1639
882	7	Eat	13	7	-0.0022	0.1639
883	7	Eat	13	7	-0.0022	0.1639
884	7	Eat	13	7	-0.0022	0.1639
885	7	Eat	13	7	-0.0022	0.1639
886	7	Eat	13	7	-0.0022	0.1639
887	7	Eat	13	7	-0.0022	0.1639
888	7	Eat	13	7	-0.0022	0.1639
889	7	Eat	13	7	-0.0022	0.1639
890	7	Eat	13	7	-0.0022	0.1639
891	7	Eat	13	7	-0.0022	0.1639
892	7	Eat	13	7	-0.0022	0.1639
893	7	Eat	13	7	-0.0022	0.1639
894	7	Eat	13	7	-0.0022	0.1639
895	7	Eat	13	7	-0.0022	0.1639
896	7	Eat	13	7	-0.0022	0.1639
897	7	Eat	13	7	-0.0022	0.1639
898	7	Eat	13	7	-0.0022	0.1639
899	7	Eat	13	7	-0.0022	0.1639
900	7	Eat	13	7	-0.0022	0.1639
901	7	Eat	13	7	-0.0022	0.1639
902	7	Eat	13	7	-0.0022	0.1639
903	7	Eat	13	7	-0.0022	0.1639
904	7	Eat	13	7	-0.0022	0.1639
905	7	Eat	13	7	-0.0022	0.1639
906	7	Eat	13	7	-0.0022	0.1639
907	7	Eat	13	7	-0.0022	0.1639
908	7	Eat	13	7	-0.0022	0.1639
909	7	Eat	13	7	-0.0022	0.1639
910	7	Eat	13	7	-0.0022	0.1639
911	7	Eat	13	7	-0.0022	0.1639
912	7	Eat	13	7	-0.0022	0.1639
913	7	Eat	13	7	-0.0022	0.1639
914	7	Eat	13	7	-0.0022	0.1639
915	7	Eat	13	7	-0.0022	0.1639
916	7	Eat	13	7	-0.0022	0.1639
917	7	Eat	13	7	-0.0022	0.1639
918	7	Explore	13	0	-0.0022	0.1639
919	8	Explore	12	1	-0.0017	0.1613
920	8	Explore	12	1	-0.0013	0.1587
921	8	Explore	12	1	-0.0009	0.1561
922	8	Explore	12	1	-0.0005	0.1535
923	8	Explore	12	1	-0.0001	0.1509
924	8	Explore	12	1	0.0003	0.1483
925	8	Explore	12	1	0.0007	0.1457
926	8	Explore	12	1	0.0012	0.1432
927	8	Explore	12	1	0.0016	0.1406
928	8	Explore	12	1	0.0020	0.1380
929	8	Explore	12	1	0.0024	0.1354
930	8	Explore	12	1	0.0028	0.1328
931	8	Explore	12	1	0.0032	0.1302
932	8	Explore	12	1	0.0036	0.1276
933	8	Explore	12	1	0.0036	0.1276
934	8	Explore	12	1	0.0036	0.1276
935	8	Explore	12	1	0.0036	0.1276
936	8	Explore	12	1	0.0035	0.1276
937	8	Explore	12	1	0.0035	0.1276
938	8	Explore	12	1	0.0035	0.1276
939	8	Explore	12	1	0.0035	0.1276
940	8	Explore	12	1	0.0035	0.1276
941	8	Explore	12	1	0.0034	0.1277
942	8	Explore	12	1	0.0034	0.1277
943	8	Explore	12	1	0.0034	0.1278
944	8	Explore	12	1	0.0034	0.1278
945	8	Explore	12	1	0.0034	0.1278
946	8	Hide	12	1	0.0033	0.1278
947	9	Hide	11	2	0.0033	0.1278
948	9	Hide	11	2	0.0033	0.1279
949	9	Hide	11	2	0.0033	0.1279
950	9	Hide	11	2	0.0033	0.1279
951	9	Hide	11	2	0.0032	0.1279
952	9	Hide	11	2	0.0032	0.1279
953	9	Hide	11	2	0.0032	0.1279
954	9	Hide	11	2	0.0032	0.1280
955	9	Hide	11	2	0.0032	0.1280
956	9	Hide	11	2	0.0032	0.1280
957	9	Hide	11	2	0.0032	0.1280
958	9	Hide	11	2	0.0031	0.1280
959	9	Hide	11	2	0.0031	0.1280
960	9	Hide	11	2	0.0031	0.1280
961	9	Hide	11	2	0.0031	0.1281
962	9	Hide	11	2	0.0031	0.1281
963	9	Hide	11	2	0.0031	0.1281
964	9	Hide	11	2	0.0030	0.1281
965	9	Hide	11	2	0.0030	0.1281
966	9	Hide	11	2	0.0030	0.1281
967	9	Hide	11	2	0.0030	0.1282
968	9	Hide	11	2	0.0030	0.1282
969	9	Hide	11	2	0.0030	0.1282
970	9	Hide	11	2	0.0029	0.1282
971	9	Hide	11	2	0.0004	0.1276
972	9	Hide	11	2	-0.0022	0.1269
973	9	Hide	11	2	-0.0047	0.1263
974	9	Hide	11	2	-0.0072	0.1257
975	9	Hide	11	2	-0.0098	0.1250
976	9	Hide	11	2	-0.0123	0.1244
977	9	Hide	11	2	-0.0149	0.1237
978	9	Hide	11	2	-0.0174	0.1231
979	9	Hide	11	2	-0.0200	0.1224
980	9	Hide	11	2	-0.0225	0.1218
981	9	Hide	11	2	-0.0251	0.1212
982	9	Hide	11	2	-0.0276	0.1205
983	9	Hide	11	2	-0.0302	0.1199
984	9	Hide	11	2	-0.0327	0.1192
985	9	Hide	11	2	-0.0352	0.1186
986	9	Hide	11	2	-0.0378	0.1179
987	9	Hide	11	2	-0.0403	0.1173
988	9	Hide	11	2	-0.0429	0.1167
989	9	Hide	11	2	-0.0454	0.1160
990	9	Hide	11	2	-0.0480	0.1154
991	9	Hide	11	2	-0.0505	0.1147
992	9	Hide	11	2	-0.0531	0.1141
993	9	Hide	11	2	-0.0556	0.1134
994	9	Hide	11	2	-0.0581	0.1128
995	9	Hide	11	2	-0.0607	0.1121
996	9	Hide	11	2	-0.0632	0.1115
997	9	Hide	11	2	-0.0658	0.1109
998	9	Hide	11	2	-0.0683	0.1102
999	9	Hide	11	2	-0.0709	0.1096
1000	9	Hide	11	2	-0.0734	0.1089
1001	9	Hide	11	2	-0.0760	0.1083
1002	9	Hide	11	2	-0.0785	0.1076
1003	9	Hide	11	2	-0.0810	0.1070
1004	9	Hide	11	2	-0.0836	0.1064
1005	9	Hide	11	2	-0.0861	0.1057
1006	9	Hide	11	2	-0.0887	0.1051
1007	9	Hide	11	2	-0.0912	0.1044
1008	9	Hide	11	2	-0.0938	0.1038
1009	9	Hide	11	2	-0.0963	0.1031
1010	9	Hide	11	2	-0.0989	0.1025
1011	9	Hide	11	2	-0.1014	0.1019
1012	9	Hide	11	2	-0.1039	0.1012
1013	9	Hide	11	2	-0.1065	0.1006
1014	9	Hide	11	2	-0.1090	0.0999
1015	9	Hide	11	2	-0.1116	0.0993
1016	9	Hide	11	2	-0.1141	0.0986
1017	9	Hide	11	2	-0.1167	0.0980
1018	9	Hide	11	2	-0.1192	0.0973
1019	9	Hide	11	2	-0.1218	0.0967
1020	9	Hide	11	2	-0.1243	0.0961
1021	9	Hide	11	2	-0.1268	0.0954
1022	9	Hide	11	2	-0.1294	0.0948
1023	9	Hide	11	2	-0.1319	0.0941
1024	9	Hide	11	2	-0.1345	0.0935
1025	9	Hide	11	2	-0.1370	0.0928
1026	9	Hide	11	2	-0.1396	0.0922
1027	9	Hide	11	2	-0.1421	0.0916
1028	9	Hide	11	2	-0.1447	0.0909
1029	9	Hide	11	2	-0.1472	0.0903
1030	9	Hide	11	2	-0.1498	0.0896
1031	9	Hide	11	2	-0.1523	0.0890
1032	9	Hide	11	2	-0.1548	0.0883
1033	9	Hide	11	2	-0.1574	0.0877
1034	9	Hide	11	2	-0.1599	0.0870
1035	9	Hide	11	2	-0.1600	0.0871
1036	9	Hide	11	2	-0.1625	0.0865
1037	9	Hide	11	2	-0.1651	0.0860
1038	9	Hide	11	2	-0.1651	0.0860
1039	9	Hide	11	2	-0.1652	0.0860
1040	9	Hide	11	2	-0.1652	0.0860
1041	9	Hide	11	2	-0.1678	0.0858
1042	9	Hide	11	2	-0.1704	0.0856
1043	9	Hide	11	2	-0.1730	0.0854
1044	9	Hide	11	2	-0.1757	0.0851
1045	9	Hide	11	2	-0.1783	0.0849
1046	9	Hide	11	2	-0.1809	0.0847
1047	9	Hide	11	2	-0.1835	0.0844
1048	9	Hide	11	2	-0.1861	0.0842
1049	9	Hide	11	2	-0.1887	0.0840
1050	9	Hide	11	2	-0.1913	0.0837
1051	9	Hide	11	2	-0.1940	0.0835
1052	9	Hide	11	2	-0.1966	0.0833
1053	9	Hide	11	2	-0.1992	0.0830
1054	9	Hide	11	2	-0.2018	0.0828
1055	9	Hide	11	2	-0.2044	0.0826
1056	9	Hide	11	2	-0.2070	0.0823
1057	9	Hide	11	2	-0.2071	0.0824
1058	9	Hide	11	2	-0.2071	0.0824
1059	9	Hide	11	2	-0.2071	0.0824
1060	9	Hide	11	2	-0.2071	0.0824
1061	9	Hide	11	2	-0.2071	0.0824
1062	9	Hide	11	2	-0.2097	0.0827
1063	9	Hide	11	2	-0.2097	0.0827
1064	9	Hide	11	2	-0.2123	0.0831
1065	9	Hide	11	2	-0.2123	0.0831
1066	9	Hide	11	2	-0.2149	0.0836
1067	9	Hide	11	2	-0.2149	0.0836
1068	9	Hide	11	2	-0.2148	0.0837
1069	9	Hide	11	2	-0.2174	0.0844
1070	9	Hide	11	2	-0.2174	0.0844
1071	9	Hide	11	2	-0.2199	0.0852
1072	9	Hide	11	2	-0.2224	0.0859
1073	9	Hide	11	2	-0.2249	0.0867
1074	9	Hide	11	2	-0.2274	0.0875
1075	9	Hide	11	2	-0.2299	0.0883
1076	9	Hide	11	2	-0.2324	0.0891
1077	9	Hide	11	2	-0.2349	0.0899
1078	9	Hide	11	2	-0.2374	0.0907
1079	9	Hide	11	2	-0.2399	0.0915
1080	9	Hide	11	2	-0.2424	0.0922
1081	9	Hide	11	2	-0.2449	0.0930
1082	9	Hide	11	2	-0.2474	0.0938
1083	9	Hide	11	2	-0.2499	0.0946
1084	9	Hide	11	2	-0.2524	0.0954
1085	9	Hide	11	2	-0.2550	0.0962
1086	9	Hide	11	2	-0.2575	0.0970
1087	9	Hide	11	2	-0.2600	0.0977
1088	9	Hide	11	2	-0.2625	0.0985
1089	9	Hide	11	2	-0.2650	0.0993
1090	9	Hide	11	2	-0.2675	0.1001
1091	9	Hide	11	2	-0.2700	0.1009
1092	9	Hide	11	2	-0.2725	0.1017
1093	9	Hide	11	2	-0.2750	0.1025
1094	9	Hide	11	2	-0.2775	0.1032
1095	9	Hide	11	2	-0.2800	0.1040
1096	9	Hide	11	2	-0.2825	0.1048
1097	9	Hide	11	2	-0.2850	0.1056
1098	9	Hide	11	2	-0.2875	0.1064
1099	9	Hide	11	2	-0.2900	0.1072
1100	9	Hide	11	2	-0.2925	0.1080
1101	9	Hide	11	2	-0.2950	0.1087
1102	9	Hide	11	2	-0.2975	0.1095
1103	9	Hide	11	2	-0.3000	0.1103
1104	9	Hide	11	2	-0.3025	0.1111
1105	9	Hide	11	2	-0.3050	0.1119
1106	9	Hide	11	2	-0.3075	0.1127
1107	9	Hide	11	2	-0.3100	0.1135
1108	9	Hide	11	2	-0.3125	0.1143
1109	9	Hide	11	2	-0.3151	0.1150
1110	9	Hide	11	2	-0.3176	0.1158
1111	9	Hide	11	2	-0.3201	0.1166
1112	9	Hide	11	2	-0.3226	0.1174
1113	9	Hide	11	2	-0.3251	0.1182
1114	9	Hide	11	2	-0.3276	0.1190
1115	9	Hide	11	2	-0.3301	0.1198
1116	9	Hide	11	2	-0.3326	0.1205
1117	9	Hide	11	2	-0.3351	0.1213
1118	9	Hide	11	2	-0.3376	0.1221
1119	9	Hide	11	2	-0.3401	0.1229
1120	9	Hide	11	2	-0.3426	0.1237
1121	9	Hide	11	2	-0.3451	0.1245
1122	9	Hide	11	2	-0.3476	0.1253
1123	9	Hide	11	2	-0.3501	0.1261
1124	9	Hide	11	2	-0.3526	0.1268
1125	9	Hide	11	2	-0.3551	0.1276
1126	9	Hide	11	2	-0.3576	0.1284
1127	9	Hide	11	2	-0.3601	0.1292
1128	9	Hide	11	2	-0.3626	0.1300
1129	9	Hide	11	2	-0.3651	0.1308
1130	9	Hide	11	2	-0.3676	0.1316
1131	9	Hide	11	2	-0.3701	0.1323
1132	9	Hide	11	2	-0.3726	0.1331
1133	9	Hide	11	2	-0.3752	0.1339
1134	9	Hide	11	2	-0.3777	0.1347
1135	9	Hide	11	2	-0.3802	0.1355
1136	9	Hide	11	2	-0.3827	0.1363
1137	9	Hide	11	2	-0.3852	0.1371
1138	9	Hide	11	2	-0.3877	0.1379
1139	9	Hide	11	2	-0.3902	0.1386
1140	9	Hide	11	2	-0.3927	0.1394
1141	9	Hide	11	2	-0.3952	0.1402
1142	9	Hide	11	2	-0.3977	0.1410
1143	9	Hide	11	2	-0.4002	0.1418
1144	9	Hide	11	2	-0.4027	0.1426
1145	9	Hide	11	2	-0.4052	0.1434
1146	9	Hide	11	2	-0.4077	0.1441
1147	9	Hide	11	2	-0.4102	0.1449
1148	9	Hide	11	2	-0.4127	0.1457
1149	9	Hide	11	2	-0.4152	0.1465
1150	9	Hide	11	2	-0.4177	0.1473
1151	9	Hide	11	2	-0.4202	0.1481
1152	9	Hide	11	2	-0.4227	0.1489
1153	9	Hide	11	2	-0.4252	0.1497
1154	9	Hide	11	2	-0.4277	0.1504
1155	9	Hide	11	2	-0.4302	0.1512
1156	9	Hide	11	2	-0.4327	0.1520
1157	9	Hide	11	2	-0.4352	0.1528
1158	9	Hide	11	2	-0.4378	0.1536
1159	9	Hide	11	2	-0.4403	0.1544
1160	9	Hide	11	2	-0.4428	0.1552
1161	9	Hide	11	2	-0.4453	0.1560
1162	9	Hide	11	2	-0.4478	0.1567
1163	9	Hide	11	2	-0.4503	0.1575
1164	9	Hide	11	2	-0.4528	0.1583
1165	9	Hide	11	2	-0.4553	0.1591
1166	9	Hide	11	2	-0.4578	0.1599
1167	9	Hide	11	2	-0.4603	0.1607
1168	9	Hide	11	2	-0.4628	0.1615
1169	9	Hide	11	2	-0.4653	0.1623
1170	9	Hide	11	2	-0.4678	0.1630
1171	9	Hide	11	2	-0.4678	0.1630
1172	9	Hide	11	2	-0.4678	0.1630
1173	9	Hide	11	2	-0.4678	0.1630
1174	9	Hide	11	2	-0.4678	0.1630
1175	9	Hide	11	2	-0.4678	0.1630
1176	9	Hide	11	2	-0.4678	0.1630
1177	9	Hide	11	2	-0.4678	0.1630
1178	9	Hide	11	2	-0.4678	0.1630
1179	9	Hide	11	2	-0.4678	0.1630
1180	9	Hide	11	2	-0.4678	0.1630
1181	9	Hide	11	2	-0.4678	0.1630
1182	9	Hide	11	2	-0.4678	0.1630
1183	9	Hide	11	2	-0.4678	0.1630
1184	9	Hide	11	2	-0.4678	0.1630
1185	9	Hide	11	2	-0.4678	0.1630
1186	9	Hide	11	2	-0.4678	0.1630
1187	9	Hide	11	2	-0.4678	0.1630
1188	9	Hide	11	2	-0.4678	0.1630
1189	9	Hide	11	2	-0.4678	0.1630
1190	9	Hide	11	2	-0.4678	0.1630
1191	9	Hide	11	2	-0.4678	0.1630
1192	9	Hide	11	2	-0.4678	0.1630
1193	9	Hide	11	2	-0.4678	0.1630
1194	9	Hide	11	2	-0.4678	0.1630
1195	9	Hide	11	2	-0.4678	0.1630
1196	9	Hide	11	2	-0.4678	0.1630
1197	9	Hide	11	2	-0.4678	0.1630
1198	9	Hide	11	2	-0.4678	0.1630
1199	9	Hide	11	2	-0.4678	0.1630
1200	9	Hide	11	2	-0.4678	0.1630
1201	9	Hide	11	2	-0.4678	0.1630
1202	9	Hide	11	2	-0.4678	0.1630
1203	9	Hide	11	2	-0.4678	0.1630
1204	9	Hide	11	2	-0.4678	0.1630
1205	9	Hide	11	2	-0.4678	0.1630
1206	9	Hide	11	2	-0.4678	0.1630
1207	9	Hide	11	2	-0.4678	0.1630
1208	9	Hide	11	2	-0.4678	0.1630
1209	9	Hide	11	2	-0.4678	0.1630
1210	9	Hide	11	2	-0.4678	0.1630
1211	9	Hide	11	2	-0.4678	0.1630
1212	9	Hide	11	2	-0.4678	0.1630
1213	9	Hide	11	2	-0.4678	0.1630
1214	9	Hide	11	2	-0.4678	0.1630
1215	9	Hide	11	2	-0.4678	0.1630
1216	9	Hide	11	2	-0.4678	0.1630
1217	9	Hide	11	2	-0.4678	0.1630
1218	9	Hide	11	2	-0.4678	0.1630
1219	9	Hide	11	2	-0.4678	0.1630
1220	9	Hide	11	2	-0.4678	0.1630
1221	9	Hide	11	2	-0.4678	0.1630
1222	9	Hide	11	2	-0.4678	0.1630
1223	9	Hide	11	2	-0.4678	0.1630
1224	9	Hide	11	2	-0.4678	0.1630
1225	9	Hide	11	2	-0.4678	0.1630
1226	9	Hide	11	2	-0.4678	0.1630
1227	9	Hide	11	2	-0.4678	0.1630
1228	9	Hide	11	2	-0.4678	0.1630
1229	9	Hide	11	2	-0.4678	0.1630
1230	9	Hide	11	2	-0.4678	0.1630
1231	9	Hide	11	2	-0.4678	0.1630
1232	9	Hide	11	2	-0.4678	0.1630
1233	9	Hide	11	2	-0.4678	0.1630
1234	9	Hide	11	2	-0.4678	0.1630
1235	9	Hide	11	2	-0.4678	0.1630
1236	9	Hide	11	2	-0.4678	0.1630
1237	9	Hide	11	2	-0.4678	0.1630
1238	9	Hide	11	2	-0.4678	0.1630
1239	9	Hide	11	2	-0.4678	0.1630
1240	9	Hide	11	2	-0.4678	0.1630
1241	9	Hide	11	2	-0.4678	0.1630
1242	9	Hide	11	2	-0.4678	0.1630
1243	9	Hide	11	2	-0.4678	0.1630
1244	9	Hide	11	2	-0.4678	0.1630
1245	9	Hide	11	2	-0.4678	0.1630
1246	9	Hide	11	2	-0.4678	0.1630
1247	9	Hide	11	2	-0.4678	0.1630
1248	9	Hide	11	2	-0.4678	0.1630
1249	9	Hide	11	2	-0.4678	0.1630
1250	9	Hide	11	2	-0.4678	0.1630
1251	9	Hide	11	2	-0.4678	0.1630
1252	9	Hide	11	2	-0.4678	0.1630
1253	9	Hide	11	2	-0.4678	0.1630
1254	9	Hide	11	2	-0.4678	0.1630
1255	9	Hide	11	2	-0.4678	0.1630
1256	9	Hide	11	2	-0.4678	0.1630
1257	9	Hide	11	2	-0.4678	0.1630
1258	9	Hide	11	2	-0.4678	0.1630
1259	9	Hide	11	2	-0.4678	0.1630
1260	9	Hide	11	2	-0.4678	0.1630
1261	9	Hide	11	2	-0.4678	0.1630
1262	9	Hide	11	2	-0.4678	0.1630
1263	9	Hide	11	2	-0.4678	0.1630
1264	9	Hide	11	2	-0.4678	0.1630
1265	9	Hide	11	2	-0.4678	0.1630
1266	9	Hide	11	2	-0.4678	0.1630
1267	9	Hide	11	2	-0.4678	0.1630
1268	9	Hide	11	2	-0.4678	0.1630
1269	9	Hide	11	2	-0.4678	0.1630
1270	9	Explore	11	2	-0.4678	0.1630
1271	10	Explore	10	3	-0.4678	0.1630
1272	10	Explore	10	3	-0.4678	0.1630
1273	10	Explore	10	3	-0.4678	0.1630
1274	10	Explore	10	3	-0.4678	0.1630
1275	10	Explore	10	3	-0.4678	0.1629
1276	10	Explore	10	3	-0.4678	0.1629
1277	10	Explore	10	3	-0.4678	0.1629
1278	10	Explore	10	3	-0.4678	0.1629
1279	10	Explore	10	3	-0.4678	0.1629
1280	10	Explore	10	3	-0.4678	0.1628
1281	10	Explore	10	3	-0.4678	0.1628
1282	10	Explore	10	3	-0.4678	0.1628
1283	10	Explore	10	3	-0.4678	0.1628
1284	10	Explore	10	3	-0.4678	0.1628
1285	10	Explore	10	3	-0.4677	0.1627
1286	10	Explore	10	3	-0.4677	0.1627
1287	10	Explore	10	3	-0.4677	0.1627
1288	10	Explore	10	3	-0.4677	0.1627
1289	10	Explore	10	3	-0.4677	0.1627
1290	10	Explore	10	3	-0.4677	0.1626
1291	10	Explore	10	3	-0.4677	0.1626
1292	10	Explore	10	3	-0.4677	0.1626
1293	10	Explore	10	3	-0.4677	0.1626
1294	10	Explore	10	3	-0.4676	0.1626
1295	10	Explore	10	3	-0.4676	0.1625
1296	10	Explore	10	3	-0.4676	0.1625
1297	10	Explore	10	3	-0.4676	0.1625
1298	10	Explore	10	3	-0.4676	0.1625
1299	10	Explore	10	3	-0.4676	0.1625
1300	10	Explore	10	3	-0.4676	0.1625
1301	10	Explore	10	3	-0.4675	0.1625
1302	10	Explore	10	3	-0.4675	0.1624
1303	10	Explore	10	3	-0.4675	0.1624
1304	10	Explore	10	3	-0.4675	0.1624
1305	10	Explore	10	3	-0.4675	0.1624
1306	10	Explore	10	3	-0.4675	0.1624
1307	10	Explore	10	3	-0.4674	0.1624
1308	10	Explore	10	3	-0.4674	0.1624
1309	10	Explore	10	3	-0.4674	0.1623
1310	10	Explore	10	3	-0.4674	0.1623
1311	10	Explore	10	3	-0.4674	0.1623
1312	10	Explore	10	3	-0.4673	0.1623
1313	10	Explore	10	3	-0.4673	0.1623
1314	10	Explore	10	3	-0.4673	0.1623
1315	10	Explore	10	3	-0.4673	0.1623
1316	10	Explore	10	3	-0.4669	0.1623
1317	10	Explore	10	3	-0.4665	0.1623
1318	10	Explore	10	3	-0.4662	0.1623
1319	10	Explore	10	3	-0.4657	0.1623
1320	10	Explore	10	3	-0.4651	0.1623
1321	10	Explore	10	3	-0.4646	0.1623
1322	10	Explore	10	3	-0.4642	0.1623
1323	10	Explore	10	3	-0.4638	0.1623
1324	10	Explore	10	3	-0.4634	0.1624
1325	10	Explore	10	3	-0.4631	0.1624
1326	10	Explore	10	3	-0.4629	0.1624
1327	10	Explore	10	3	-0.4629	0.1624
1328	10	Explore	10	3	-0.4621	0.1599
1329	10	Explore	10	3	-0.4612	0.1574
1330	10	Explore	10	3	-0.4603	0.1549
1331	10	Explore	10	3	-0.4595	0.1524
1332	10	Explore	10	3	-0.4586	0.1500
1333	10	Explore	10	3	-0.4578	0.1475
1334	10	Explore	10	3	-0.4569	0.1450
1335	10	Explore	10	3	-0.4561	0.1425
1336	10	Explore	10	3	-0.4552	0.1400
1337	10	Explore	10	3	-0.4544	0.1375
1338	10	Explore	10	3	-0.4535	0.1351
1339	10	Explore	10	3	-0.4527	0.1326
1340	10	Explore	10	3	-0.4518	0.1301
1341	10	Explore	10	3	-0.4510	0.1276
1342	10	Explore	10	3	-0.4501	0.1251
1343	10	Explore	10	3	-0.4501	0.1251
1344	10	Explore	10	3	-0.4501	0.1251
1345	10	Explore	10	3	-0.4500	0.1252
1346	10	Explore	10	3	-0.4500	0.1252
1347	10	Explore	10	3	-0.4500	0.1252
1348	10	Explore	10	3	-0.4500	0.1252
1349	10	Explore	10	3	-0.4500	0.1252
1350	10	Eat	10	3	-0.4500	0.1252
1351	11	Eat	9	4	-0.4484	0.1232
1352	11	Eat	9	4	-0.4467	0.1211
1353	11	Eat	9	4	-0.4450	0.1191
1354	11	Eat	9	4	-0.4433	0.1171
1355	11	Eat	9	4	-0.4416	0.1151
1356	11	Eat	9	4	-0.4398	0.1132
1357	11	Eat	9	4	-0.4380	0.1113
1358	11	Eat	9	4	-0.4362	0.1094
1359	11	Eat	9	4	-0.4343	0.1076
1360	11	Eat	9	4	-0.4324	0.1057
1361	11	Eat	9	4	-0.4305	0.1040
1362	11	Eat	9	4	-0.4286	0.1022
1363	11	Eat	9	4	-0.4266	0.1004
1364	11	Eat	9	4	-0.4246	0.0987
1365	11	Eat	9	4	-0.4226	0.0970
1366	11	Eat	9	4	-0.4206	0.0953
1367	11	Eat	9	4	-0.4186	0.0937
1368	11	Eat	9	4	-0.4165	0.0921
1369	11	Eat	9	4	-0.4144	0.0904
1370	11	Eat	9	4	-0.4123	0.0888
1371	11	Eat	9	4	-0.4102	0.0873
1372	11	Eat	9	4	-0.4081	0.0857
1373	11	Eat	9	4	-0.4060	0.0842
1374	11	Eat	9	4	-0.4039	0.0827
1375	11	Eat	9	4	-0.4017	0.0812
1376	11	Eat	9	4	-0.3995	0.0797
1377	11	Eat	9	4	-0.3974	0.0782
1378	11	Eat	9	4	-0.3952	0.0767
1379	11	Eat	9	4	-0.3930	0.0753
1380	11	Eat	9	4	-0.3908	0.0739
1381	11	Eat	9	4	-0.3886	0.0725
1382	11	Eat	9	4	-0.3864	0.0711
1383	11	Eat	9	4	-0.3841	0.0697
1384	11	Eat	9	4	-0.3819	0.0683
1385	11	Eat	9	4	-0.3796	0.0669
1386	11	Eat	9	4	-0.3774	0.0656
1387	11	Eat	9	4	-0.3751	0.0642
1388	11	Eat	9	4	-0.3729	0.0629
1389	11	Eat	9	4	-0.3706	0.0616
1390	11	Eat	9	4	-0.3683	0.0603
1391	11	Eat	9	4	-0.3661	0.0590
1392	11	Eat	9	4	-0.3638	0.0577
1393	11	Eat	9	4	-0.3615	0.0564
1394	11	Eat	9	4	-0.3592	0.0552
1395	11	Eat	9	4	-0.3569	0.0539
1396	11	Eat	9	4	-0.3546	0.0526
1397	11	Eat	9	4	-0.3523	0.0514
1398	11	Eat	9	4	-0.3499	0.0502
1399	11	Eat	9	4	-0.3476	0.0489
1400	11	Eat	9	4	-0.3453	0.0477
1401	11	Eat	9	4	-0.3430	0.0465
1402	11	Eat	9	4	-0.3406	0.0453
1403	11	Eat	9	4	-0.3383	0.0441
1404	11	Eat	9	4	-0.3360	0.0429
1405	11	Eat	9	4	-0.3336	0.0417
1406	11	Eat	9	4	-0.3313	0.0405
1407	11	Eat	9	4	-0.3289	0.0393
1408	11	Eat	9	4	-0.3266	0.0382
1409	11	Eat	9	4	-0.3242	0.0370
1410	11	Eat	9	4	-0.3219	0.0358
1411	11	Eat	9	4	-0.3195	0.0347
1412	11	Eat	9	4	-0.3172	0.0335
1413	11	Eat	9	4	-0.3148	0.0324
1414	11	Eat	9	4	-0.3124	0.0313
1415	11	Eat	9	4	-0.3101	0.0301
1416	11	Eat	9	4	-0.3077	0.0290
1417	11	Eat	9	4	-0.3053	0.0279
1418	11	Eat	9	4	-0.3030	0.0267
1419	11	Eat	9	4	-0.3006	0.0256
1420	11	Eat	9	4	-0.2982	0.0245
1421	11	Eat	9	4	-0.2958	0.0234
1422	11	Eat	9	4	-0.2935	0.0223
1423	11	Eat	9	4	-0.2911	0.0212
1424	11	Eat	9	4	-0.2887	0.0201
1425	11	Eat	9	4	-0.2863	0.0190
1426	11	Eat	9	4	-0.2839	0.0179
1427	11	Eat	9	4	-0.2815	0.0168
1428	11	Eat	9	4	-0.2791	0.0157
1429	11	Eat	9	4	-0.2767	0.0147
1430	11	Eat	9	4	-0.2743	0.0136
1431	11	Eat	9	4	-0.2719	0.0125
1432	11	Eat	9	4	-0.2695	0.0115
1433	11	Eat	9	4	-0.2672	0.0104
1434	11	Eat	9	4	-0.2648	0.0093
1435	11	Eat	9	4	-0.2623	0.0083
1436	11	Eat	9	4	-0.2599	0.0072
1437	11	Eat	9	4	-0.2575	0.0062
1438	11	Eat	9	4	-0.2551	0.0051
1439	11	Eat	9	4	-0.2527	0.0041
1440	11	Eat	9	4	-0.2503	0.0030
1441	11	Eat	9	4	-0.2479	0.0020
1442	11	Eat	9	4	-0.2455	0.0009
1443	11	Eat	9	4	-0.2431	-0.0001
1444	11	Eat	9	4	-0.2407	-0.0011
1445	11	Eat	9	4	-0.2383	-0.0022
1446	11	Eat	9	4	-0.2358	-0.0032
1447	11	Eat	9	4	-0.2334	-0.0042
1448	11	Eat	9	4	-0.2310	-0.0052
1449	11	Eat	9	4	-0.2286	-0.0063
1450	11	Eat	9	4	-0.2262	-0.0073
1451	11	Eat	9	4	-0.2237	-0.0083
1452	11	Eat	9	4	-0.2213	-0.0093
1453	11	Eat	9	4	-0.2189	-0.0103
1454	11	Eat	9	4	-0.2165	-0.0113
1455	11	Eat	9	4	-0.2140	-0.0123
1456	11	Eat	9	4	-0.2116	-0.0133
1457	11	Eat	9	4	-0.2116	-0.0133
1458	11	Eat	9	4	-0.2116	-0.0133
1459	11	Eat	9	4	-0.2116	-0.0133
1460	11	Eat	9	4	-0.2116	-0.0133
1461	11	Eat	9	4	-0.2116	-0.0133
1462	11	Eat	9	4	-0.2116	-0.0133
1463	11	Eat	9	4	-0.2116	-0.0133
1464	11	Eat	9	4	-0.2116	-0.0133
1465	11	Eat	9	4	-0.2116	-0.0133
1466	11	Eat	9	4	-0.2116	-0.0133
1467	11	Eat	9	4	-0.2116	-0.0133
1468	11	Eat	9	4	-0.2116	-0.0133
1469	11	Eat	9	4	-0.2116	-0.0133
1470	11	Eat	9	4	-0.2116	-0.0133
1471	11	Eat	9	4	-0.2116	-0.0133
1472	11	Eat	9	4	-0.2116	-0.0133
1473	11	Eat	9	4	-0.2116	-0.0133
1474	11	Eat	9	4	-0.2116	-0.0133
1475	11	Eat	9	4	-0.2116	-0.0133
1476	11	Eat	9	4	-0.2116	-0.0133
1477	11	Eat	9	4	-0.2116	-0.0133
1478	11	Eat	9	4	-0.2116	-0.0133
1479	11	Eat	9	4	-0.2116	-0.0133
1480	11	Eat	9	4	-0.2116	-0.0133
1481	11	Eat	9	4	-0.2116	-0.0133
1482	11	Eat	9	4	-0.2116	-0.0133
1483	11	Eat	9	4	-0.2116	-0.0133
1484	11	Eat	9	4	-0.2116	-0.0133
1485	11	Eat	9	4	-0.2116	-0.0133
1486	11	Eat	9	4	-0.2116	-0.0133
1487	11	Eat	9	4	-0.2116	-0.0133
1488	11	Eat	9	4	-0.2116	-0.0133
1489	11	Eat	9	4	-0.2116	-0.0133
1490	11	Eat	9	4	-0.2116	-0.0133
1491	11	Eat	9	4	-0.2116	-0.0133
1492	11	Eat	9	4	-0.2116	-0.0133
1493	11	Eat	9	4	-0.2116	-0.0133
1494	11	Eat	9	4	-0.2116	-0.0133
1495	11	Eat	9	4	-0.2116	-0.0133
1496	11	Eat	9	4	-0.2116	-0.0133
1497	11	Eat	9	4	-0.2116	-0.0133
1498	11	Eat	9	4	-0.2116	-0.0133
1499	11	Eat	9	4	-0.2116	-0.0133
1500	11	Eat	9	4	-0.2116	-0.0133
1501	11	Eat	9	4	-0.2116	-0.0133
1502	11	Eat	9	4	-0.2116	-0.0133
1503	11	Eat	9	4	-0.2116	-0.0133
1504	11	Eat	9	4	-0.2116	-0.0133
1505	11	Eat	9	4	-0.2116	-0.0133
1506	11	Eat	9	4	-0.2116	-0.0133
1507	11	Eat	9	4	-0.2116	-0.0133
1508	11	Eat	9	4	-0.2116	-0.0133
1509	11	Eat	9	4	-0.2116	-0.0133
1510	11	Eat	9	4	-0.2116	-0.0133
1511	11	Eat	9	4	-0.2116	-0.0133
1512	11	Eat	9	4	-0.2116	-0.0133
1513	11	Eat	9	4	-0.2116	-0.0133
1514	11	Eat	9	4	-0.2116	-0.0133
1515	11	Eat	9	4	-0.2116	-0.0133
1516	11	Eat	9	4	-0.2116	-0.0133
1517	11	Eat	9	4	-0.2116	-0.0133
1518	11	Eat	9	4	-0.2116	-0.0133
1519	11	Eat	9	4	-0.2116	-0.0133
1520	11	Eat	9	4	-0.2116	-0.0133
1521	11	Eat	9	4	-0.2116	-0.0133
1522	11	Eat	9	4	-0.2116	-0.0133
1523	11	Eat	9	4	-0.2116	-0.0133
1524	11	Eat	9	4	-0.2116	-0.0133
1525	11	Eat	9	4	-0.2116	-0.0133
1526	11	Eat	9	4	-0.2116	-0.0133
1527	11	Eat	9	4	-0.2116	-0.0133
1528	11	Eat	9	4	-0.2116	-0.0133
1529	11	Eat	9	4	-0.2116	-0.0133
1530	11	Eat	9	4	-0.2116	-0.0133
1531	11	Eat	9	4	-0.2116	-0.0133
1532	11	Eat	9	4	-0.2116	-0.0133
1533	11	Eat	9	4	-0.2116	-0.0133
1534	11	Eat	9	4	-0.2116	-0.0133
1535	11	Eat	9	4	-0.2116	-0.0133
1536	11	Eat	9	4	-0.2116	-0.0133
1537	11	Eat	9	4	-0.2116	-0.0133
1538	11	Eat	9	4	-0.2116	-0.0133
1539	11	Eat	9	4	-0.2116	-0.0133
1540	11	Eat	9	4	-0.2116	-0.0133
1541	11	Eat	9	4	-0.2116	-0.0133
1542	11	Eat	9	4	-0.2116	-0.0133
1543	11	Eat	9	4	-0.2116	-0.0133
1544	11	Eat	9	4	-0.2116	-0.0133
1545	11	Eat	9	4	-0.2116	-0.0133
1546	11	Eat	9	4	-0.2116	-0.0133
1547	11	Eat	9	4	-0.2116	-0.0133
1548	11	Eat	9	4	-0.2116	-0.0133
1549	11	Eat	9	4	-0.2116	-0.0133
1550	11	Eat	9	4	-0.2116	-0.0133
1551	11	Eat	9	4	-0.2116	-0.0133
1552	11	Eat	9	4	-0.2116	-0.0133
1553	11	Eat	9	4	-0.2116	-0.0133
1554	11	Eat	9	4	-0.2116	-0.0133
1555	11	Eat	9	4	-0.2116	-0.0133
1556	11	Eat	9	4	-0.2116	-0.0133
1557	11	Eat	9	4	-0.2116	-0.0133
1558	11	Eat	9	4	-0.2116	-0.0133
1559	11	Eat	9	4	-0.2116	-0.0133
1560	11	Eat	9	4	-0.2116	-0.0133
1561	11	Eat	9	4	-0.2116	-0.0133
1562	11	Eat	9	4	-0.2116	-0.0133
1563	11	Eat	9	4	-0.2116	-0.0133
1564	11	Eat	9	4	-0.2116	-0.0133
1565	11	Eat	9	4	-0.2116	-0.0133
1566	11	Eat	9	4	-0.2116	-0.0133
1567	11	Eat	9	4	-0.2116	-0.0133
1568	11	Eat	9	4	-0.2116	-0.0133
1569	11	Eat	9	4	-0.2116	-0.0133
1570	11	Eat	9	4	-0.2116	-0.0133
1571	11	Eat	9	4	-0.2116	-0.0133
1572	11	Eat	9	4	-0.2116	-0.0133
1573	11	Eat	9	4	-0.2116	-0.0133
1574	11	Eat	9	4	-0.2116	-0.0133
1575	11	Eat	9	4	-0.2116	-0.0133
1576	11	Eat	9	4	-0.2116	-0.0133
1577	11	Eat	9	4	-0.2116	-0.0133
1578	11	Eat	9	4	-0.2116	-0.0133
1579	11	Eat	9	4	-0.2116	-0.0133
1580	11	Eat	9	4	-0.2116	-0.0133
1581	11	Eat	9	4	-0.2116	-0.0133
1582	11	Eat	9	4	-0.2116	-0.0133
1583	11	Eat	9	4	-0.2116	-0.0133
1584	11	Eat	9	4	-0.2116	-0.0133
1585	11	Eat	9	4	-0.2116	-0.0133
1586	11	Eat	9	4	-0.2116	-0.0133
1587	11	Eat	9	4	-0.2116	-0.0133
1588	11	Eat	9	4	-0.2116	-0.0133
1589	11	Eat	9	4	-0.2116	-0.0133
1590	11	Eat	9	4	-0.2116	-0.0133
1591	11	Eat	9	4	-0.2116	-0.0133
1592	11	Eat	9	4	-0.2116	-0.0133
1593	11	Eat	9	4	-0.2116	-0.0133
1594	11	Eat	9	4	-0.2116	-0.0133
1595	11	Eat	9	4	-0.2116	-0.0133
1596	11	Eat	9	4	-0.2116	-0.0133
1597	11	Eat	9	4	-0.2116	-0.0133
1598	11	Eat	9	4	-0.2116	-0.0133
1599	11	Eat	9	4	-0.2116	-0.0133
1600	11	Eat	9	4	-0.2116	-0.0133
1601	11	Eat	9	4	-0.2116	-0.0133
1602	11	Eat	9	4	-0.2116	-0.0133
1603	11	Eat	9	4	-0.2116	-0.0133
1604	11	Eat	9	4	-0.2116	-0.0133
1605	11	Eat	9	4	-0.2116	-0.0133
1606	11	Eat	9	4	-0.2116	-0.0133
1607	11	Eat	9	4	-0.2116	-0.0133
1608	11	Eat	9	4	-0.2116	-0.0133
1609	11	Eat	9	4	-0.2116	-0.0133
1610	11	Eat	9	4	-0.2116	-0.0133
1611	11	Eat	9	4	-0.2116	-0.0133
1612	11	Eat	9	4	-0.2116	-0.0133
1613	11	Eat	9	4	-0.2116	-0.0133
1614	11	Eat	9	4	-0.2116	-0.0133
1615	11	Eat	9	4	-0.2116	-0.0133
1616	11	Explore	9	0	-0.2116	-0.0133
1617	12	Hide	8	1	-0.2092	-0.0143
1618	13	Hide	7	2	-0.2092	-0.0143
1619	13	Hide	7	2	-0.2092	-0.0143
1620	13	Hide	7	2	-0.2092	-0.0143
1621	13	Hide	7	2	-0.2092	-0.0144
1622	13	Hide	7	2	-0.2093	-0.0144
1623	13	Hide	7	2	-0.2093	-0.0144
1624	13	Hide	7	2	-0.2093	-0.0144
1625	13	Hide	7	2	-0.2093	-0.0144
1626	13	Hide	7	2	-0.2093	-0.0144
1627	13	Hide	7	2	-0.2093	-0.0145
1628	13	Hide	7	2	-0.2093	-0.0145
1629	13	Hide	7	2	-0.2094	-0.0145
1630	13	Hide	7	2	-0.2094	-0.0145
1631	13	Hide	7	2	-0.2077	-0.0165
1632	13	Hide	7	2	-0.2061	-0.0186
1633	13	Hide	7	2	-0.2044	-0.0206
1634	13	Hide	7	2	-0.2028	-0.0227
1635	13	Hide	7	2	-0.2011	-0.0247
1636	13	Hide	7	2	-0.1995	-0.0268
1637	13	Hide	7	2	-0.1979	-0.0288
1638	13	Hide	7	2	-0.1962	-0.0309
1639	13	Hide	7	2	-0.1946	-0.0329
1640	13	Hide	7	2	-0.1929	-0.0349
1641	13	Hide	7	2	-0.1913	-0.0370
1642	13	Hide	7	2	-0.1896	-0.0390
1643	13	Hide	7	2	-0.1880	-0.0411
1644	13	Hide	7	2	-0.1863	-0.0431
1645	13	Hide	7	2	-0.1847	-0.0452
1646	13	Hide	7	2	-0.1830	-0.0472
1647	13	Hide	7	2	-0.1814	-0.0493
1648	13	Hide	7	2	-0.1798	-0.0513
1649	13	Hide	7	2	-0.1781	-0.0533
1650	13	Hide	7	2	-0.1765	-0.0554
1651	13	Hide	7	2	-0.1748	-0.0574
1652	13	Hide	7	2	-0.1732	-0.0595
1653	13	Hide	7	2	-0.1715	-0.0615
1654	13	Hide	7	2	-0.1699	-0.0636
1655	13	Hide	7	2	-0.1682	-0.0656
1656	13	Hide	7	2	-0.1666	-0.0677
1657	13	Hide	7	2	-0.1649	-0.0697
1658	13	Hide	7	2	-0.1633	-0.0718
1659	13	Hide	7	2	-0.1616	-0.0738
1660	13	Hide	7	2	-0.1600	-0.0758
1661	13	Hide	7	2	-0.1584	-0.0779
1662	13	Hide	7	2	-0.1567	-0.0799
1663	13	Hide	7	2	-0.1551	-0.0820
1664	13	Hide	7	2	-0.1534	-0.0840
1665	13	Hide	7	2	-0.1518	-0.0861
1666	13	Hide	7	2	-0.1501	-0.0881
1667	13	Hide	7	2	-0.1485	-0.0902
1668	13	Hide	7	2	-0.1468	-0.0922
1669	13	Hide	7	2	-0.1452	-0.0942
1670	13	Hide	7	2	-0.1435	-0.0963
1671	13	Hide	7	2	-0.1419	-0.0983
1672	13	Hide	7	2	-0.1403	-0.1004
1673	13	Hide	7	2	-0.1386	-0.1024
1674	13	Hide	7	2	-0.1370	-0.1045
1675	13	Hide	7	2	-0.1353	-0.1065
1676	13	Hide	7	2	-0.1337	-0.1086
1677	13	Hide	7	2	-0.1320	-0.1106
1678	13	Hide	7	2	-0.1304	-0.1126
1679	13	Hide	7	2	-0.1287	-0.1147
1680	13	Hide	7	2	-0.1271	-0.1167
1681	13	Hide	7	2	-0.1254	-0.1188
1682	13	Hide	7	2	-0.1238	-0.1208
1683	13	Hide	7	2	-0.1222	-0.1229
1684	13	Hide	7	2	-0.1205	-0.1249
1685	13	Hide	7	2	-0.1189	-0.1270
1686	13	Hide	7	2	-0.1172	-0.1290
1687	13	Hide	7	2	-0.1156	-0.1311
1688	13	Hide	7	2	-0.1139	-0.1331
1689	13	Hide	7	2	-0.1123	-0.1351
1690	13	Hide	7	2	-0.1106	-0.1372
1691	13	Hide	7	2	-0.1090	-0.1392
1692	13	Hide	7	2	-0.1073	-0.1413
1693	13	Hide	7	2	-0.1057	-0.1433
1694	13	Hide	7	2	-0.1041	-0.1454
1695	13	Hide	7	2	-0.1024	-0.1474
1696	13	Hide	7	2	-0.1008	-0.1495
1697	13	Hide	7	2	-0.0991	-0.1515
1698	13	Hide	7	2	-0.0975	-0.1535
1699	13	Hide	7	2	-0.0958	-0.1556
1700	13	Hide	7	2	-0.0942	-0.1576
1701	13	Hide	7	2	-0.0925	-0.1597
1702	13	Hide	7	2	-0.0909	-0.1617
1703	13	Hide	7	2	-0.0892	-0.1638
1704	13	Hide	7	2	-0.0876	-0.1658
1705	13	Hide	7	2	-0.0859	-0.1679
1706	13	Hide	7	2	-0.0843	-0.1699
1707	13	Hide	7	2	-0.0827	-0.1719
1708	13	Hide	7	2	-0.0810	-0.1740
1709	13	Hide	7	2	-0.0794	-0.1760
1710	13	Hide	7	2	-0.0777	-0.1781
1711	13	Hide	7	2	-0.0761	-0.1801
1712	13	Hide	7	2	-0.0744	-0.1822
1713	13	Hide	7	2	-0.0728	-0.1842
1714	13	Hide	7	2	-0.0711	-0.1863
1715	13	Hide	7	2	-0.0695	-0.1883
1716	13	Hide	7	2	-0.0678	-0.1903
1717	13	Hide	7	2	-0.0662	-0.1924
1718	13	Hide	7	2	-0.0646	-0.1944
1719	13	Hide	7	2	-0.0629	-0.1965
1720	13	Hide	7	2	-0.0613	-0.1985
1721	13	Hide	7	2	-0.0596	-0.2006
1722	13	Hide	7	2	-0.0580	-0.2026
1723	13	Hide	7	2	-0.0563	-0.2047
1724	13	Hide	7	2	-0.0547	-0.2067
1725	13	Hide	7	2	-0.0530	-0.2088
1726	13	Hide	7	2	-0.0514	-0.2108
1727	13	Hide	7	2	-0.0497	-0.2128
1728	13	Hide	7	2	-0.0481	-0.2149
1729	13	Hide	7	2	-0.0465	-0.2169
1730	13	Hide	7	2	-0.0448	-0.2190
1731	13	Hide	7	2	-0.0432	-0.2210
1732	13	Hide	7	2	-0.0415	-0.2231
1733	13	Hide	7	2	-0.0399	-0.2251
1734	13	Hide	7	2	-0.0382	-0.2272
1735	13	Hide	7	2	-0.0366	-0.2292
1736	13	Hide	7	2	-0.0349	-0.2312
1737	13	Hide	7	2	-0.0333	-0.2333
1738	13	Hide	7	2	-0.0316	-0.2353
1739	13	Hide	7	2	-0.0300	-0.2374
1740	13	Hide	7	2	-0.0283	-0.2394
1741	13	Hide	7	2	-0.0267	-0.2415
1742	13	Hide	7	2	-0.0251	-0.2435
1743	13	Hide	7	2	-0.0234	-0.2456
1744	13	Hide	7	2	-0.0218	-0.2476
1745	13	Hide	7	2	-0.0201	-0.2496
1746	13	Hide	7	2	-0.0185	-0.2517
1747	13	Hide	7	2	-0.0168	-0.2537
1748	13	Hide	7	2	-0.0152	-0.2558
1749	13	Hide	7	2	-0.0135	-0.2578
1750	13	Hide	7	2	-0.0119	-0.2599
1751	13	Hide	7	2	-0.0102	-0.2619
1752	13	Hide	7	2	-0.0086	-0.2640
1753	13	Hide	7	2	-0.0070	-0.2660
1754	13	Hide	7	2	-0.0053	-0.2680
1755	13	Hide	7	2	-0.0037	-0.2701
1756	13	Hide	7	2	-0.0020	-0.2721
1757	13	Hide	7	2	-0.0004	-0.2742
1758	13	Hide	7	2	0.0013	-0.2762
1759	13	Hide	7	2	0.0029	-0.2783
1760	13	Hide	7	2	0.0046	-0.2803
1761	13	Hide	7	2	0.0062	-0.2824
1762	13	Hide	7	2	0.0079	-0.2844
1763	13	Hide	7	2	0.0095	-0.2865
1764	13	Hide	7	2	0.0112	-0.2885
1765	13	Hide	7	2	0.0128	-0.2905
1766	13	Hide	7	2	0.0144	-0.2926
1767	13	Hide	7	2	0.0161	-0.2946
1768	13	Hide	7	2	0.0177	-0.2967
1769	13	Hide	7	2	0.0194	-0.2987
1770	13	Hide	7	2	0.0210	-0.3008
1771	13	Hide	7	2	0.0227	-0.3028
1772	13	Hide	7	2	0.0243	-0.3049
1773	13	Hide	7	2	0.0260	-0.3069
1774	13	Hide	7	2	0.0276	-0.3089
1775	13	Hide	7	2	0.0293	-0.3110
1776	13	Hide	7	2	0.0309	-0.3130
1777	13	Hide	7	2	0.0325	-0.3151
1778	13	Hide	7	2	0.0342	-0.3171
1779	13	Hide	7	2	0.0358	-0.3192
1780	13	Hide	7	2	0.0375	-0.3212
1781	13	Hide	7	2	0.0391	-0.3233
1782	13	Hide	7	2	0.0408	-0.3253
1783	13	Hide	7	2	0.0424	-0.3273
1784	13	Hide	7	2	0.0441	-0.3294
1785	13	Hide	7	2	0.0457	-0.3314
1786	13	Hide	7	2	0.0474	-0.3335
1787	13	Hide	7	2	0.0490	-0.3355
1788	13	Hide	7	2	0.0507	-0.3376
1789	13	Hide	7	2	0.0523	-0.3396
1790	13	Hide	7	2	0.0539	-0.3417
1791	13	Hide	7	2	0.0556	-0.3437
1792	13	Hide	7	2	0.0572	-0.3457
1793	13	Hide	7	2	0.0589	-0.3478
1794	13	Hide	7	2	0.0605	-0.3498
1795	13	Hide	7	2	0.0622	-0.3519
1796	13	Hide	7	2	0.0638	-0.3539
1797	13	Hide	7	2	0.0655	-0.3560
1798	13	Hide	7	2	0.0671	-0.3580
1799	13	Hide	7	2	0.0688	-0.3601
1800	13	Hide	7	2	0.0704	-0.3621
1801	13	Hide	7	2	0.0721	-0.3641
1802	13	Hide	7	2	0.0737	-0.3662
1803	13	Hide	7	2	0.0753	-0.3682
1804	13	Hide	7	2	0.0770	-0.3703
1805	13	Hide	7	2	0.0786	-0.3723
1806	13	Hide	7	2	0.0803	-0.3744
1807	13	Hide	7	2	0.0819	-0.3764
1808	13	Hide	7	2	0.0836	-0.3785
1809	13	Hide	7	2	0.0852	-0.3805
1810	13	Hide	7	2	0.0869	-0.3825
1811	13	Hide	7	2	0.0885	-0.3846
1812	13	Hide	7	2	0.0902	-0.3866
1813	13	Hide	7	2	0.0918	-0.3887
1814	13	Hide	7	2	0.0934	-0.3907
1815	13	Hide	7	2	0.0951	-0.3928
1816	13	Hide	7	2	0.0967	-0.3948
1817	13	Hide	7	2	0.0984	-0.3969
1818	13	Hide	7	2	0.1000	-0.3989
1819	13	Hide	7	2	0.1017	-0.4009
1820	13	Hide	7	2	0.1033	-0.4030
1821	13	Hide	7	2	0.1050	-0.4050
1822	13	Hide	7	2	0.1066	-0.4071
1823	13	Hide	7	2	0.1083	-0.4091
1824	13	Hide	7	2	0.1099	-0.4112
1825	13	Hide	7	2	0.1116	-0.4132
1826	13	Hide	7	2	0.1132	-0.4153
1827	13	Hide	7	2	0.1148	-0.4173
1828	13	Hide	7	2	0.1165	-0.4194
1829	13	Hide	7	2	0.1181	-0.4214
1830	13	Hide	7	2	0.1198	-0.4234
1831	13	Hide	7	2	0.1214	-0.4255
1832	13	Hide	7	2	0.1231	-0.4275
1833	13	Hide	7	2	0.1247	-0.4296
1834	13	Hide	7	2	0.1264	-0.4316
1835	13	Hide	7	2	0.1280	-0.4337
1836	13	Hide	7	2	0.1297	-0.4357
1837	13	Hide	7	2	0.1313	-0.4378
1838	13	Hide	7	2	0.1330	-0.4398
1839	13	Hide	7	2	0.1346	-0.4418
1840	13	Hide	7	2	0.1362	-0.4439
1841	13	Hide	7	2	0.1379	-0.4459
1842	13	Hide	7	2	0.1395	-0.4480
1843	13	Hide	7	2	0.1412	-0.4500
1844	13	Hide	7	2	0.1428	-0.4521
1845	13	Hide	7	2	0.1445	-0.4541
1846	13	Hide	7	2	0.1461	-0.4562
1847	13	Hide	7	2	0.1478	-0.4582
1848	13	Hide	7	2	0.1494	-0.4602
1849	13	Hide	7	2	0.1511	-0.4623
1850	13	Hide	7	2	0.1527	-0.4643
1851	13	Hide	7	2	0.1543	-0.4664
1852	13	Hide	7	2	0.1560	-0.4684
1853	13	Hide	7	2	0.1560	-0.4684
1854	13	Hide	7	2	0.1560	-0.4684
1855	13	Hide	7	2	0.1560	-0.4684
1856	13	Hide	7	2	0.1560	-0.4684
1857	13	Hide	7	2	0.1560	-0.4684
1858	13	Hide	7	2	0.1560	-0.4684
1859	13	Hide	7	2	0.1560	-0.4684
1860	13	Hide	7	2	0.1560	-0.4684
1861	13	Hide	7	2	0.1560	-0.4684
1862	13	Hide	7	2	0.1560	-0.4684
1863	13	Hide	7	2	0.1560	-0.4684
1864	13	Hide	7	2	0.1560	-0.4684
1865	13	Hide	7	2	0.1560	-0.4684
1866	13	Hide	7	2	0.1560	-0.4684
1867	13	Hide	7	2	0.1560	-0.4684
1868	13	Hide	7	2	0.1560	-0.4684
1869	13	Hide	7	2	0.1560	-0.4684
1870	13	Hide	7	2	0.1560	-0.4684
1871	13	Hide	7	2	0.1560	-0.4684
1872	13	Hide	7	2	0.1560	-0.4684
1873	13	Hide	7	2	0.1560	-0.4684
1874	13	Hide	7	2	0.1560	-0.4684
1875	13	Hide	7	2	0.1560	-0.4684
1876	13	Hide	7	2	0.1560	-0.4684
1877	13	Hide	7	2	0.1560	-0.4684
1878	13	Hide	7	2	0.1560	-0.4684
1879	13	Hide	7	2	0.1560	-0.4684
1880	13	Hide	7	2	0.1560	-0.4684
1881	13	Hide	7	2	0.1560	-0.4684
1882	13	Hide	7	2	0.1560	-0.4684
1883	13	Hide	7	2	0.1560	-0.4684
1884	13	Hide	7	2	0.1560	-0.4684
1885	13	Hide	7	2	0.1560	-0.4684
1886	13	Hide	7	2	0.1560	-0.4684
1887	13	Hide	7	2	0.1560	-0.4684
1888	13	Hide	7	2	0.1560	-0.4684
1889	13	Hide	7	2	0.1560	-0.4684
1890	13	Hide	7	2	0.1560	-0.4684
1891	13	Hide	7	2	0.1560	-0.4684
1892	13	Hide	7	2	0.1560	-0.4684
1893	13	Hide	7	2	0.1560	-0.4684
1894	13	Hide	7	2	0.1560	-0.4684
1895	13	Hide	7	2	0.1560	-0.4684
1896	13	Hide	7	2	0.1560	-0.4684
1897	13	Hide	7	2	0.1560	-0.4684
1898	13	Hide	7	2	0.1560	-0.4684
1899	13	Hide	7	2	0.1560	-0.4684
1900	13	Hide	7	2	0.1560	-0.4684
1901	13	Hide	7	2	0.1560	-0.4684
1902	13	Hide	7	2	0.1560	-0.4684
1903	13	Hide	7	2	0.1560	-0.4684
1904	13	Hide	7	2	0.1560	-0.4684
1905	13	Hide	7	2	0.1560	-0.4684
1906	13	Hide	7	2	0.1560	-0.4684
1907	13	Hide	7	2	0.1560	-0.4684
1908	13	Hide	7	2	0.1560	-0.4684
1909	13	Hide	7	2	0.1560	-0.4684
1910	13	Hide	7	2	0.1560	-0.4684
1911	13	Hide	7	2	0.1560	-0.4684
1912	13	Hide	7	2	0.1560	-0.4684
1913	13	Hide	7	2	0.1560	-0.4684
1914	13	Hide	7	2	0.1560	-0.4684
1915	13	Hide	7	2	0.1560	-0.4684
1916	13	Hide	7	2	0.1560	-0.4684
1917	13	Hide	7	2	0.1560	-0.4684
1918	13	Hide	7	2	0.1560	-0.4684
1919	13	Hide	7	2	0.1560	-0.4684
1920	13	Hide	7	2	0.1560	-0.4684
1921	13	Hide	7	2	0.1560	-0.4684
1922	13	Hide	7	2	0.1560	-0.4684
1923	13	Hide	7	2	0.1560	-0.4684
1924	13	Hide	7	2	0.1560	-0.4684
1925	13	Hide	7	2	0.1560	-0.4684
1926	13	Hide	7	2	0.1560	-0.4684
1927	13	Hide	7	2	0.1560	-0.4684
1928	13	Hide	7	2	0.1560	-0.4684
1929	13	Hide	7	2	0.1560	-0.4684
1930	13	Hide	7	2	0.1560	-0.4684
1931	13	Hide	7	2	0.1560	-0.4684
1932	13	Hide	7	2	0.1560	-0.4684
1933	13	Hide	7	2	0.1560	-0.4684
1934	13	Hide	7	2	0.1560	-0.4684
1935	13	Hide	7	2	0.1560	-0.4684
1936	13	Hide	7	2	0.1560	-0.4684
1937	13	Hide	7	2	0.1560	-0.4684
1938	13	Hide	7	2	0.1560	-0.4684
1939	13	Hide	7	2	0.1560	-0.4684
1940	13	Hide	7	2	0.1560	-0.4684
1941	13	Hide	7	2	0.1560	-0.4684
1942	13	Hide	7	2	0.1560	-0.4684
1943	13	Hide	7	2	0.1560	-0.4684
1944	13	Hide	7	2	0.1560	-0.4684
1945	13	Hide	7	2	0.1560	-0.4684
1946	13	Hide	7	2	0.1560	-0.4684
1947	13	Hide	7	2	0.1560	-0.4684
1948	13	Hide	7	2	0.1560	-0.4684
1949	13	Hide	7	2	0.1560	-0.4684
1950	13	Hide	7	2	0.1560	-0.4684
1951	13	Hide	7	2	0.1560	-0.4684
1952	13	Explore	7	2	0.1560	-0.4684
1953	14	Explore	6	3	0.1560	-0.4684
1954	14	Explore	6	3	0.1560	-0.4684
1955	14	Explore	6	3	0.1560	-0.4684
1956	14	Explore	6	3	0.1561	-0.4684
1957	14	Explore	6	3	0.1561	-0.4683
1958	14	Explore	6	3	0.1561	-0.4683
1959	14	Explore	6	3	0.1561	-0.4683
1960	14	Explore	6	3	0.1561	-0.4683
1961	14	Explore	6	3	0.1561	-0.4683
1962	14	Explore	6	3	0.1561	-0.4683
1963	14	Explore	6	3	0.1562	-0.4682
1964	14	Explore	6	3	0.1562	-0.4682
1965	14	Explore	6	3	0.1562	-0.4682
1966	14	Explore	6	3	0.1562	-0.4682
1967	14	Explore	6	3	0.1562	-0.4682
1968	14	Explore	6	3	0.1562	-0.4681
1969	14	Explore	6	3	0.1562	-0.4681
1970	14	Explore	6	3	0.1563	-0.4681
1971	14	Explore	6	3	0.1563	-0.4677
1972	14	Explore	6	3	0.1563	-0.4672
1973	14	Explore	6	3	0.1563	-0.4668
1974	14	Explore	6	3	0.1563	-0.4664
1975	14	Explore	6	3	0.1563	-0.4661
1976	14	Explore	6	3	0.1563	-0.4655
1977	14	Explore	6	3	0.1563	-0.4650
1978	14	Explore	6	3	0.1563	-0.4645
1979	14	Explore	6	3	0.1563	-0.4641
1980	14	Explore	6	3	0.1563	-0.4637
1981	14	Explore	6	3	0.1563	-0.4633
1982	14	Explore	6	3	0.1562	-0.4631
1983	14	Explore	6	3	0.1562	-0.4629
1984	14	Explore	6	3	0.1562	-0.4629
1985	14	Explore	6	3	0.1587	-0.4620
1986	14	Explore	6	3	0.1612	-0.4611
1987	14	Explore	6	3	0.1636	-0.4602
1988	14	Explore	6	3	0.1661	-0.4594
1989	14	Explore	6	3	0.1686	-0.4585
1990	14	Explore	6	3	0.1711	-0.4576
1991	14	Explore	6	3	0.1735	-0.4567
1992	14	Explore	6	3	0.1760	-0.4559
1993	14	Explore	6	3	0.1785	-0.4550
1994	14	Explore	6	3	0.1809	-0.4541
1995	14	Explore	6	3	0.1834	-0.4532
1996	14	Explore	6	3	0.1859	-0.4523
1997	14	Explore	6	3	0.1884	-0.4515
1998	14	Explore	6	3	0.1908	-0.4506
1999	14	Explore	6	3	0.1933	-0.4497
2000	14	Explore	6	3	0.1958	-0.4488
2001	14	Explore	6	3	0.1983	-0.4479
2002	14	Explore	6	3	0.2007	-0.4471
2003	14	Explore	6	3	0.2032	-0.4462
2004	14	Explore	6	3	0.2057	-0.4453
2005	14	Explore	6	3	0.2082	-0.4444
2006	14	Explore	6	3	0.2106	-0.4435
2007	14	Explore	6	3	0.2131	-0.4427
2008	14	Explore	6	3	0.2156	-0.4418
2009	14	Explore	6	3	0.2180	-0.4409
2010	14	Explore	6	3	0.2205	-0.4400
2011	14	Explore	6	3	0.2230	-0.4391
2012	14	Explore	6	3	0.2255	-0.4383
2013	14	Explore	6	3	0.2279	-0.4374
2014	14	Explore	6	3	0.2304	-0.4365
2015	14	Explore	6	3	0.2329	-0.4356
2016	14	Explore	6	3	0.2354	-0.4347
2017	14	Explore	6	3	0.2378	-0.4339
2018	14	Explore	6	3	0.2403	-0.4330
2019	14	Explore	6	3	0.2428	-0.4321
2020	14	Explore	6	3	0.2452	-0.4312
2021	14	Explore	6	3	0.2477	-0.4303
2022	14	Explore	6	3	0.2477	-0.4303
2023	14	Explore	6	3	0.2477	-0.4303
2024	14	Explore	6	3	0.2477	-0.4303
2025	14	Explore	6	3	0.2477	-0.4303
2026	14	Explore	6	3	0.2477	-0.4302
2027	14	Explore	6	3	0.2476	-0.4302
2028	14	Explore	6	3	0.2476	-0.4302
2029	14	Explore	6	3	0.2476	-0.4302
2030	14	Explore	6	3	0.2476	-0.4302
2031	14	Explore	6	3	0.2476	-0.4302
2032	14	Explore	6	3	0.2476	-0.4301
2033	14	Explore	6	3	0.2475	-0.4301
2034	14	Explore	6	3	0.2475	-0.4301
2035	14	Explore	6	3	0.2475	-0.4301
2036	14	Explore	6	3	0.2475	-0.4301
2037	14	Explore	6	3	0.2475	-0.4301
2038	14	Explore	6	3	0.2475	-0.4300
2039	14	Explore	6	3	0.2475	-0.4300
2040	14	Explore	6	3	0.2474	-0.4300
2041	14	Explore	6	3	0.2474	-0.4300
2042	14	Explore	6	3	0.2486	-0.4276
2043	14	Explore	6	3	0.2497	-0.4253
2044	14	Explore	6	3	0.2509	-0.4229
2045	14	Explore	6	3	0.2520	-0.4206
2046	14	Explore	6	3	0.2531	-0.4182
2047	14	Explore	6	3	0.2543	-0.4158
2048	14	Explore	6	3	0.2554	-0.4135
2049	14	Explore	6	3	0.2566	-0.4111
2050	14	Explore	6	3	0.2577	-0.4088
2051	14	Explore	6	3	0.2589	-0.4064
2052	14	Explore	6	3	0.2600	-0.4040
2053	14	Explore	6	3	0.2612	-0.4017
2054	14	Explore	6	3	0.2623	-0.3993
2055	14	Explore	6	3	0.2635	-0.3969
2056	14	Explore	6	3	0.2646	-0.3946
2057	14	Explore	6	3	0.2646	-0.3946
2058	14	Explore	6	3	0.2646	-0.3945
2059	14	Explore	6	3	0.2646	-0.3945
2060	14	Explore	6	3	0.2645	-0.3945
2061	14	Eat	6	3	0.2645	-0.3945
2062	15	Eat	5	4	0.2651	-0.3919
2063	15	Eat	5	4	0.2657	-0.3894
2064	15	Eat	5	4	0.2663	-0.3868
2065	15	Eat	5	4	0.2668	-0.3842
2066	15	Eat	5	4	0.2672	-0.3816
2067	15	Eat	5	4	0.2676	-0.3790
2068	15	Eat	5	4	0.2679	-0.3764
2069	15	Eat	5	4	0.2683	-0.3738
2070	15	Eat	5	4	0.2685	-0.3712
2071	15	Eat	5	4	0.2687	-0.3686
2072	15	Eat	5	4	0.2689	-0.3660
2073	15	Eat	5	4	0.2691	-0.3634
2074	15	Eat	5	4	0.2692	-0.3607
2075	15	Eat	5	4	0.2692	-0.3581
2076	15	Eat	5	4	0.2692	-0.3555
2077	15	Eat	5	4	0.2692	-0.3529
2078	15	Eat	5	4	0.2691	-0.3502
2079	15	Eat	5	4	0.2690	-0.3476
2080	15	Eat	5	4	0.2689	-0.3450
2081	15	Eat	5	4	0.2687	-0.3424
2082	15	Eat	5	4	0.2685	-0.3398
2083	15	Eat	5	4	0.2683	-0.3371
2084	15	Eat	5	4	0.2680	-0.3345
2085	15	Eat	5	4	0.2677	-0.3319
2086	15	Eat	5	4	0.2674	-0.3293
2087	15	Eat	5	4	0.2670	-0.3267
2088	15	Eat	5	4	0.2666	-0.3241
2089	15	Eat	5	4	0.2661	-0.3216
2090	15	Eat	5	4	0.2656	-0.3190
2091	15	Eat	5	4	0.2651	-0.3164
2092	15	Eat	5	4	0.2646	-0.3138
2093	15	Eat	5	4	0.2640	-0.3113
2094	15	Eat	5	4	0.2635	-0.3087
2095	15	Eat	5	4	0.2628	-0.3062
2096	15	Eat	5	4	0.2622	-0.3036
2097	15	Eat	5	4	0.2615	-0.3011
2098	15	Eat	5	4	0.2608	-0.2985
2099	15	Eat	5	4	0.2601	-0.2960
2100	15	Eat	5	4	0.2593	-0.2935
2101	15	Eat	5	4	0.2586	-0.2910
2102	15	Eat	5	4	0.2578	-0.2885
2103	15	Eat	5	4	0.2569	-0.2860
2104	15	Eat	5	4	0.2561	-0.2835
2105	15	Eat	5	4	0.2552	-0.2810
2106	15	Eat	5	4	0.2543	-0.2786
2107	15	Eat	5	4	0.2534	-0.2761
2108	15	Eat	5	4	0.2525	-0.2737
2109	15	Eat	5	4	0.2515	-0.2712
2110	15	Eat	5	4	0.2515	-0.2712
2111	15	Eat	5	4	0.2515	-0.2712
2112	15	Eat	5	4	0.2515	-0.2712
2113	15	Eat	5	4	0.2515	-0.2712
2114	15	Eat	5	4	0.2515	-0.2712
2115	15	Eat	5	4	0.2515	-0.2712
2116	15	Eat	5	4	0.2515	-0.2712
2117	15	Eat	5	4	0.2515	-0.2712
2118	15	Eat	5	4	0.2515	-0.2712
2119	15	Eat	5	4	0.2515	-0.2712
2120	15	Eat	5	4	0.2515	-0.2712
2121	15	Eat	5	4	0.2515	-0.2712
2122	15	Eat	5	4	0.2515	-0.2712
2123	15	Eat	5	4	0.2515	-0.2712
2124	15	Eat	5	4	0.2515	-0.2712
2125	15	Eat	5	4	0.2515	-0.2712
2126	15	Eat	5	4	0.2515	-0.2712
2127	15	Eat	5	4	0.2515	-0.2712
2128	15	Eat	5	4	0.2515	-0.2712
2129	15	Eat	5	4	0.2515	-0.2712
2130	15	Eat	5	4	0.2515	-0.2712
2131	15	Eat	5	4	0.2515	-0.2712
2132	15	Eat	5	4	0.2515	-0.2712
2133	15	Eat	5	4	0.2515	-0.2712
2134	15	Eat	5	4	0.2515	-0.2712
2135	15	Eat	5	4	0.2515	-0.2712
2136	15	Eat	5	4	0.2515	-0.2712
2137	15	Eat	5	4	0.2515	-0.2712
2138	15	Eat	5	4	0.2515	-0.2712
2139	15	Eat	5	4	0.2515	-0.2712
2140	15	Eat	5	4	0.2515	-0.2712
2141	15	Eat	5	4	0.2515	-0.2712
2142	15	Eat	5	4	0.2515	-0.2712
2143	15	Eat	5	4	0.2515	-0.2712
2144	15	Eat	5	4	0.2515	-0.2712
2145	15	Eat	5	4	0.2515	-0.2712
2146	15	Eat	5	4	0.2515	-0.2712
2147	15	Eat	5	4	0.2515	-0.2712
2148	15	Eat	5	4	0.2515	-0.2712
2149	15	Eat	5	4	0.2515	-0.2712
2150	15	Eat	5	4	0.2515	-0.2712
2151	15	Eat	5	4	0.2515	-0.2712
2152	15	Eat	5	4	0.2515	-0.2712
2153	15	Eat	5	4	0.2515	-0.2712
2154	15	Eat	5	4	0.2515	-0.2712
2155	15	Eat	5	4	0.2515	-0.2712
2156	15	Eat	5	4	0.2515	-0.2712
2157	15	Eat	5	4	0.2515	-0.2712
2158	15	Eat	5	4	0.2515	-0.2712
2159	15	Eat	5	4	0.2515	-0.2712
2160	15	Eat	5	4	0.2515	-0.2712
2161	15	Eat	5	4	0.2515	-0.2712
2162	15	Eat	5	4	0.2515	-0.2712
2163	15	Eat	5	4	0.2515	-0.2712
2164	15	Eat	5	4	0.2515	-0.2712
2165	15	Eat	5	4	0.2515	-0.2712
2166	15	Eat	5	4	0.2515	-0.2712
2167	15	Eat	5	4	0.2515	-0.2712
2168	15	Eat	5	4	0.2515	-0.2712
2169	15	Eat	5	4	0.2515	-0.2712
2170	15	Eat	5	4	0.2515	-0.2712
2171	15	Eat	5	4	0.2515	-0.2712
2172	15	Eat	5	4	0.2515	-0.2712
2173	15	Eat	5	4	0.2515	-0.2712
2174	15	Eat	5	4	0.2515	-0.2712
2175	15	Eat	5	4	0.2515	-0.2712
2176	15	Eat	5	4	0.2515	-0.2712
2177	15	Eat	5	4	0.2515	-0.2712
2178	15	Eat	5	4	0.2515	-0.2712
2179	15	Eat	5	4	0.2515	-0.2712
2180	15	Eat	5	4	0.2515	-0.2712
2181	15	Eat	5	4	0.2515	-0.2712
2182	15	Eat	5	4	0.2515	-0.2712
2183	15	Eat	5	4	0.2515	-0.2712
2184	15	Eat	5	4	0.2515	-0.2712
2185	15	Eat	5	4	0.2515	-0.2712
2186	15	Eat	5	4	0.2515	-0.2712
2187	15	Eat	5	4	0.2515	-0.2712
2188	15	Eat	5	4	0.2515	-0.2712
2189	15	Eat	5	4	0.2515	-0.2712
2190	15	Eat	5	4	0.2515	-0.2712
2191	15	Eat	5	4	0.2515	-0.2712
2192	15	Eat	5	4	0.2515	-0.2712
2193	15	Eat	5	4	0.2515	-0.2712
2194	15	Eat	5	4	0.2515	-0.2712
2195	15	Eat	5	4	0.2515	-0.2712
2196	15	Eat	5	4	0.2515	-0.2712
2197	15	Eat	5	4	0.2515	-0.2712
2198	15	Eat	5	4	0.2515	-0.2712
2199	15	Eat	5	4	0.2515	-0.2712
2200	15	Eat	5	4	0.2515	-0.2712
2201	15	Eat	5	4	0.2515	-0.2712
2202	15	Eat	5	4	0.2515	-0.2712
2203	15	Eat	5	4	0.2515	-0.2712
2204	15	Eat	5	4	0.2515	-0.2712
2205	15	Eat	5	4	0.2515	-0.2712
2206	15	Eat	5	4	0.2515	-0.2712
2207	15	Eat	5	4	0.2515	-0.2712
2208	15	Eat	5	4	0.2515	-0.2712
2209	15	Eat	5	4	0.2515	-0.2712
2210	15	Eat	5	4	0.2515	-0.2712
2211	15	Eat	5	4	0.2515	-0.2712
2212	15	Eat	5	4	0.2515	-0.2712
2213	15	Eat	5	4	0.2515	-0.2712
2214	15	Eat	5	4	0.2515	-0.2712
2215	15	Eat	5	4	0.2515	-0.2712
2216	15	Eat	5	4	0.2515	-0.2712
2217	15	Eat	5	4	0.2515	-0.2712
2218	15	Eat	5	4	0.2515	-0.2712
2219	15	Eat	5	4	0.2515	-0.2712
2220	15	Eat	5	4	0.2515	-0.2712
2221	15	Eat	5	4	0.2515	-0.2712
2222	15	Eat	5	4	0.2515	-0.2712
2223	15	Eat	5	4	0.2515	-0.2712
2224	15	Eat	5	4	0.2515	-0.2712
2225	15	Eat	5	4	0.2515	-0.2712
2226	15	Eat	5	4	0.2515	-0.2712
2227	15	Eat	5	4	0.2515	-0.2712
2228	15	Eat	5	4	0.2515	-0.2712
2229	15	Eat	5	4	0.2515	-0.2712
2230	15	Eat	5	4	0.2515	-0.2712
2231	15	Eat	5	4	0.2515	-0.2712
2232	15	Eat	5	4	0.2515	-0.2712
2233	15	Eat	5	4	0.2515	-0.2712
2234	15	Eat	5	4	0.2515	-0.2712
2235	15	Eat	5	4	0.2515	-0.2712
2236	15	Eat	5	4	0.2515	-0.2712
2237	15	Eat	5	4	0.2515	-0.2712
2238	15	Eat	5	4	0.2515	-0.2712
2239	15	Eat	5	4	0.2515	-0.2712
2240	15	Eat	5	4	0.2515	-0.2712
2241	15	Eat	5	4	0.2515	-0.2712
2242	15	Eat	5	4	0.2515	-0.2712
2243	15	Eat	5	4	0.2515	-0.2712
2244	15	Eat	5	4	0.2515	-0.2712
2245	15	Eat	5	4	0.2515	-0.2712
2246	15	Eat	5	4	0.2515	-0.2712
2247	15	Eat	5	4	0.2515	-0.2712
2248	15	Eat	5	4	0.2515	-0.2712
2249	15	Eat	5	4	0.2515	-0.2712
2250	15	Eat	5	4	0.2515	-0.2712
2251	15	Eat	5	4	0.2515	-0.2712
2252	15	Eat	5	4	0.2515	-0.2712
2253	15	Eat	5	4	0.2515	-0.2712
2254	15	Eat	5	4	0.2515	-0.2712
2255	15	Eat	5	4	0.2515	-0.2712
2256	15	Eat	5	4	0.2515	-0.2712
2257	15	Eat	5	4	0.2515	-0.2712
2258	15	Eat	5	4	0.2515	-0.2712
2259	15	Eat	5	4	0.2515	-0.2712
2260	15	Eat	5	4	0.2515	-0.2712
2261	15	Eat	5	4	0.2515	-0.2712
2262	15	Eat	5	4	0.2515	-0.2712
2263	15	Eat	5	4	0.2515	-0.2712
2264	15	Eat	5	4	0.2515	-0.2712
2265	15	Eat	5	4	0.2515	-0.2712
2266	15	Eat	5	4	0.2515	-0.2712
2267	15	Eat	5	4	0.2515	-0.2712
2268	15	Eat	5	4	0.2515	-0.2712
2269	15	Explore	5	0	0.2515	-0.2712
2270	16	Hide	4	1	0.2505	-0.2688
2271	17	Hide	3	2	0.2506	-0.2688
2272	17	Hide	3	2	0.2506	-0.2688
2273	17	Hide	3	2	0.2498	-0.2662
2274	17	Hide	3	2	0.2490	-0.2637
2275	17	Hide	3	2	0.2483	-0.2612
2276	17	Hide	3	2	0.2475	-0.2587
2277	17	Hide	3	2	0.2467	-0.2562
2278	17	Hide	3	2	0.2459	-0.2537
2279	17	Hide	3	2	0.2452	-0.2512
2280	17	Hide	3	2	0.2444	-0.2487
2281	17	Hide	3	2	0.2436	-0.2462
2282	17	Hide	3	2	0.2429	-0.2437
2283	17	Hide	3	2	0.2421	-0.2412
2284	17	Hide	3	2	0.2413	-0.2387
2285	17	Hide	3	2	0.2405	-0.2361
2286	17	Hide	3	2	0.2398	-0.2336
2287	17	Hide	3	2	0.2390	-0.2311
2288	17	Hide	3	2	0.2382	-0.2286
2289	17	Hide	3	2	0.2374	-0.2261
2290	17	Hide	3	2	0.2367	-0.2236
2291	17	Hide	3	2	0.2359	-0.2211
2292	17	Hide	3	2	0.2351	-0.2186
2293	17	Hide	3	2	0.2344	-0.2161
2294	17	Hide	3	2	0.2336	-0.2136
2295	17	Hide	3	2	0.2328	-0.2111
2296	17	Hide	3	2	0.2320	-0.2085
2297	17	Hide	3	2	0.2313	-0.2060
2298	17	Hide	3	2	0.2305	-0.2035
2299	17	Hide	3	2	0.2297	-0.2010
2300	17	Hide	3	2	0.2290	-0.1985
2301	17	Hide	3	2	0.2282	-0.1960
2302	17	Hide	3	2	0.2274	-0.1935
2303	17	Hide	3	2	0.2266	-0.1910
2304	17	Hide	3	2	0.2259	-0.1885
2305	17	Hide	3	2	0.2251	-0.1860
2306	17	Hide	3	2	0.2243	-0.1835
2307	17	Hide	3	2	0.2235	-0.1810
2308	17	Hide	3	2	0.2228	-0.1784
2309	17	Hide	3	2	0.2220	-0.1759
2310	17	Hide	3	2	0.2212	-0.1734
2311	17	Hide	3	2	0.2205	-0.1709
2312	17	Hide	3	2	0.2197	-0.1684
2313	17	Hide	3	2	0.2189	-0.1659
2314	17	Hide	3	2	0.2181	-0.1634
2315	17	Hide	3	2	0.2174	-0.1609
2316	17	Hide	3	2	0.2166	-0.1584
2317	17	Hide	3	2	0.2158	-0.1559
2318	17	Hide	3	2	0.2150	-0.1534
2319	17	Hide	3	2	0.2143	-0.1509
2320	17	Hide	3	2	0.2135	-0.1483
2321	17	Hide	3	2	0.2127	-0.1458
2322	17	Hide	3	2	0.2120	-0.1433
2323	17	Hide	3	2	0.2112	-0.1408
2324	17	Hide	3	2	0.2104	-0.1383
2325	17	Hide	3	2	0.2096	-0.1358
2326	17	Hide	3	2	0.2089	-0.1333
2327	17	Hide	3	2	0.2081	-0.1308
2328	17	Hide	3	2	0.2073	-0.1283
2329	17	Hide	3	2	0.2065	-0.1258
2330	17	Hide	3	2	0.2058	-0.1233
2331	17	Hide	3	2	0.2050	-0.1207
2332	17	Hide	3	2	0.2042	-0.1182
2333	17	Hide	3	2	0.2035	-0.1157
2334	17	Hide	3	2	0.2027	-0.1132
2335	17	Hide	3	2	0.2019	-0.1107
2336	17	Hide	3	2	0.2011	-0.1082
2337	17	Hide	3	2	0.2004	-0.1057
2338	17	Hide	3	2	0.1996	-0.1032
2339	17	Hide	3	2	0.1988	-0.1007
2340	17	Hide	3	2	0.1980	-0.0982
2341	17	Hide	3	2	0.1973	-0.0957
2342	17	Hide	3	2	0.1965	-0.0932
2343	17	Hide	3	2	0.1957	-0.0906
2344	17	Hide	3	2	0.1950	-0.0881
2345	17	Hide	3	2	0.1942	-0.0856
2346	17	Hide	3	2	0.1934	-0.0831
2347	17	Hide	3	2	0.1926	-0.0806
2348	17	Hide	3	2	0.1919	-0.0781
2349	17	Hide	3	2	0.1911	-0.0756
2350	17	Hide	3	2	0.1903	-0.0731
2351	17	Hide	3	2	0.1895	-0.0706
2352	17	Hide	3	2	0.1888	-0.0681
2353	17	Hide	3	2	0.1880	-0.0656
2354	17	Hide	3	2	0.1872	-0.0631
2355	17	Hide	3	2	0.1864	-0.0605
2356	17	Hide	3	2	0.1857	-0.0580
2357	17	Hide	3	2	0.1849	-0.0555
2358	17	Hide	3	2	0.1841	-0.0530
2359	17	Hide	3	2	0.1834	-0.0505
2360	17	Hide	3	2	0.1826	-0.0480
2361	17	Hide	3	2	0.1818	-0.0455
2362	17	Hide	3	2	0.1810	-0.0430
2363	17	Hide	3	2	0.1803	-0.0405
2364	17	Hide	3	2	0.1795	-0.0380
2365	17	Hide	3	2	0.1787	-0.0355
2366	17	Hide	3	2	0.1779	-0.0330
2367	17	Hide	3	2	0.1772	-0.0304
2368	17	Hide	3	2	0.1764	-0.0279
2369	17	Hide	3	2	0.1756	-0.0254
2370	17	Hide	3	2	0.1749	-0.0229
2371	17	Hide	3	2	0.1741	-0.0204
2372	17	Hide	3	2	0.1733	-0.0179
2373	17	Hide	3	2	0.1725	-0.0154
2374	17	Hide	3	2	0.1718	-0.0129
2375	17	Hide	3	2	0.1710	-0.0104
2376	17	Hide	3	2	0.1702	-0.0079
2377	17	Hide	3	2	0.1694	-0.0054
2378	17	Hide	3	2	0.1687	-0.0029
2379	17	Hide	3	2	0.1679	-0.0003
2380	17	Hide	3	2	0.1671	0.0022
2381	17	Hide	3	2	0.1663	0.0047
2382	17	Hide	3	2	0.1656	0.0072
2383	17	Hide	3	2	0.1648	0.0097
2384	17	Hide	3	2	0.1640	0.0122
2385	17	Hide	3	2	0.1633	0.0147
2386	17	Hide	3	2	0.1625	0.0172
2387	17	Hide	3	2	0.1617	0.0197
2388	17	Hide	3	2	0.1609	0.0222
2389	17	Hide	3	2	0.1602	0.0247
2390	17	Hide	3	2	0.1594	0.0272
2391	17	Hide	3	2	0.1586	0.0298
2392	17	Hide	3	2	0.1578	0.0323
2393	17	Hide	3	2	0.1571	0.0348
2394	17	Hide	3	2	0.1563	0.0373
2395	17	Hide	3	2	0.1555	0.0398
2396	17	Hide	3	2	0.1547	0.0423
2397	17	Hide	3	2	0.1540	0.0448
2398	17	Hide	3	2	0.1532	0.0473
2399	17	Hide	3	2	0.1524	0.0498
2400	17	Hide	3	2	0.1516	0.0523
2401	17	Hide	3	2	0.1509	0.0548
2402	17	Hide	3	2	0.1501	0.0573
2403	17	Hide	3	2	0.1493	0.0599
2404	17	Hide	3	2	0.1486	0.0624
2405	17	Hide	3	2	0.1478	0.0649
2406	17	Hide	3	2	0.1470	0.0674
2407	17	Hide	3	2	0.1462	0.0699
2408	17	Hide	3	2	0.1455	0.0724
2409	17	Hide	3	2	0.1447	0.0749
2410	17	Hide	3	2	0.1439	0.0774
2411	17	Hide	3	2	0.1431	0.0799
2412	17	Hide	3	2	0.1424	0.0824
2413	17	Hide	3	2	0.1416	0.0849
2414	17	Hide	3	2	0.1408	0.0874
2415	17	Hide	3	2	0.1400	0.0899
2416	17	Hide	3	2	0.1393	0.0925
2417	17	Hide	3	2	0.1385	0.0950
2418	17	Hide	3	2	0.1377	0.0975
2419	17	Hide	3	2	0.1369	0.1000
2420	17	Hide	3	2	0.1362	0.1025
2421	17	Hide	3	2	0.1354	0.1050
2422	17	Hide	3	2	0.1346	0.1075
2423	17	Hide	3	2	0.1339	0.1100
2424	17	Hide	3	2	0.1331	0.1125
2425	17	Hide	3	2	0.1323	0.1150
2426	17	Hide	3	2	0.1315	0.1175
2427	17	Hide	3	2	0.1308	0.1200
2428	17	Hide	3	2	0.1300	0.1226
2429	17	Hide	3	2	0.1292	0.1251
2430	17	Hide	3	2	0.1284	0.1276
2431	17	Hide	3	2	0.1277	0.1301
2432	17	Hide	3	2	0.1269	0.1326
2433	17	Hide	3	2	0.1261	0.1351
2434	17	Hide	3	2	0.1253	0.1376
2435	17	Hide	3	2	0.1246	0.1401
2436	17	Hide	3	2	0.1238	0.1426
2437	17	Hide	3	2	0.1230	0.1451
2438	17	Hide	3	2	0.1222	0.1476
2439	17	Hide	3	2	0.1215	0.1501
2440	17	Hide	3	2	0.1207	0.1527
2441	17	Hide	3	2	0.1199	0.1552
2442	17	Hide	3	2	0.1191	0.1577
2443	17	Hide	3	2	0.1184	0.1602
2444	17	Hide	3	2	0.1176	0.1627
2445	17	Hide	3	2	0.1168	0.1652
2446	17	Hide	3	2	0.1161	0.1677
2447	17	Hide	3	2	0.1153	0.1702
2448	17	Hide	3	2	0.1145	0.1727
2449	17	Hide	3	2	0.1137	0.1752
2450	17	Hide	3	2	0.1130	0.1777
2451	17	Hide	3	2	0.1122	0.1802
2452	17	Hide	3	2	0.1114	0.1827
2453	17	Hide	3	2	0.1106	0.1853
2454	17	Hide	3	2	0.1099	0.1878
2455	17	Hide	3	2	0.1091	0.1903
2456	17	Hide	3	2	0.1083	0.1928
2457	17	Hide	3	2	0.1075	0.1953
2458	17	Hide	3	2	0.1068	0.1978
2459	17	Hide	3	2	0.1060	0.2003
2460	17	Hide	3	2	0.1052	0.2028
2461	17	Hide	3	2	0.1044	0.2053
2462	17	Hide	3	2	0.1037	0.2078
2463	17	Hide	3	2	0.1029	0.2103
2464	17	Hide	3	2	0.1021	0.2128
2465	17	Hide	3	2	0.1013	0.2154
2466	17	Hide	3	2	0.1006	0.2179
2467	17	Hide	3	2	0.0998	0.2204
2468	17	Hide	3	2	0.0990	0.2229
2469	17	Hide	3	2	0.0982	0.2254
2470	17	Hide	3	2	0.0975	0.2279
2471	17	Hide	3	2	0.0967	0.2304
2472	17	Hide	3	2	0.0959	0.2329
2473	17	Hide	3	2	0.0951	0.2354
2474	17	Hide	3	2	0.0944	0.2379
2475	17	Hide	3	2	0.0936	0.2404
2476	17	Hide	3	2	0.0928	0.2429
2477	17	Hide	3	2	0.0921	0.2454
2478	17	Hide	3	2	0.0913	0.2480
2479	17	Hide	3	2	0.0905	0.2505
2480	17	Hide	3	2	0.0897	0.2530
2481	17	Hide	3	2	0.0890	0.2555
2482	17	Hide	3	2	0.0882	0.2580
2483	17	Hide	3	2	0.0874	0.2605
2484	17	Hide	3	2	0.0866	0.2630
2485	17	Hide	3	2	0.0859	0.2655
2486	17	Hide	3	2	0.0851	0.2680
2487	17	Hide	3	2	0.0843	0.2705
2488	17	Hide	3	2	0.0835	0.2730
2489	17	Hide	3	2	0.0828	0.2755
2490	17	Hide	3	2	0.0820	0.2781
2491	17	Hide	3	2	0.0812	0.2806
2492	17	Hide	3	2	0.0804	0.2831
2493	17	Hide	3	2	0.0797	0.2856
2494	17	Hide	3	2	0.0789	0.2881
2495	17	Hide	3	2	0.0781	0.2906
2496	17	Hide	3	2	0.0773	0.2931
2497	17	Hide	3	2	0.0766	0.2956
2498	17	Hide	3	2	0.0758	0.2981
2499	17	Hide	3	2	0.0750	0.3006
2500	17	Hide	3	2	0.0742	0.3031
2501	17	Hide	3	2	0.0735	0.3056
2502	17	Hide	3	2	0.0727	0.3081
2503	17	Hide	3	2	0.0719	0.3107
2504	17	Hide	3	2	0.0711	0.3132
2505	17	Hide	3	2	0.0704	0.3157
2506	17	Hide	3	2	0.0696	0.3182
2507	17	Hide	3	2	0.0688	0.3207
2508	17	Hide	3	2	0.0680	0.3232
2509	17	Hide	3	2	0.0673	0.3257
2510	17	Hide	3	2	0.0665	0.3282
2511	17	Hide	3	2	0.0657	0.3307
2512	17	Hide	3	2	0.0649	0.3332
2513	17	Hide	3	2	0.0642	0.3357
2514	17	Hide	3	2	0.0634	0.3382
2515	17	Hide	3	2	0.0626	0.3408
2516	17	Hide	3	2	0.0618	0.3433
2517	17	Hide	3	2	0.0611	0.3458
2518	17	Hide	3	2	0.0603	0.3483
2519	17	Hide	3	2	0.0595	0.3508
2520	17	Hide	3	2	0.0587	0.3533
2521	17	Hide	3	2	0.0580	0.3558
2522	17	Hide	3	2	0.0572	0.3583
2523	17	Hide	3	2	0.0564	0.3608
2524	17	Hide	3	2	0.0556	0.3633
2525	17	Hide	3	2	0.0549	0.3658
2526	17	Hide	3	2	0.0541	0.3683
2527	17	Hide	3	2	0.0533	0.3708
2528	17	Hide	3	2	0.0525	0.3734
2529	17	Hide	3	2	0.0518	0.3759
2530	17	Hide	3	2	0.0510	0.3784
2531	17	Hide	3	2	0.0502	0.3809
2532	17	Hide	3	2	0.0494	0.3834
2533	17	Hide	3	2	0.0487	0.3859
2534	17	Hide	3	2	0.0479	0.3884
2535	17	Hide	3	2	0.0471	0.3909
2536	17	Hide	3	2	0.0463	0.3934
2537	17	Hide	3	2	0.0456	0.3959
2538	17	Hide	3	2	0.0448	0.3984
2539	17	Hide	3	2	0.0440	0.4009
2540	17	Hide	3	2	0.0432	0.4034
2541	17	Hide	3	2	0.0425	0.4060
2542	17	Hide	3	2	0.0417	0.4085
2543	17	Hide	3	2	0.0409	0.4110
2544	17	Hide	3	2	0.0401	0.4135
2545	17	Hide	3	2	0.0394	0.4160
2546	17	Hide	3	2	0.0386	0.4185
2547	17	Hide	3	2	0.0378	0.4210
2548	17	Hide	3	2	0.0370	0.4235
2549	17	Hide	3	2	0.0363	0.4260
2550	17	Hide	3	2	0.0355	0.4285
2551	17	Hide	3	2	0.0347	0.4310
2552	17	Hide	3	2	0.0339	0.4335
2553	17	Hide	3	2	0.0332	0.4360
2554	17	Hide	3	2	0.0324	0.4386
2555	17	Hide	3	2	0.0316	0.4411
2556	17	Hide	3	2	0.0308	0.4436
2557	17	Hide	3	2	0.0301	0.4461
2558	17	Hide	3	2	0.0293	0.4486
2559	17	Hide	3	2	0.0285	0.4511
2560	17	Hide	3	2	0.0277	0.4536
2561	17	Hide	3	2	0.0270	0.4561
2562	17	Hide	3	2	0.0262	0.4586
2563	17	Hide	3	2	0.0254	0.4611
2564	17	Hide	3	2	0.0246	0.4636
2565	17	Hide	3	2	0.0239	0.4661
2566	17	Hide	3	2	0.0231	0.4686
2567	17	Hide	3	2	0.0231	0.4686
2568	17	Hide	3	2	0.0231	0.4686
2569	17	Hide	3	2	0.0231	0.4686
2570	17	Hide	3	2	0.0231	0.4686
2571	17	Hide	3	2	0.0231	0.4686
2572	17	Hide	3	2	0.0231	0.4686
2573	17	Hide	3	2	0.0231	0.4686
2574	17	Hide	3	2	0.0231	0.4686
2575	17	Hide	3	2	0.0231	0.4686
2576	17	Hide	3	2	0.0231	0.4686
2577	17	Hide	3	2	0.0231	0.4686
2578	17	Hide	3	2	0.0231	0.4686
2579	17	Hide	3	2	0.0231	0.4686
2580	17	Hide	3	2	0.0231	0.4686
2581	17	Hide	3	2	0.0231	0.4686
2582	17	Hide	3	2	0.0231	0.4686
2583	17	Hide	3	2	0.0231	0.4686
2584	17	Hide	3	2	0.0231	0.4686
2585	17	Hide	3	2	0.0231	0.4686
2586	17	Hide	3	2	0.0231	0.4686
2587	17	Hide	3	2	0.0231	0.4686
2588	17	Hide	3	2	0.0231	0.4686
2589	17	Hide	3	2	0.0231	0.4686
2590	17	Hide	3	2	0.0231	0.4686
2591	17	Hide	3	2	0.0231	0.4686
2592	17	Hide	3	2	0.0231	0.4686
2593	17	Hide	3	2	0.0231	0.4686
2594	17	Hide	3	2	0.0231	0.4686
2595	17	Hide	3	2	0.0231	0.4686
2596	17	Hide	3	2	0.0231	0.4686
2597	17	Hide	3	2	0.0231	0.4686
2598	17	Hide	3	2	0.0231	0.4686
2599	17	Hide	3	2	0.0231	0.4686
2600	17	Hide	3	2	0.0231	0.4686
2601	17	Hide	3	2	0.0231	0.4686
2602	17	Hide	3	2	0.0231	0.4686
2603	17	Hide	3	2	0.0231	0.4686
2604	17	Hide	3	2	0.0231	0.4686
2605	17	Hide	3	2	0.0231	0.4686
2606	17	Hide	3	2	0.0231	0.4686
2607	17	Hide	3	2	0.0231	0.4686
2608	17	Hide	3	2	0.0231	0.4686
2609	17	Hide	3	2	0.0231	0.4686
2610	17	Hide	3	2	0.0231	0.4686
2611	17	Hide	3	2	0.0231	0.4686
2612	17	Hide	3	2	0.0231	0.4686
2613	17	Hide	3	2	0.0231	0.4686
2614	17	Hide	3	2	0.0231	0.4686
2615	17	Hide	3	2	0.0231	0.4686
2616	17	Hide	3	2	0.0231	0.4686
2617	17	Hide	3	2	0.0231	0.4686
2618	17	Hide	3	2	0.0231	0.4686
2619	17	Hide	3	2	0.0231	0.4686
2620	17	Hide	3	2	0.0231	0.4686
2621	17	Hide	3	2	0.0231	0.4686
2622	17	Hide	3	2	0.0231	0.4686
2623	17	Hide	3	2	0.0231	0.4686
2624	17	Hide	3	2	0.0231	0.4686
2625	17	Hide	3	2	0.0231	0.4686
2626	17	Hide	3	2	0.0231	0.4686
2627	17	Hide	3	2	0.0231	0.4686
2628	17	Hide	3	2	0.0231	0.4686
2629	17	Hide	3	2	0.0231	0.4686
2630	17	Hide	3	2	0.0231	0.4686
2631	17	Hide	3	2	0.0231	0.4686
2632	17	Hide	3	2	0.0231	0.4686
2633	17	Hide	3	2	0.0231	0.4686
2634	17	Hide	3	2	0.0231	0.4686
2635	17	Hide	3	2	0.0231	0.4686
2636	17	Hide	3	2	0.0231	0.4686
2637	17	Hide	3	2	0.0231	0.4686
2638	17	Hide	3	2	0.0231	0.4686
2639	17	Hide	3	2	0.0231	0.4686
2640	17	Hide	3	2	0.0231	0.4686
2641	17	Hide	3	2	0.0231	0.4686
2642	17	Hide	3	2	0.0231	0.4686
2643	17	Hide	3	2	0.0231	0.4686
2644	17	Hide	3	2	0.0231	0.4686
2645	17	Hide	3	2	0.0231	0.4686
2646	17	Hide	3	2	0.0231	0.4686
2647	17	Hide	3	2	0.0231	0.4686
2648	17	Hide	3	2	0.0231	0.4686
2649	17	Hide	3	2	0.0231	0.4686
2650	17	Hide	3	2	0.0231	0.4686
2651	17	Hide	3	2	0.0231	0.4686
2652	17	Hide	3	2	0.0231	0.4686
2653	17	Hide	3	2	0.0231	0.4686
2654	17	Hide	3	2	0.0231	0.4686
2655	17	Hide	3	2	0.0231	0.4686
2656	17	Hide	3	2	0.0231	0.4686
2657	17	Hide	3	2	0.0231	0.4686
2658	17	Hide	3	2	0.0231	0.4686
2659	17	Hide	3	2	0.0231	0.4686
2660	17	Hide	3	2	0.0231	0.4686
2661	17	Hide	3	2	0.0231	0.4686
2662	17	Hide	3	2	0.0231	0.4686
2663	17	Hide	3	2	0.0231	0.4686
2664	17	Hide	3	2	0.0231	0.4686
2665	17	Hide	3	2	0.0231	0.4686
2666	17	Explore	3	2	0.0231	0.4686
2667	18	Explore	2	3	0.0231	0.4686
2668	18	Explore	2	3	0.0230	0.4686
2669	18	Explore	2	3	0.0230	0.4686
2670	18	Explore	2	3	0.0230	0.4686
2671	18	Explore	2	3	0.0230	0.4685
2672	18	Explore	2	3	0.0230	0.4685
2673	18	Explore	2	3	0.0230	0.4685
2674	18	Explore	2	3	0.0229	0.4685
2675	18	Explore	2	3	0.0229	0.4685
2676	18	Explore	2	3	0.0229	0.4685
2677	18	Explore	2	3	0.0229	0.4685
2678	18	Explore	2	3	0.0229	0.4684
2679	18	Explore	2	3	0.0229	0.4684
2680	18	Explore	2	3	0.0228	0.4684
2681	18	Explore	2	3	0.0228	0.4684
2682	18	Explore	2	3	0.0228	0.4684
2683	18	Explore	2	3	0.0228	0.4684
2684	18	Explore	2	3	0.0228	0.4683
2685	18	Explore	2	3	0.0228	0.4683
2686	18	Explore	2	3	0.0228	0.4683
2687	18	Explore	2	3	0.0227	0.4683
2688	18	Explore	2	3	0.0227	0.4683
2689	18	Explore	2	3	0.0227	0.4683
2690	18	Explore	2	3	0.0227	0.4682
2691	18	Explore	2	3	0.0227	0.4682
2692	18	Explore	2	3	0.0226	0.4682
2693	18	Explore	2	3	0.0226	0.4682
2694	18	Explore	2	3	0.0226	0.4680
2695	18	Explore	2	3	0.0226	0.4675
2696	18	Explore	2	3	0.0226	0.4670
2697	18	Explore	2	3	0.0226	0.4666
2698	18	Explore	2	3	0.0226	0.4663
2699	18	Explore	2	3	0.0226	0.4659
2700	18	Hide	2	3	0.0226	0.4653
2701	19	Hide	1	4	0.0226	0.4654
2702	19	Hide	1	4	0.0200	0.4653
2703	19	Hide	1	4	0.0173	0.4653
2704	19	Hide	1	4	0.0147	0.4653
2705	19	Hide	1	4	0.0121	0.4653
2706	19	Hide	1	4	0.0095	0.4652
2707	19	Hide	1	4	0.0068	0.4652
2708	19	Hide	1	4	0.0042	0.4652
2709	19	Hide	1	4	0.0016	0.4652
2710	19	Hide	1	4	-0.0010	0.4651
2711	19	Hide	1	4	-0.0037	0.4651
2712	19	Hide	1	4	-0.0063	0.4651
2713	19	Hide	1	4	-0.0089	0.4651
2714	19	Hide	1	4	-0.0115	0.4650
2715	19	Hide	1	4	-0.0142	0.4650
2716	19	Hide	1	4	-0.0168	0.4650
2717	19	Hide	1	4	-0.0194	0.4650
2718	19	Hide	1	4	-0.0220	0.4650
2719	19	Hide	1	4	-0.0247	0.4649
2720	19	Hide	1	4	-0.0273	0.4649
2721	19	Hide	1	4	-0.0299	0.4649
2722	19	Hide	1	4	-0.0325	0.4649
2723	19	Hide	1	4	-0.0352	0.4648
2724	19	Hide	1	4	-0.0378	0.4648
2725	19	Hide	1	4	-0.0404	0.4648
2726	19	Hide	1	4	-0.0430	0.4648
2727	19	Hide	1	4	-0.0457	0.4647
2728	19	Hide	1	4	-0.0483	0.4647
2729	19	Hide	1	4	-0.0509	0.4647
2730	19	Hide	1	4	-0.0535	0.4647
2731	19	Hide	1	4	-0.0561	0.4646
2732	19	Hide	1	4	-0.0588	0.4646
2733	19	Hide	1	4	-0.0614	0.4646
2734	19	Hide	1	4	-0.0640	0.4646
2735	19	Hide	1	4	-0.0666	0.4645
2736	19	Hide	1	4	-0.0693	0.4645
2737	19	Hide	1	4	-0.0719	0.4645
2738	19	Hide	1	4	-0.0745	0.4645
2739	19	Hide	1	4	-0.0771	0.4644
2740	19	Hide	1	4	-0.0798	0.4644
2741	19	Hide	1	4	-0.0824	0.4644
2742	19	Hide	1	4	-0.0850	0.4644
2743	19	Hide	1	4	-0.0876	0.4643
2744	19	Hide	1	4	-0.0903	0.4643
2745	19	Hide	1	4	-0.0929	0.4643
2746	19	Hide	1	4	-0.0955	0.4643
2747	19	Hide	1	4	-0.0981	0.4643
2748	19	Hide	1	4	-0.1008	0.4642
2749	19	Hide	1	4	-0.1034	0.4642
2750	19	Hide	1	4	-0.1060	0.4642
2751	19	Hide	1	4	-0.1086	0.4642
2752	19	Hide	1	4	-0.1113	0.4641
2753	19	Hide	1	4	-0.1139	0.4641
2754	19	Hide	1	4	-0.1165	0.4641
2755	19	Hide	1	4	-0.1191	0.4641
2756	19	Hide	1	4	-0.1218	0.4640
2757	19	Hide	1	4	-0.1218	0.4641
2758	19	Hide	1	4	-0.1218	0.4641
2759	19	Hide	1	4	-0.1244	0.4643
2760	19	Hide	1	4	-0.1270	0.4644
2761	19	Hide	1	4	-0.1296	0.4646
2762	19	Hide	1	4	-0.1323	0.4648
2763	19	Hide	1	4	-0.1349	0.4650
2764	19	Hide	1	4	-0.1375	0.4652
2765	19	Hide	1	4	-0.1401	0.4653
2766	19	Hide	1	4	-0.1427	0.4655
2767	19	Hide	1	4	-0.1453	0.4657
2768	19	Hide	1	4	-0.1480	0.4659
2769	19	Hide	1	4	-0.1506	0.4661
2770	19	Hide	1	4	-0.1532	0.4662
2771	19	Hide	1	4	-0.1558	0.4664
2772	19	Hide	1	4	-0.1584	0.4666
2773	19	Hide	1	4	-0.1611	0.4667
2774	19	Hide	1	4	-0.1637	0.4667
2775	19	Hide	1	4	-0.1663	0.4667
2776	19	Hide	1	4	-0.1689	0.4667
2777	19	Hide	1	4	-0.1715	0.4667
2778	19	Hide	1	4	-0.1742	0.4667
2779	19	Hide	1	4	-0.1768	0.4667
2780	19	Hide	1	4	-0.1794	0.4667
2781	19	Hide	1	4	-0.1820	0.4667
2782	19	Hide	1	4	-0.1846	0.4667
2783	19	Hide	1	4	-0.1872	0.4667
2784	19	Hide	1	4	-0.1899	0.4667
2785	19	Hide	1	4	-0.1925	0.4667
2786	19	Hide	1	4	-0.1951	0.4667
2787	19	Hide	1	4	-0.1977	0.4667
2788	19	Hide	1	4	-0.2003	0.4667
2789	19	Hide	1	4	-0.2030	0.4667
2790	19	Hide	1	4	-0.2056	0.4667
2791	19	Hide	1	4	-0.2082	0.4667
2792	19	Hide	1	4	-0.2108	0.4667
2793	19	Hide	1	4	-0.2134	0.4667
2794	19	Hide	1	4	-0.2160	0.4667
2795	19	Hide	1	4	-0.2187	0.4667
2796	19	Hide	1	4	-0.2213	0.4667
2797	19	Hide	1	4	-0.2239	0.4667
2798	19	Hide	1	4	-0.2265	0.4667
2799	19	Hide	1	4	-0.2291	0.4667
2800	19	Hide	1	4	-0.2317	0.4667
2801	19	Hide	1	4	-0.2344	0.4667
2802	19	Hide	1	4	-0.2370	0.4667
2803	19	Hide	1	4	-0.2396	0.4667
2804	19	Hide	1	4	-0.2422	0.4667
2805	19	Hide	1	4	-0.2448	0.4667
2806	19	Hide	1	4	-0.2475	0.4667
2807	19	Hide	1	4	-0.2501	0.4667
2808	19	Hide	1	4	-0.2527	0.4667
2809	19	Hide	1	4	-0.2553	0.4667
2810	19	Hide	1	4	-0.2579	0.4667
2811	19	Hide	1	4	-0.2605	0.4667
2812	19	Hide	1	4	-0.2632	0.4667
2813	19	Hide	1	4	-0.2658	0.4667
2814	19	Hide	1	4	-0.2684	0.4667
2815	19	Hide	1	4	-0.2710	0.4667
2816	19	Hide	1	4	-0.2736	0.4667
2817	19	Hide	1	4	-0.2762	0.4667
2818	19	Hide	1	4	-0.2789	0.4667
2819	19	Hide	1	4	-0.2815	0.4667
2820	19	Hide	1	4	-0.2841	0.4667
2821	19	Hide	1	4	-0.2867	0.4667
2822	19	Hide	1	4	-0.2893	0.4667
2823	19	Hide	1	4	-0.2919	0.4667
2824	19	Hide	1	4	-0.2946	0.4668
2825	19	Hide	1	4	-0.2972	0.4668
2826	19	Hide	1	4	-0.2998	0.4668
2827	19	Hide	1	4	-0.3024	0.4668
2828	19	Hide	1	4	-0.3050	0.4668
2829	19	Hide	1	4	-0.3076	0.4668
2830	19	Hide	1	4	-0.3103	0.4668
2831	19	Hide	1	4	-0.3129	0.4668
2832	19	Hide	1	4	-0.3155	0.4668
2833	19	Hide	1	4	-0.3181	0.4668
2834	19	Hide	1	4	-0.3207	0.4668
2835	19	Hide	1	4	-0.3233	0.4668
2836	19	Hide	1	4	-0.3260	0.4668
2837	19	Hide	1	4	-0.3286	0.4668
2838	19	Hide	1	4	-0.3312	0.4668
2839	19	Hide	1	4	-0.3338	0.4668
2840	19	Hide	1	4	-0.3364	0.4668
2841	19	Hide	1	4	-0.3390	0.4668
2842	19	Hide	1	4	-0.3417	0.4668
2843	19	Hide	1	4	-0.3443	0.4668
2844	19	Hide	1	4	-0.3469	0.4668
2845	19	Hide	1	4	-0.3495	0.4668
2846	19	Hide	1	4	-0.3521	0.4668
2847	19	Hide	1	4	-0.3547	0.4668
2848	19	Hide	1	4	-0.3574	0.4668
2849	19	Hide	1	4	-0.3600	0.4668
2850	19	Hide	1	4	-0.3626	0.4668
2851	19	Hide	1	4	-0.3652	0.4668
2852	19	Hide	1	4	-0.3678	0.4668
2853	19	Hide	1	4	-0.3704	0.4668
2854	19	Hide	1	4	-0.3730	0.4668
2855	19	Hide	1	4	-0.3757	0.4668
2856	19	Hide	1	4	-0.3783	0.4668
2857	19	Hide	1	4	-0.3809	0.4668
2858	19	Hide	1	4	-0.3835	0.4668
2859	19	Hide	1	4	-0.3861	0.4668
2860	19	Hide	1	4	-0.3887	0.4668
2861	19	Hide	1	4	-0.3914	0.4668
2862	19	Hide	1	4	-0.3940	0.4668
2863	19	Hide	1	4	-0.3966	0.4668
2864	19	Hide	1	4	-0.3992	0.4668
2865	19	Hide	1	4	-0.4018	0.4668
2866	19	Hide	1	4	-0.4044	0.4668
2867	19	Hide	1	4	-0.4070	0.4668
2868	19	Hide	1	4	-0.4097	0.4668
2869	19	Hide	1	4	-0.4123	0.4668
2870	19	Hide	1	4	-0.4149	0.4668
2871	19	Hide	1	4	-0.4175	0.4668
2872	19	Hide	1	4	-0.4201	0.4668
2873	19	Hide	1	4	-0.4227	0.4668
2874	19	Hide	1	4	-0.4254	0.4668
2875	19	Hide	1	4	-0.4280	0.4668
2876	19	Hide	1	4	-0.4306	0.4668
2877	19	Hide	1	4	-0.4332	0.4668
2878	19	Hide	1	4	-0.4358	0.4668
2879	19	Hide	1	4	-0.4384	0.4668
2880	19	Hide	1	4	-0.4410	0.4668
2881	19	Hide	1	4	-0.4437	0.4669
2882	19	Hide	1	4	-0.4463	0.4669
2883	19	Hide	1	4	-0.4489	0.4669
2884	19	Hide	1	4	-0.4515	0.4669
2885	19	Hide	1	4	-0.4541	0.4669
2886	19	Hide	1	4	-0.4567	0.4669
2887	19	Hide	1	4	-0.4593	0.4669
2888	19	Hide	1	4	-0.4620	0.4669
2889	19	Hide	1	4	-0.4646	0.4669
2890	19	Hide	1	4	-0.4672	0.4669
2891	19	Hide	1	4	-0.4698	0.4669
2892	19	Hide	1	4	-0.4698	0.4669
2893	19	Hide	1	4	-0.4698	0.4669
2894	19	Hide	1	4	-0.4698	0.4668
2895	19	Hide	1	4	-0.4698	0.4668
2896	19	Hide	1	4	-0.4698	0.4668
2897	19	Hide	1	4	-0.4698	0.4668
2898	19	Hide	1	4	-0.4698	0.4668
2899	19	Hide	1	4	-0.4698	0.4668
2900	19	Hide	1	4	-0.4698	0.4668
2901	19	Hide	1	4	-0.4698	0.4668
2902	19	Hide	1	4	-0.4698	0.4668
2903	19	Hide	1	4	-0.4698	0.4668
2904	19	Hide	1	4	-0.4698	0.4668
2905	19	Hide	1	4	-0.4698	0.4668
2906	19	Hide	1	4	-0.4698	0.4668
2907	19	Hide	1	4	-0.4698	0.4668
2908	19	Hide	1	4	-0.4698	0.4668
2909	19	Hide	1	4	-0.4698	0.4668
2910	19	Hide	1	4	-0.4698	0.4668
2911	19	Hide	1	4	-0.4698	0.4668
2912	19	Hide	1	4	-0.4698	0.4668
2913	19	Hide	1	4	-0.4698	0.4668
2914	19	Hide	1	4	-0.4698	0.4668
2915	19	Hide	1	4	-0.4698	0.4668
2916	19	Hide	1	4	-0.4698	0.4668
2917	19	Hide	1	4	-0.4698	0.4668
2918	19	Hide	1	4	-0.4698	0.4668
2919	19	Hide	1	4	-0.4698	0.4668
2920	19	Hide	1	4	-0.4698	0.4668
2921	19	Hide	1	4	-0.4698	0.4668
2922	19	Hide	1	4	-0.4698	0.4668
2923	19	Hide	1	4	-0.4698	0.4668
2924	19	Hide	1	4	-0.4698	0.4668
2925	19	Hide	1	4	-0.4698	0.4668
2926	19	Hide	1	4	-0.4698	0.4668
2927	19	Hide	1	4	-0.4698	0.4668
2928	19	Hide	1	4	-0.4698	0.4668
2929	19	Hide	1	4	-0.4698	0.4668
2930	19	Hide	1	4	-0.4698	0.4668
2931	19	Hide	1	4	-0.4698	0.4668
2932	19	Hide	1	4	-0.4698	0.4668
2933	19	Hide	1	4	-0.4698	0.4668
2934	19	Hide	1	4	-0.4698	0.4668
2935	19	Hide	1	4	-0.4698	0.4668
2936	19	Hide	1	4	-0.4698	0.4668
2937	19	Hide	1	4	-0.4698	0.4668
2938	19	Hide	1	4	-0.4698	0.4668
2939	19	Hide	1	4	-0.4698	0.4668
2940	19	Hide	1	4	-0.4698	0.4668
2941	19	Hide	1	4	-0.4698	0.4668
2942	19	Hide	1	4	-0.4698	0.4668
2943	19	Hide	1	4	-0.4698	0.4668
2944	19	Hide	1	4	-0.4698	0.4668
2945	19	Hide	1	4	-0.4698	0.4668
2946	19	Hide	1	4	-0.4698	0.4668
2947	19	Hide	1	4	-0.4698	0.4668
2948	19	Hide	1	4	-0.4698	0.4668
2949	19	Hide	1	4	-0.4698	0.4668
2950	19	Hide	1	4	-0.4698	0.4668
2951	19	Hide	1	4	-0.4698	0.4668
2952	19	Hide	1	4	-0.4698	0.4668
2953	19	Hide	1	4	-0.4698	0.4668
2954	19	Hide	1	4	-0.4698	0.4668
2955	19	Hide	1	4	-0.4698	0.4668
2956	19	Hide	1	4	-0.4698	0.4668
2957	19	Hide	1	4	-0.4698	0.4668
2958	19	Hide	1	4	-0.4698	0.4668
2959	19	Hide	1	4	-0.4698	0.4668
2960	19	Hide	1	4	-0.4698	0.4668
2961	19	Hide	1	4	-0.4698	0.4668
2962	19	Hide	1	4	-0.4698	0.4668
2963	19	Hide	1	4	-0.4698	0.4668
2964	19	Hide	1	4	-0.4698	0.4668
2965	19	Hide	1	4	-0.4698	0.4668
2966	19	Hide	1	4	-0.4698	0.4668
2967	19	Hide	1	4	-0.4698	0.4668
2968	19	Hide	1	4	-0.4698	0.4668
2969	19	Hide	1	4	-0.4698	0.4668
2970	19	Hide	1	4	-0.4698	0.4668
2971	19	Hide	1	4	-0.4698	0.4668
2972	19	Hide	1	4	-0.4698	0.4668
2973	19	Hide	1	4	-0.4698	0.4668
2974	19	Hide	1	4	-0.4698	0.4668
2975	19	Hide	1	4	-0.4698	0.4668
2976	19	Hide	1	4	-0.4698	0.4668
2977	19	Hide	1	4	-0.4698	0.4668
2978	19	Hide	1	4	-0.4698	0.4668
2979	19	Hide	1	4	-0.4698	0.4668
2980	19	Hide	1	4	-0.4698	0.4668
2981	19	Hide	1	4	-0.4698	0.4668
2982	19	Hide	1	4	-0.4698	0.4668
2983	19	Hide	1	4	-0.4698	0.4668
2984	19	Hide	1	4	-0.4698	0.4668
2985	19	Hide	1	4	-0.4698	0.4668
2986	19	Hide	1	4	-0.4698	0.4668
2987	19	Hide	1	4	-0.4698	0.4668
2988	19	Hide	1	4	-0.4698	0.4668
2989	19	Hide	1	4	-0.4698	0.4668
2990	19	Hide	1	4	-0.4698	0.4668
2991	19	Explore	1	4	-0.4698	0.4668
