TimeStep	Transitions	State	FearLevel	HungerLevel	PosX	posZ
0	0	Eat	20	0	0.1863	-0.1251
1	1	Eat	19	1	0.1853	-0.1227
2	1	Eat	19	1	0.1843	-0.1203
3	1	Eat	19	1	0.1832	-0.1179
4	1	Eat	19	1	0.1821	-0.1155
5	1	Eat	19	1	0.1810	-0.1131
6	1	Eat	19	1	0.1799	-0.1107
7	1	Eat	19	1	0.1788	-0.1084
8	1	Eat	19	1	0.1776	-0.1060
9	1	Eat	19	1	0.1764	-0.1037
10	1	Eat	19	1	0.1752	-0.1014
11	1	Eat	19	1	0.1740	-0.0990
12	1	Eat	19	1	0.1727	-0.0967
13	1	Eat	19	1	0.1715	-0.0944
14	1	Eat	19	1	0.1702	-0.0921
15	1	Eat	19	1	0.1689	-0.0898
16	1	Eat	19	1	0.1676	-0.0876
17	1	Eat	19	1	0.1663	-0.0853
18	1	Eat	19	1	0.1649	-0.0830
19	1	Eat	19	1	0.1636	-0.0808
20	1	Eat	19	1	0.1622	-0.0785
21	1	Eat	19	1	0.1609	-0.0763
22	1	Eat	19	1	0.1595	-0.0741
23	1	Eat	19	1	0.1581	-0.0718
24	1	Eat	19	1	0.1567	-0.0696
25	1	Eat	19	1	0.1553	-0.0674
26	1	Eat	19	1	0.1538	-0.0652
27	1	Eat	19	1	0.1524	-0.0630
28	1	Eat	19	1	0.1510	-0.0608
29	1	Eat	19	1	0.1495	-0.0586
30	1	Eat	19	1	0.1480	-0.0565
31	1	Eat	19	1	0.1466	-0.0543
32	1	Eat	19	1	0.1451	-0.0521
33	1	Eat	19	1	0.1436	-0.0499
34	1	Eat	19	1	0.1421	-0.0478
35	1	Eat	19	1	0.1406	-0.0456
36	1	Eat	19	1	0.1391	-0.0435
37	1	Eat	19	1	0.1376	-0.0413
38	1	Eat	19	1	0.1361	-0.0392
39	1	Eat	19	1	0.1346	-0.0371
40	1	Eat	19	1	0.1330	-0.0349
41	1	Eat	19	1	0.1315	-0.0328
42	1	Eat	19	1	0.1300	-0.0307
43	1	Eat	19	1	0.1284	-0.0285
44	1	Eat	19	1	0.1269	-0.0264
45	1	Eat	19	1	0.1253	-0.0243
46	1	Eat	19	1	0.1238	-0.0222
47	1	Eat	19	1	0.1222	-0.0201
48	1	Eat	19	1	0.1206	-0.0180
49	1	Eat	19	1	0.1191	-0.0159
50	1	Eat	19	1	0.1175	-0.0138
51	1	Eat	19	1	0.1159	-0.0117
52	1	Eat	19	1	0.1143	-0.0096
53	1	Eat	19	1	0.1127	-0.0075
54	1	Eat	19	1	0.1111	-0.0054
55	1	Eat	19	1	0.1095	-0.0033
56	1	Eat	19	1	0.1079	-0.0013
57	1	Eat	19	1	0.1063	0.0008
58	1	Eat	19	1	0.1047	0.0029
59	1	Eat	19	1	0.1031	0.0050
60	1	Eat	19	1	0.1015	0.0070
61	1	Eat	19	1	0.0999	0.0091
62	1	Eat	19	1	0.0983	0.0112
63	1	Eat	19	1	0.0966	0.0132
64	1	Eat	19	1	0.0950	0.0153
65	1	Eat	19	1	0.0934	0.0173
66	1	Eat	19	1	0.0918	0.0194
67	1	Eat	19	1	0.0901	0.0215
68	1	Eat	19	1	0.0885	0.0235
69	1	Eat	19	1	0.0868	0.0256
70	1	Eat	19	1	0.0852	0.0276
71	1	Eat	19	1	0.0836	0.0297
72	1	Eat	19	1	0.0819	0.0317
73	1	Eat	19	1	0.0803	0.0338
74	1	Eat	19	1	0.0786	0.0358
75	1	Eat	19	1	0.0770	0.0378
76	1	Eat	19	1	0.0753	0.0399
77	1	Eat	19	1	0.0737	0.0419
78	1	Eat	19	1	0.0720	0.0440
79	1	Eat	19	1	0.0704	0.0460
80	1	Eat	19	1	0.0687	0.0480
81	1	Eat	19	1	0.0670	0.0501
82	1	Eat	19	1	0.0654	0.0521
83	1	Eat	19	1	0.0637	0.0541
84	1	Eat	19	1	0.0620	0.0561
85	1	Eat	19	1	0.0604	0.0582
86	1	Eat	19	1	0.0587	0.0602
87	1	Eat	19	1	0.0570	0.0622
88	1	Eat	19	1	0.0553	0.0642
89	1	Eat	19	1	0.0537	0.0662
90	1	Eat	19	1	0.0520	0.0683
91	1	Eat	19	1	0.0503	0.0703
92	1	Eat	19	1	0.0486	0.0723
93	1	Eat	19	1	0.0469	0.0743
94	1	Eat	19	1	0.0453	0.0763
95	1	Eat	19	1	0.0436	0.0783
96	1	Eat	19	1	0.0419	0.0803
97	1	Eat	19	1	0.0402	0.0823
98	1	Eat	19	1	0.0385	0.0843
99	1	Eat	19	1	0.0368	0.0863
100	1	Eat	19	1	0.0351	0.0883
101	1	Eat	19	1	0.0351	0.0883
102	1	Eat	19	1	0.0351	0.0883
103	1	Eat	19	1	0.0351	0.0883
104	1	Eat	19	1	0.0351	0.0883
105	1	Eat	19	1	0.0351	0.0883
106	1	Eat	19	1	0.0351	0.0883
107	1	Eat	19	1	0.0351	0.0883
108	1	Eat	19	1	0.0351	0.0883
109	1	Eat	19	1	0.0351	0.0883
110	1	Eat	19	1	0.0351	0.0883
111	1	Eat	19	1	0.0351	0.0883
112	1	Eat	19	1	0.0351	0.0883
113	1	Eat	19	1	0.0351	0.0883
114	1	Eat	19	1	0.0351	0.0883
115	1	Eat	19	1	0.0351	0.0883
116	1	Eat	19	1	0.0351	0.0883
117	1	Eat	19	1	0.0351	0.0883
118	1	Eat	19	1	0.0351	0.0883
119	1	Eat	19	1	0.0351	0.0883
120	1	Eat	19	1	0.0351	0.0883
121	1	Eat	19	1	0.0351	0.0883
122	1	Eat	19	1	0.0351	0.0883
123	1	Eat	19	1	0.0351	0.0883
124	1	Eat	19	1	0.0351	0.0883
125	1	Eat	19	1	0.0351	0.0883
126	1	Eat	19	1	0.0351	0.0883
127	1	Eat	19	1	0.0351	0.0883
128	1	Eat	19	1	0.0351	0.0883
129	1	Eat	19	1	0.0351	0.0883
130	1	Eat	19	1	0.0351	0.0883
131	1	Eat	19	1	0.0351	0.0883
132	1	Eat	19	1	0.0351	0.0883
133	1	Eat	19	1	0.0351	0.0883
134	1	Eat	19	1	0.0351	0.0883
135	1	Eat	19	1	0.0351	0.0883
136	1	Eat	19	1	0.0351	0.0883
137	1	Eat	19	1	0.0351	0.0883
138	1	Eat	19	1	0.0351	0.0883
139	1	Eat	19	1	0.0351	0.0883
140	1	Eat	19	1	0.0351	0.0883
141	1	Eat	19	1	0.0351	0.0883
142	1	Eat	19	1	0.0351	0.0883
143	1	Eat	19	1	0.0351	0.0883
144	1	Eat	19	1	0.0351	0.0883
145	1	Eat	19	1	0.0351	0.0883
146	1	Eat	19	1	0.0351	0.0883
147	1	Eat	19	1	0.0351	0.0883
148	1	Eat	19	1	0.0351	0.0883
149	1	Eat	19	1	0.0351	0.0883
150	1	Eat	19	1	0.0351	0.0883
151	1	Eat	19	1	0.0351	0.0883
152	1	Eat	19	1	0.0351	0.0883
153	1	Eat	19	1	0.0351	0.0883
154	1	Eat	19	1	0.0351	0.0883
155	1	Eat	19	1	0.0351	0.0883
156	1	Eat	19	1	0.0351	0.0883
157	1	Eat	19	1	0.0351	0.0883
158	1	Eat	19	1	0.0351	0.0883
159	1	Eat	19	1	0.0351	0.0883
160	1	Eat	19	1	0.0351	0.0883
161	1	Eat	19	1	0.0351	0.0883
162	1	Eat	19	1	0.0351	0.0883
163	1	Eat	19	1	0.0351	0.0883
164	1	Eat	19	1	0.0351	0.0883
165	1	Eat	19	1	0.0351	0.0883
166	1	Eat	19	1	0.0351	0.0883
167	1	Eat	19	1	0.0351	0.0883
168	1	Eat	19	1	0.0351	0.0883
169	1	Eat	19	1	0.0351	0.0883
170	1	Eat	19	1	0.0351	0.0883
171	1	Eat	19	1	0.0351	0.0883
172	1	Eat	19	1	0.0351	0.0883
173	1	Eat	19	1	0.0351	0.0883
174	1	Eat	19	1	0.0351	0.0883
175	1	Eat	19	1	0.0351	0.0883
176	1	Eat	19	1	0.0351	0.0883
177	1	Eat	19	1	0.0351	0.0883
178	1	Eat	19	1	0.0351	0.0883
179	1	Eat	19	1	0.0351	0.0883
180	1	Eat	19	1	0.0351	0.0883
181	1	Eat	19	1	0.0351	0.0883
182	1	Eat	19	1	0.0351	0.0883
183	1	Eat	19	1	0.0351	0.0883
184	1	Eat	19	1	0.0351	0.0883
185	1	Eat	19	1	0.0351	0.0883
186	1	Eat	19	1	0.0351	0.0883
187	1	Eat	19	1	0.0351	0.0883
188	1	Eat	19	1	0.0351	0.0883
189	1	Eat	19	1	0.0351	0.0883
190	1	Eat	19	1	0.0351	0.0883
191	1	Eat	19	1	0.0351	0.0883
192	1	Eat	19	1	0.0351	0.0883
193	1	Eat	19	1	0.0351	0.0883
194	1	Eat	19	1	0.0351	0.0883
195	1	Eat	19	1	0.0351	0.0883
196	1	Eat	19	1	0.0351	0.0883
197	1	Eat	19	1	0.0351	0.0883
198	1	Eat	19	1	0.0351	0.0883
199	1	Eat	19	1	0.0351	0.0883
200	1	Eat	19	1	0.0351	0.0883
201	1	Eat	19	1	0.0351	0.0883
202	1	Eat	19	1	0.0351	0.0883
203	1	Eat	19	1	0.0351	0.0883
204	1	Eat	19	1	0.0351	0.0883
205	1	Eat	19	1	0.0351	0.0883
206	1	Eat	19	1	0.0351	0.0883
207	1	Eat	19	1	0.0351	0.0883
208	1	Eat	19	1	0.0351	0.0883
209	1	Eat	19	1	0.0351	0.0883
210	1	Eat	19	1	0.0351	0.0883
211	1	Eat	19	1	0.0351	0.0883
212	1	Eat	19	1	0.0351	0.0883
213	1	Eat	19	1	0.0351	0.0883
214	1	Eat	19	1	0.0351	0.0883
215	1	Eat	19	1	0.0351	0.0883
216	1	Eat	19	1	0.0351	0.0883
217	1	Eat	19	1	0.0351	0.0883
218	1	Eat	19	1	0.0351	0.0883
219	1	Eat	19	1	0.0351	0.0883
220	1	Eat	19	1	0.0351	0.0883
221	1	Eat	19	1	0.0351	0.0883
222	1	Eat	19	1	0.0351	0.0883
223	1	Eat	19	1	0.0351	0.0883
224	1	Eat	19	1	0.0351	0.0883
225	1	Eat	19	1	0.0351	0.0883
226	1	Eat	19	1	0.0351	0.0883
227	1	Eat	19	1	0.0351	0.0883
228	1	Eat	19	1	0.0351	0.0883
229	1	Eat	19	1	0.0351	0.0883
230	1	Eat	19	1	0.0351	0.0883
231	1	Eat	19	1	0.0351	0.0883
232	1	Eat	19	1	0.0351	0.0883
233	1	Eat	19	1	0.0351	0.0883
234	1	Eat	19	1	0.0351	0.0883
235	1	Eat	19	1	0.0351	0.0883
236	1	Eat	19	1	0.0351	0.0883
237	1	Eat	19	1	0.0351	0.0883
238	1	Eat	19	1	0.0351	0.0883
239	1	Eat	19	1	0.0351	0.0883
240	1	Eat	19	1	0.0351	0.0883
241	1	Eat	19	1	0.0351	0.0883
242	1	Eat	19	1	0.0351	0.0883
243	1	Eat	19	1	0.0351	0.0883
244	1	Eat	19	1	0.0351	0.0883
245	1	Eat	19	1	0.0351	0.0883
246	1	Eat	19	1	0.0351	0.0883
247	1	Eat	19	1	0.0351	0.0883
248	1	Eat	19	1	0.0351	0.0883
249	1	Eat	19	1	0.0351	0.0883
250	1	Eat	19	1	0.0351	0.0883
251	1	Eat	19	1	0.0351	0.0883
252	1	Eat	19	1	0.0351	0.0883
253	1	Eat	19	1	0.0351	0.0883
254	1	Eat	19	1	0.0351	0.0883
255	1	Eat	19	1	0.0351	0.0883
256	1	Eat	19	1	0.0351	0.0883
257	1	Eat	19	1	0.0351	0.0883
258	1	Eat	19	1	0.0351	0.0883
259	1	Eat	19	1	0.0351	0.0883
260	1	Explore	19	0	0.0351	0.0883
261	2	Explore	18	1	0.0334	0.0903
262	2	Explore	18	1	0.0317	0.0923
263	2	Explore	18	1	0.0300	0.0943
264	2	Explore	18	1	0.0283	0.0963
265	2	Explore	18	1	0.0266	0.0983
266	2	Explore	18	1	0.0249	0.1003
267	2	Explore	18	1	0.0232	0.1023
268	2	Explore	18	1	0.0215	0.1043
269	2	Explore	18	1	0.0198	0.1063
270	2	Explore	18	1	0.0181	0.1083
271	2	Explore	18	1	0.0164	0.1103
272	2	Explore	18	1	0.0147	0.1123
273	2	Explore	18	1	0.0130	0.1143
274	2	Explore	18	1	0.0113	0.1163
275	2	Explore	18	1	0.0096	0.1183
276	2	Explore	18	1	0.0079	0.1204
277	2	Explore	18	1	0.0062	0.1224
278	2	Explore	18	1	0.0045	0.1244
279	2	Explore	18	1	0.0028	0.1264
280	2	Explore	18	1	0.0011	0.1284
281	2	Explore	18	1	-0.0006	0.1304
282	2	Explore	18	1	-0.0023	0.1324
283	2	Explore	18	1	-0.0040	0.1344
284	2	Explore	18	1	-0.0057	0.1364
285	2	Explore	18	1	-0.0074	0.1384
286	2	Explore	18	1	-0.0091	0.1404
287	2	Explore	18	1	-0.0108	0.1424
288	2	Explore	18	1	-0.0125	0.1444
289	2	Explore	18	1	-0.0142	0.1464
290	2	Explore	18	1	-0.0159	0.1484
291	2	Explore	18	1	-0.0176	0.1504
292	2	Explore	18	1	-0.0193	0.1524
293	2	Explore	18	1	-0.0210	0.1544
294	2	Explore	18	1	-0.0227	0.1564
295	2	Explore	18	1	-0.0244	0.1584
296	2	Explore	18	1	-0.0261	0.1604
297	2	Explore	18	1	-0.0278	0.1624
298	2	Explore	18	1	-0.0295	0.1644
299	2	Explore	18	1	-0.0312	0.1664
300	2	Explore	18	1	-0.0329	0.1684
301	2	Explore	18	1	-0.0346	0.1704
302	2	Explore	18	1	-0.0363	0.1724
303	2	Explore	18	1	-0.0380	0.1744
304	2	Explore	18	1	-0.0397	0.1764
305	2	Explore	18	1	-0.0414	0.1784
306	2	Explore	18	1	-0.0414	0.1784
307	2	Explore	18	1	-0.0414	0.1784
308	2	Explore	18	1	-0.0413	0.1784
309	2	Explore	18	1	-0.0413	0.1784
310	2	Explore	18	1	-0.0413	0.1784
311	2	Explore	18	1	-0.0413	0.1784
312	2	Explore	18	1	-0.0413	0.1785
313	2	Explore	18	1	-0.0412	0.1785
314	2	Explore	18	1	-0.0412	0.1785
315	2	Explore	18	1	-0.0412	0.1785
316	2	Explore	18	1	-0.0412	0.1785
317	2	Explore	18	1	-0.0412	0.1785
318	2	Explore	18	1	-0.0411	0.1786
319	2	Explore	18	1	-0.0411	0.1786
320	2	Explore	18	1	-0.0411	0.1786
321	2	Explore	18	1	-0.0411	0.1786
322	2	Explore	18	1	-0.0411	0.1786
323	2	Explore	18	1	-0.0410	0.1786
324	2	Explore	18	1	-0.0410	0.1786
325	2	Explore	18	1	-0.0410	0.1786
326	2	Explore	18	1	-0.0410	0.1786
327	2	Explore	18	1	-0.0410	0.1786
328	2	Explore	18	1	-0.0409	0.1786
329	2	Explore	18	1	-0.0409	0.1785
330	2	Explore	18	1	-0.0403	0.1811
331	2	Explore	18	1	-0.0397	0.1836
332	2	Explore	18	1	-0.0391	0.1862
333	2	Explore	18	1	-0.0385	0.1887
334	2	Explore	18	1	-0.0379	0.1913
335	2	Explore	18	1	-0.0373	0.1939
336	2	Explore	18	1	-0.0367	0.1964
337	2	Explore	18	1	-0.0361	0.1990
338	2	Explore	18	1	-0.0355	0.2015
339	2	Explore	18	1	-0.0349	0.2041
340	2	Explore	18	1	-0.0343	0.2066
341	2	Explore	18	1	-0.0337	0.2092
342	2	Explore	18	1	-0.0331	0.2117
343	2	Explore	18	1	-0.0325	0.2143
344	2	Explore	18	1	-0.0319	0.2169
345	2	Explore	18	1	-0.0313	0.2194
346	2	Explore	18	1	-0.0307	0.2220
347	2	Explore	18	1	-0.0301	0.2245
348	2	Explore	18	1	-0.0295	0.2271
349	2	Explore	18	1	-0.0289	0.2296
350	2	Explore	18	1	-0.0283	0.2322
351	2	Explore	18	1	-0.0277	0.2347
352	2	Explore	18	1	-0.0271	0.2373
353	2	Explore	18	1	-0.0265	0.2398
354	2	Explore	18	1	-0.0259	0.2424
355	2	Explore	18	1	-0.0253	0.2450
356	2	Explore	18	1	-0.0247	0.2475
357	2	Explore	18	1	-0.0240	0.2501
358	2	Explore	18	1	-0.0234	0.2526
359	2	Explore	18	1	-0.0228	0.2552
360	2	Explore	18	1	-0.0222	0.2577
361	2	Explore	18	1	-0.0216	0.2603
362	2	Explore	18	1	-0.0216	0.2603
363	2	Explore	18	1	-0.0216	0.2603
364	2	Explore	18	1	-0.0216	0.2603
365	2	Explore	18	1	-0.0216	0.2603
366	2	Explore	18	1	-0.0215	0.2603
367	2	Explore	18	1	-0.0215	0.2603
368	2	Explore	18	1	-0.0215	0.2603
369	2	Explore	18	1	-0.0215	0.2602
370	2	Explore	18	1	-0.0215	0.2602
371	2	Explore	18	1	-0.0214	0.2602
372	2	Explore	18	1	-0.0214	0.2602
373	2	Explore	18	1	-0.0214	0.2602
374	2	Explore	18	1	-0.0214	0.2602
375	2	Explore	18	1	-0.0214	0.2602
376	2	Explore	18	1	-0.0214	0.2602
377	2	Explore	18	1	-0.0214	0.2601
378	2	Explore	18	1	-0.0213	0.2601
379	2	Explore	18	1	-0.0213	0.2601
380	2	Explore	18	1	-0.0213	0.2601
381	2	Explore	18	1	-0.0213	0.2601
382	2	Explore	18	1	-0.0213	0.2601
383	2	Explore	18	1	-0.0213	0.2600
384	2	Explore	18	1	-0.0213	0.2600
385	2	Explore	18	1	-0.0212	0.2600
386	2	Explore	18	1	-0.0212	0.2600
387	2	Explore	18	1	-0.0212	0.2600
388	2	Explore	18	1	-0.0187	0.2608
389	2	Explore	18	1	-0.0162	0.2617
390	2	Explore	18	1	-0.0138	0.2625
391	2	Explore	18	1	-0.0113	0.2634
392	2	Explore	18	1	-0.0088	0.2642
393	2	Explore	18	1	-0.0063	0.2650
394	2	Explore	18	1	-0.0038	0.2659
395	2	Explore	18	1	-0.0013	0.2667
396	2	Explore	18	1	0.0011	0.2676
397	2	Explore	18	1	0.0036	0.2684
398	2	Explore	18	1	0.0061	0.2693
399	2	Explore	18	1	0.0086	0.2701
400	2	Explore	18	1	0.0111	0.2710
401	2	Explore	18	1	0.0136	0.2718
402	2	Explore	18	1	0.0160	0.2727
403	2	Explore	18	1	0.0185	0.2735
404	2	Explore	18	1	0.0210	0.2744
405	2	Explore	18	1	0.0235	0.2752
406	2	Explore	18	1	0.0260	0.2761
407	2	Explore	18	1	0.0285	0.2769
408	2	Explore	18	1	0.0309	0.2778
409	2	Explore	18	1	0.0334	0.2786
410	2	Explore	18	1	0.0359	0.2795
411	2	Explore	18	1	0.0384	0.2803
412	2	Explore	18	1	0.0409	0.2812
413	2	Explore	18	1	0.0434	0.2820
414	2	Explore	18	1	0.0459	0.2829
415	2	Explore	18	1	0.0483	0.2837
416	2	Explore	18	1	0.0508	0.2846
417	2	Explore	18	1	0.0533	0.2854
418	2	Explore	18	1	0.0533	0.2854
419	2	Explore	18	1	0.0534	0.2854
420	2	Explore	18	1	0.0534	0.2853
421	2	Explore	18	1	0.0534	0.2853
422	2	Explore	18	1	0.0535	0.2853
423	2	Explore	18	1	0.0535	0.2853
424	2	Explore	18	1	0.0535	0.2853
425	2	Explore	18	1	0.0535	0.2852
426	2	Explore	18	1	0.0535	0.2852
427	2	Explore	18	1	0.0535	0.2852
428	2	Explore	18	1	0.0535	0.2852
429	2	Explore	18	1	0.0535	0.2852
430	2	Explore	18	1	0.0535	0.2851
431	2	Explore	18	1	0.0534	0.2851
432	2	Explore	18	1	0.0534	0.2851
433	2	Explore	18	1	0.0534	0.2851
434	2	Explore	18	1	0.0534	0.2851
435	2	Explore	18	1	0.0534	0.2850
436	2	Explore	18	1	0.0533	0.2850
437	2	Explore	18	1	0.0533	0.2850
438	2	Explore	18	1	0.0533	0.2850
439	2	Explore	18	1	0.0533	0.2850
440	2	Explore	18	1	0.0555	0.2836
441	2	Explore	18	1	0.0578	0.2823
442	2	Explore	18	1	0.0601	0.2810
443	2	Explore	18	1	0.0623	0.2797
444	2	Explore	18	1	0.0646	0.2783
445	2	Explore	18	1	0.0669	0.2770
446	2	Explore	18	1	0.0691	0.2757
447	2	Explore	18	1	0.0714	0.2743
448	2	Explore	18	1	0.0737	0.2730
449	2	Explore	18	1	0.0759	0.2717
450	2	Explore	18	1	0.0782	0.2704
451	2	Explore	18	1	0.0804	0.2690
452	2	Explore	18	1	0.0827	0.2677
453	2	Explore	18	1	0.0850	0.2664
454	2	Explore	18	1	0.0872	0.2650
455	2	Explore	18	1	0.0895	0.2637
456	2	Explore	18	1	0.0918	0.2624
457	2	Explore	18	1	0.0940	0.2611
458	2	Explore	18	1	0.0963	0.2597
459	2	Explore	18	1	0.0986	0.2584
460	2	Explore	18	1	0.1008	0.2571
461	2	Explore	18	1	0.1031	0.2557
462	2	Explore	18	1	0.1053	0.2544
463	2	Explore	18	1	0.1076	0.2531
464	2	Explore	18	1	0.1099	0.2518
465	2	Explore	18	1	0.1121	0.2504
466	2	Explore	18	1	0.1144	0.2491
467	2	Explore	18	1	0.1167	0.2478
468	2	Explore	18	1	0.1189	0.2464
469	2	Explore	18	1	0.1212	0.2451
470	2	Explore	18	1	0.1235	0.2438
471	2	Explore	18	1	0.1257	0.2424
472	2	Explore	18	1	0.1280	0.2411
473	2	Explore	18	1	0.1302	0.2398
474	2	Explore	18	1	0.1325	0.2385
475	2	Explore	18	1	0.1348	0.2371
476	2	Explore	18	1	0.1370	0.2358
477	2	Explore	18	1	0.1393	0.2345
478	2	Explore	18	1	0.1416	0.2331
479	2	Explore	18	1	0.1438	0.2318
480	2	Explore	18	1	0.1438	0.2318
481	2	Explore	18	1	0.1439	0.2319
482	2	Explore	18	1	0.1439	0.2319
483	2	Explore	18	1	0.1439	0.2319
484	2	Explore	18	1	0.1439	0.2319
485	2	Explore	18	1	0.1439	0.2319
486	2	Explore	18	1	0.1439	0.2319
487	2	Explore	18	1	0.1440	0.2320
488	2	Explore	18	1	0.1440	0.2320
489	2	Explore	18	1	0.1440	0.2320
490	2	Explore	18	1	0.1440	0.2320
491	2	Explore	18	1	0.1440	0.2321
492	2	Explore	18	1	0.1440	0.2321
493	2	Explore	18	1	0.1440	0.2321
494	2	Explore	18	1	0.1440	0.2321
495	2	Explore	18	1	0.1440	0.2321
496	2	Explore	18	1	0.1440	0.2322
497	2	Explore	18	1	0.1440	0.2322
498	2	Explore	18	1	0.1439	0.2322
499	2	Explore	18	1	0.1439	0.2322
500	2	Explore	18	1	0.1439	0.2322
501	2	Explore	18	1	0.1439	0.2323
502	2	Explore	18	1	0.1438	0.2323
503	2	Explore	18	1	0.1438	0.2323
504	2	Explore	18	1	0.1462	0.2333
505	2	Explore	18	1	0.1487	0.2344
506	2	Explore	18	1	0.1511	0.2354
507	2	Explore	18	1	0.1535	0.2364
508	2	Explore	18	1	0.1559	0.2374
509	2	Explore	18	1	0.1583	0.2385
510	2	Explore	18	1	0.1607	0.2395
511	2	Explore	18	1	0.1631	0.2405
512	2	Explore	18	1	0.1656	0.2416
513	2	Explore	18	1	0.1680	0.2426
514	2	Explore	18	1	0.1704	0.2436
515	2	Explore	18	1	0.1728	0.2447
516	2	Explore	18	1	0.1752	0.2457
517	2	Explore	18	1	0.1776	0.2467
518	2	Explore	18	1	0.1800	0.2478
519	2	Explore	18	1	0.1824	0.2488
520	2	Explore	18	1	0.1849	0.2498
521	2	Explore	18	1	0.1873	0.2509
522	2	Explore	18	1	0.1897	0.2519
523	2	Explore	18	1	0.1921	0.2529
524	2	Explore	18	1	0.1945	0.2539
525	2	Explore	18	1	0.1969	0.2550
526	2	Explore	18	1	0.1993	0.2560
527	2	Explore	18	1	0.2018	0.2570
528	2	Explore	18	1	0.2042	0.2581
529	2	Explore	18	1	0.2066	0.2591
530	2	Explore	18	1	0.2090	0.2601
531	2	Explore	18	1	0.2114	0.2612
532	2	Explore	18	1	0.2138	0.2622
533	2	Explore	18	1	0.2162	0.2632
534	2	Explore	18	1	0.2187	0.2643
535	2	Explore	18	1	0.2211	0.2653
536	2	Explore	18	1	0.2235	0.2663
537	2	Explore	18	1	0.2259	0.2673
538	2	Explore	18	1	0.2283	0.2684
539	2	Explore	18	1	0.2307	0.2694
540	2	Explore	18	1	0.2307	0.2694
541	2	Explore	18	1	0.2307	0.2695
542	2	Explore	18	1	0.2307	0.2695
543	2	Explore	18	1	0.2307	0.2695
544	2	Explore	18	1	0.2307	0.2695
545	2	Explore	18	1	0.2306	0.2695
546	2	Explore	18	1	0.2306	0.2695
547	2	Explore	18	1	0.2306	0.2696
548	2	Explore	18	1	0.2306	0.2696
549	2	Explore	18	1	0.2306	0.2696
550	2	Explore	18	1	0.2306	0.2696
551	2	Explore	18	1	0.2306	0.2696
552	2	Explore	18	1	0.2305	0.2696
553	2	Explore	18	1	0.2305	0.2696
554	2	Explore	18	1	0.2305	0.2697
555	2	Explore	18	1	0.2305	0.2697
556	2	Explore	18	1	0.2305	0.2697
557	2	Explore	18	1	0.2305	0.2697
558	2	Explore	18	1	0.2304	0.2697
559	2	Explore	18	1	0.2304	0.2697
560	2	Explore	18	1	0.2304	0.2697
561	2	Explore	18	1	0.2304	0.2698
562	2	Explore	18	1	0.2312	0.2723
563	2	Explore	18	1	0.2320	0.2748
564	2	Explore	18	1	0.2328	0.2772
565	2	Explore	18	1	0.2336	0.2797
566	2	Explore	18	1	0.2344	0.2822
567	2	Explore	18	1	0.2352	0.2847
568	2	Explore	18	1	0.2360	0.2872
569	2	Explore	18	1	0.2368	0.2897
570	2	Explore	18	1	0.2376	0.2922
571	2	Explore	18	1	0.2384	0.2947
572	2	Explore	18	1	0.2385	0.2947
573	2	Explore	18	1	0.2385	0.2947
574	2	Explore	18	1	0.2385	0.2947
575	2	Explore	18	1	0.2385	0.2947
576	2	Explore	18	1	0.2385	0.2947
577	2	Explore	18	1	0.2386	0.2946
578	2	Explore	18	1	0.2386	0.2946
579	2	Explore	18	1	0.2386	0.2946
580	2	Explore	18	1	0.2386	0.2946
581	2	Explore	18	1	0.2386	0.2946
582	2	Explore	18	1	0.2386	0.2946
583	2	Explore	18	1	0.2387	0.2946
584	2	Explore	18	1	0.2405	0.2964
585	2	Explore	18	1	0.2423	0.2983
586	2	Explore	18	1	0.2442	0.3002
587	2	Explore	18	1	0.2460	0.3020
588	2	Explore	18	1	0.2479	0.3039
589	2	Explore	18	1	0.2497	0.3058
590	2	Explore	18	1	0.2516	0.3076
591	2	Explore	18	1	0.2534	0.3095
592	2	Explore	18	1	0.2553	0.3114
593	2	Explore	18	1	0.2571	0.3132
594	2	Explore	18	1	0.2590	0.3151
595	2	Explore	18	1	0.2608	0.3170
596	2	Explore	18	1	0.2626	0.3188
597	2	Explore	18	1	0.2645	0.3207
598	2	Explore	18	1	0.2663	0.3226
599	2	Explore	18	1	0.2682	0.3244
600	2	Explore	18	1	0.2700	0.3263
601	2	Explore	18	1	0.2719	0.3282
602	2	Explore	18	1	0.2737	0.3300
603	2	Explore	18	1	0.2756	0.3319
604	2	Explore	18	1	0.2774	0.3338
605	2	Explore	18	1	0.2793	0.3356
606	2	Explore	18	1	0.2811	0.3375
607	2	Explore	18	1	0.2829	0.3394
608	2	Explore	18	1	0.2848	0.3412
609	2	Explore	18	1	0.2866	0.3431
610	2	Explore	18	1	0.2885	0.3449
611	2	Explore	18	1	0.2903	0.3468
612	2	Explore	18	1	0.2903	0.3468
613	2	Explore	18	1	0.2903	0.3469
614	2	Explore	18	1	0.2903	0.3469
615	2	Explore	18	1	0.2903	0.3469
616	2	Explore	18	1	0.2903	0.3469
617	2	Explore	18	1	0.2902	0.3469
618	2	Explore	18	1	0.2902	0.3469
619	2	Explore	18	1	0.2902	0.3469
620	2	Explore	18	1	0.2902	0.3469
621	2	Explore	18	1	0.2902	0.3469
622	2	Explore	18	1	0.2901	0.3469
623	2	Explore	18	1	0.2901	0.3469
624	2	Explore	18	1	0.2901	0.3469
625	2	Explore	18	1	0.2901	0.3470
626	2	Explore	18	1	0.2901	0.3470
627	2	Explore	18	1	0.2900	0.3470
628	2	Explore	18	1	0.2900	0.3470
629	2	Explore	18	1	0.2900	0.3470
630	2	Explore	18	1	0.2900	0.3470
631	2	Explore	18	1	0.2900	0.3470
632	2	Explore	18	1	0.2899	0.3470
633	2	Explore	18	1	0.2899	0.3470
634	2	Explore	18	1	0.2899	0.3470
635	2	Explore	18	1	0.2899	0.3470
636	2	Explore	18	1	0.2899	0.3470
637	2	Explore	18	1	0.2898	0.3470
638	2	Explore	18	1	0.2898	0.3470
639	2	Explore	18	1	0.2891	0.3495
640	2	Explore	18	1	0.2884	0.3520
641	2	Explore	18	1	0.2877	0.3546
642	2	Explore	18	1	0.2870	0.3571
643	2	Explore	18	1	0.2863	0.3596
644	2	Explore	18	1	0.2856	0.3622
645	2	Explore	18	1	0.2849	0.3647
646	2	Explore	18	1	0.2842	0.3672
647	2	Explore	18	1	0.2835	0.3698
648	2	Explore	18	1	0.2828	0.3723
649	2	Explore	18	1	0.2821	0.3748
650	2	Explore	18	1	0.2814	0.3773
651	2	Explore	18	1	0.2808	0.3799
652	2	Explore	18	1	0.2801	0.3824
653	2	Explore	18	1	0.2794	0.3849
654	2	Explore	18	1	0.2787	0.3875
655	2	Explore	18	1	0.2780	0.3900
656	2	Explore	18	1	0.2773	0.3925
657	2	Explore	18	1	0.2766	0.3951
658	2	Explore	18	1	0.2759	0.3976
659	2	Explore	18	1	0.2752	0.4001
660	2	Explore	18	1	0.2745	0.4026
661	2	Explore	18	1	0.2738	0.4052
662	2	Explore	18	1	0.2731	0.4077
663	2	Explore	18	1	0.2724	0.4102
664	2	Explore	18	1	0.2717	0.4128
665	2	Explore	18	1	0.2710	0.4153
666	2	Explore	18	1	0.2703	0.4178
667	2	Explore	18	1	0.2696	0.4204
668	2	Explore	18	1	0.2689	0.4229
669	2	Explore	18	1	0.2682	0.4254
670	2	Explore	18	1	0.2675	0.4280
671	2	Explore	18	1	0.2668	0.4305
672	2	Explore	18	1	0.2661	0.4330
673	2	Explore	18	1	0.2654	0.4355
674	2	Explore	18	1	0.2647	0.4381
675	2	Explore	18	1	0.2640	0.4406
676	2	Explore	18	1	0.2633	0.4431
677	2	Explore	18	1	0.2626	0.4457
678	2	Explore	18	1	0.2619	0.4482
679	2	Explore	18	1	0.2612	0.4507
680	2	Explore	18	1	0.2605	0.4533
681	2	Explore	18	1	0.2598	0.4558
682	2	Explore	18	1	0.2598	0.4558
683	2	Explore	18	1	0.2598	0.4558
684	2	Explore	18	1	0.2598	0.4557
685	2	Explore	18	1	0.2597	0.4557
686	2	Explore	18	1	0.2586	0.4581
687	2	Explore	18	1	0.2586	0.4581
688	2	Explore	18	1	0.2586	0.4581
689	2	Explore	18	1	0.2586	0.4581
690	2	Explore	18	1	0.2586	0.4581
691	2	Explore	18	1	0.2586	0.4581
692	2	Explore	18	1	0.2585	0.4580
693	2	Explore	18	1	0.2585	0.4580
694	2	Explore	18	1	0.2585	0.4580
695	2	Explore	18	1	0.2585	0.4580
696	2	Explore	18	1	0.2585	0.4580
697	2	Explore	18	1	0.2585	0.4580
698	2	Explore	18	1	0.2585	0.4580
699	2	Explore	18	1	0.2584	0.4579
700	2	Explore	18	1	0.2584	0.4579
701	2	Explore	18	1	0.2584	0.4579
702	2	Explore	18	1	0.2584	0.4579
703	2	Explore	18	1	0.2584	0.4579
704	2	Explore	18	1	0.2584	0.4579
705	2	Explore	18	1	0.2583	0.4578
706	2	Explore	18	1	0.2583	0.4578
707	2	Explore	18	1	0.2583	0.4578
708	2	Explore	18	1	0.2583	0.4578
709	2	Explore	18	1	0.2583	0.4578
710	2	Explore	18	1	0.2582	0.4577
711	2	Explore	18	1	0.2582	0.4577
712	2	Explore	18	1	0.2581	0.4577
713	2	Explore	18	1	0.2581	0.4577
714	2	Explore	18	1	0.2581	0.4577
715	2	Explore	18	1	0.2581	0.4576
716	2	Explore	18	1	0.2581	0.4576
717	2	Explore	18	1	0.2581	0.4576
718	2	Explore	18	1	0.2581	0.4576
719	2	Explore	18	1	0.2555	0.4573
720	2	Explore	18	1	0.2529	0.4570
721	2	Explore	18	1	0.2503	0.4568
722	2	Explore	18	1	0.2477	0.4565
723	2	Explore	18	1	0.2450	0.4562
724	2	Explore	18	1	0.2424	0.4560
725	2	Explore	18	1	0.2398	0.4557
726	2	Explore	18	1	0.2372	0.4554
727	2	Explore	18	1	0.2346	0.4552
728	2	Explore	18	1	0.2346	0.4551
729	2	Explore	18	1	0.2346	0.4551
730	2	Explore	18	1	0.2346	0.4551
731	2	Explore	18	1	0.2346	0.4551
732	2	Explore	18	1	0.2347	0.4551
733	2	Explore	18	1	0.2347	0.4550
734	2	Explore	18	1	0.2347	0.4550
735	2	Explore	18	1	0.2347	0.4550
736	2	Explore	18	1	0.2347	0.4550
737	2	Explore	18	1	0.2347	0.4550
738	2	Explore	18	1	0.2347	0.4550
739	2	Explore	18	1	0.2348	0.4549
740	2	Eat	18	1	0.2348	0.4549
741	3	Eat	17	2	0.2326	0.4534
742	3	Eat	17	2	0.2305	0.4518
743	3	Eat	17	2	0.2285	0.4502
744	3	Eat	17	2	0.2264	0.4486
745	3	Eat	17	2	0.2244	0.4469
746	3	Eat	17	2	0.2224	0.4452
747	3	Eat	17	2	0.2204	0.4435
748	3	Eat	17	2	0.2184	0.4417
749	3	Eat	17	2	0.2165	0.4400
750	3	Eat	17	2	0.2146	0.4382
751	3	Eat	17	2	0.2127	0.4363
752	3	Eat	17	2	0.2108	0.4345
753	3	Eat	17	2	0.2090	0.4326
754	3	Eat	17	2	0.2072	0.4307
755	3	Eat	17	2	0.2054	0.4288
756	3	Eat	17	2	0.2036	0.4269
757	3	Eat	17	2	0.2018	0.4250
758	3	Eat	17	2	0.2000	0.4230
759	3	Eat	17	2	0.1983	0.4211
760	3	Eat	17	2	0.1966	0.4191
761	3	Eat	17	2	0.1948	0.4171
762	3	Eat	17	2	0.1931	0.4151
763	3	Eat	17	2	0.1915	0.4131
764	3	Eat	17	2	0.1898	0.4111
765	3	Eat	17	2	0.1881	0.4090
766	3	Eat	17	2	0.1865	0.4070
767	3	Eat	17	2	0.1849	0.4049
768	3	Eat	17	2	0.1832	0.4029
769	3	Eat	17	2	0.1816	0.4008
770	3	Eat	17	2	0.1800	0.3987
771	3	Eat	17	2	0.1784	0.3967
772	3	Eat	17	2	0.1768	0.3946
773	3	Eat	17	2	0.1753	0.3925
774	3	Eat	17	2	0.1737	0.3904
775	3	Eat	17	2	0.1721	0.3882
776	3	Eat	17	2	0.1706	0.3861
777	3	Eat	17	2	0.1690	0.3840
778	3	Eat	17	2	0.1675	0.3819
779	3	Eat	17	2	0.1660	0.3797
780	3	Eat	17	2	0.1645	0.3776
781	3	Eat	17	2	0.1629	0.3755
782	3	Eat	17	2	0.1614	0.3733
783	3	Eat	17	2	0.1599	0.3712
784	3	Eat	17	2	0.1584	0.3690
785	3	Eat	17	2	0.1569	0.3668
786	3	Eat	17	2	0.1555	0.3647
787	3	Eat	17	2	0.1540	0.3625
788	3	Eat	17	2	0.1525	0.3603
789	3	Eat	17	2	0.1510	0.3582
790	3	Eat	17	2	0.1496	0.3560
791	3	Eat	17	2	0.1481	0.3538
792	3	Eat	17	2	0.1466	0.3516
793	3	Eat	17	2	0.1452	0.3494
794	3	Eat	17	2	0.1437	0.3473
795	3	Eat	17	2	0.1423	0.3451
796	3	Eat	17	2	0.1408	0.3429
797	3	Eat	17	2	0.1394	0.3407
798	3	Eat	17	2	0.1380	0.3385
799	3	Eat	17	2	0.1365	0.3363
800	3	Eat	17	2	0.1351	0.3341
801	3	Eat	17	2	0.1337	0.3319
802	3	Eat	17	2	0.1322	0.3297
803	3	Eat	17	2	0.1308	0.3275
804	3	Eat	17	2	0.1294	0.3253
805	3	Eat	17	2	0.1280	0.3231
806	3	Eat	17	2	0.1266	0.3208
807	3	Eat	17	2	0.1251	0.3186
808	3	Eat	17	2	0.1237	0.3164
809	3	Eat	17	2	0.1223	0.3142
810	3	Eat	17	2	0.1209	0.3120
811	3	Eat	17	2	0.1195	0.3098
812	3	Eat	17	2	0.1181	0.3076
813	3	Eat	17	2	0.1167	0.3053
814	3	Eat	17	2	0.1153	0.3031
815	3	Eat	17	2	0.1139	0.3009
816	3	Eat	17	2	0.1125	0.2987
817	3	Eat	17	2	0.1111	0.2965
818	3	Eat	17	2	0.1097	0.2943
819	3	Eat	17	2	0.1083	0.2920
820	3	Eat	17	2	0.1069	0.2898
821	3	Eat	17	2	0.1055	0.2876
822	3	Eat	17	2	0.1041	0.2854
823	3	Eat	17	2	0.1027	0.2832
824	3	Eat	17	2	0.1013	0.2810
825	3	Eat	17	2	0.0998	0.2787
826	3	Eat	17	2	0.0984	0.2765
827	3	Eat	17	2	0.0970	0.2743
828	3	Eat	17	2	0.0956	0.2721
829	3	Eat	17	2	0.0942	0.2699
830	3	Eat	17	2	0.0928	0.2677
831	3	Eat	17	2	0.0913	0.2655
832	3	Eat	17	2	0.0899	0.2633
833	3	Eat	17	2	0.0885	0.2611
834	3	Eat	17	2	0.0870	0.2589
835	3	Eat	17	2	0.0856	0.2567
836	3	Eat	17	2	0.0841	0.2545
837	3	Eat	17	2	0.0827	0.2523
838	3	Eat	17	2	0.0812	0.2501
839	3	Eat	17	2	0.0798	0.2479
840	3	Eat	17	2	0.0783	0.2458
841	3	Eat	17	2	0.0769	0.2436
842	3	Eat	17	2	0.0755	0.2414
843	3	Eat	17	2	0.0740	0.2392
844	3	Eat	17	2	0.0726	0.2370
845	3	Eat	17	2	0.0712	0.2348
846	3	Eat	17	2	0.0697	0.2326
847	3	Eat	17	2	0.0683	0.2304
848	3	Eat	17	2	0.0669	0.2282
849	3	Eat	17	2	0.0655	0.2260
850	3	Eat	17	2	0.0640	0.2237
851	3	Eat	17	2	0.0626	0.2215
852	3	Eat	17	2	0.0612	0.2193
853	3	Eat	17	2	0.0598	0.2171
854	3	Eat	17	2	0.0584	0.2149
855	3	Eat	17	2	0.0570	0.2127
856	3	Eat	17	2	0.0556	0.2105
857	3	Eat	17	2	0.0542	0.2082
858	3	Eat	17	2	0.0528	0.2060
859	3	Eat	17	2	0.0514	0.2038
860	3	Eat	17	2	0.0500	0.2016
861	3	Eat	17	2	0.0486	0.1993
862	3	Eat	17	2	0.0472	0.1971
863	3	Eat	17	2	0.0459	0.1949
864	3	Eat	17	2	0.0445	0.1926
865	3	Eat	17	2	0.0431	0.1904
866	3	Eat	17	2	0.0417	0.1882
867	3	Eat	17	2	0.0403	0.1859
868	3	Eat	17	2	0.0390	0.1837
869	3	Eat	17	2	0.0376	0.1815
870	3	Eat	17	2	0.0362	0.1792
871	3	Eat	17	2	0.0348	0.1770
872	3	Eat	17	2	0.0335	0.1748
873	3	Eat	17	2	0.0321	0.1725
874	3	Eat	17	2	0.0307	0.1703
875	3	Eat	17	2	0.0294	0.1680
876	3	Eat	17	2	0.0280	0.1658
877	3	Eat	17	2	0.0266	0.1636
878	3	Eat	17	2	0.0253	0.1613
879	3	Eat	17	2	0.0239	0.1591
880	3	Eat	17	2	0.0226	0.1568
881	3	Eat	17	2	0.0212	0.1546
882	3	Eat	17	2	0.0198	0.1523
883	3	Eat	17	2	0.0185	0.1501
884	3	Eat	17	2	0.0171	0.1478
885	3	Eat	17	2	0.0158	0.1456
886	3	Eat	17	2	0.0144	0.1433
887	3	Eat	17	2	0.0131	0.1411
888	3	Eat	17	2	0.0117	0.1388
889	3	Eat	17	2	0.0104	0.1366
890	3	Eat	17	2	0.0090	0.1343
891	3	Eat	17	2	0.0077	0.1321
892	3	Eat	17	2	0.0063	0.1298
893	3	Eat	17	2	0.0050	0.1276
894	3	Eat	17	2	0.0036	0.1253
895	3	Eat	17	2	0.0023	0.1231
896	3	Eat	17	2	0.0009	0.1208
897	3	Eat	17	2	-0.0004	0.1186
898	3	Eat	17	2	-0.0018	0.1163
899	3	Eat	17	2	-0.0031	0.1141
900	3	Eat	17	2	-0.0045	0.1118
901	3	Eat	17	2	-0.0058	0.1096
902	3	Eat	17	2	-0.0072	0.1073
903	3	Eat	17	2	-0.0085	0.1051
904	3	Eat	17	2	-0.0098	0.1028
905	3	Eat	17	2	-0.0112	0.1005
906	3	Eat	17	2	-0.0125	0.0983
907	3	Eat	17	2	-0.0139	0.0960
908	3	Eat	17	2	-0.0152	0.0938
909	3	Eat	17	2	-0.0165	0.0915
910	3	Eat	17	2	-0.0179	0.0893
911	3	Eat	17	2	-0.0192	0.0870
912	3	Eat	17	2	-0.0206	0.0847
913	3	Eat	17	2	-0.0219	0.0825
914	3	Eat	17	2	-0.0233	0.0802
915	3	Eat	17	2	-0.0246	0.0780
916	3	Eat	17	2	-0.0259	0.0757
917	3	Eat	17	2	-0.0273	0.0735
918	3	Eat	17	2	-0.0286	0.0712
919	3	Eat	17	2	-0.0300	0.0689
920	3	Eat	17	2	-0.0313	0.0667
921	3	Eat	17	2	-0.0326	0.0644
922	3	Eat	17	2	-0.0340	0.0622
923	3	Eat	17	2	-0.0353	0.0599
924	3	Eat	17	2	-0.0366	0.0577
925	3	Eat	17	2	-0.0380	0.0554
926	3	Eat	17	2	-0.0393	0.0531
927	3	Eat	17	2	-0.0407	0.0509
928	3	Eat	17	2	-0.0420	0.0486
929	3	Eat	17	2	-0.0433	0.0464
930	3	Eat	17	2	-0.0447	0.0441
931	3	Eat	17	2	-0.0460	0.0419
932	3	Eat	17	2	-0.0474	0.0396
933	3	Eat	17	2	-0.0487	0.0373
934	3	Eat	17	2	-0.0500	0.0351
935	3	Eat	17	2	-0.0514	0.0328
936	3	Eat	17	2	-0.0527	0.0306
937	3	Eat	17	2	-0.0541	0.0283
938	3	Eat	17	2	-0.0554	0.0261
939	3	Eat	17	2	-0.0567	0.0238
940	3	Eat	17	2	-0.0581	0.0215
941	3	Eat	17	2	-0.0594	0.0193
942	3	Eat	17	2	-0.0608	0.0170
943	3	Eat	17	2	-0.0621	0.0148
944	3	Eat	17	2	-0.0634	0.0125
945	3	Eat	17	2	-0.0648	0.0103
946	3	Eat	17	2	-0.0661	0.0080
947	3	Eat	17	2	-0.0674	0.0057
948	3	Eat	17	2	-0.0688	0.0035
949	3	Eat	17	2	-0.0701	0.0012
950	3	Eat	17	2	-0.0715	-0.0010
951	3	Eat	17	2	-0.0728	-0.0033
952	3	Eat	17	2	-0.0741	-0.0056
953	3	Eat	17	2	-0.0755	-0.0078
954	3	Eat	17	2	-0.0768	-0.0101
955	3	Eat	17	2	-0.0781	-0.0123
956	3	Eat	17	2	-0.0795	-0.0146
957	3	Eat	17	2	-0.0808	-0.0169
958	3	Eat	17	2	-0.0821	-0.0191
959	3	Eat	17	2	-0.0835	-0.0214
960	3	Eat	17	2	-0.0848	-0.0236
961	3	Eat	17	2	-0.0861	-0.0259
962	3	Eat	17	2	-0.0875	-0.0282
963	3	Eat	17	2	-0.0888	-0.0304
964	3	Eat	17	2	-0.0901	-0.0327
965	3	Eat	17	2	-0.0915	-0.0350
966	3	Eat	17	2	-0.0928	-0.0372
967	3	Eat	17	2	-0.0941	-0.0395
968	3	Eat	17	2	-0.0954	-0.0417
969	3	Eat	17	2	-0.0968	-0.0440
970	3	Eat	17	2	-0.0981	-0.0463
971	3	Eat	17	2	-0.0994	-0.0485
972	3	Eat	17	2	-0.1007	-0.0508
973	3	Eat	17	2	-0.1021	-0.0531
974	3	Eat	17	2	-0.1034	-0.0553
975	3	Eat	17	2	-0.1047	-0.0576
976	3	Eat	17	2	-0.1060	-0.0599
977	3	Eat	17	2	-0.1074	-0.0621
978	3	Eat	17	2	-0.1087	-0.0644
979	3	Eat	17	2	-0.1100	-0.0667
980	3	Eat	17	2	-0.1113	-0.0690
981	3	Eat	17	2	-0.1126	-0.0712
982	3	Eat	17	2	-0.1139	-0.0735
983	3	Eat	17	2	-0.1153	-0.0758
984	3	Eat	17	2	-0.1166	-0.0780
985	3	Eat	17	2	-0.1179	-0.0803
986	3	Eat	17	2	-0.1192	-0.0826
987	3	Eat	17	2	-0.1205	-0.0849
988	3	Eat	17	2	-0.1218	-0.0871
989	3	Eat	17	2	-0.1218	-0.0871
990	3	Eat	17	2	-0.1218	-0.0871
991	3	Eat	17	2	-0.1218	-0.0871
992	3	Eat	17	2	-0.1218	-0.0871
993	3	Eat	17	2	-0.1218	-0.0871
994	3	Eat	17	2	-0.1218	-0.0871
995	3	Eat	17	2	-0.1218	-0.0871
996	3	Eat	17	2	-0.1218	-0.0871
997	3	Eat	17	2	-0.1218	-0.0871
998	3	Eat	17	2	-0.1218	-0.0871
999	3	Eat	17	2	-0.1218	-0.0871
1000	3	Eat	17	2	-0.1218	-0.0871
1001	3	Eat	17	2	-0.1218	-0.0871
1002	3	Eat	17	2	-0.1218	-0.0871
1003	3	Eat	17	2	-0.1218	-0.0871
1004	3	Eat	17	2	-0.1218	-0.0871
1005	3	Eat	17	2	-0.1218	-0.0871
1006	3	Eat	17	2	-0.1218	-0.0871
1007	3	Eat	17	2	-0.1218	-0.0871
1008	3	Eat	17	2	-0.1218	-0.0871
1009	3	Eat	17	2	-0.1218	-0.0871
1010	3	Eat	17	2	-0.1218	-0.0871
1011	3	Eat	17	2	-0.1218	-0.0871
1012	3	Eat	17	2	-0.1218	-0.0871
1013	3	Eat	17	2	-0.1218	-0.0871
1014	3	Eat	17	2	-0.1218	-0.0871
1015	3	Eat	17	2	-0.1218	-0.0871
1016	3	Eat	17	2	-0.1218	-0.0871
1017	3	Eat	17	2	-0.1218	-0.0871
1018	3	Eat	17	2	-0.1218	-0.0871
1019	3	Eat	17	2	-0.1218	-0.0871
1020	3	Eat	17	2	-0.1218	-0.0871
1021	3	Eat	17	2	-0.1218	-0.0871
1022	3	Eat	17	2	-0.1218	-0.0871
1023	3	Eat	17	2	-0.1218	-0.0871
1024	3	Eat	17	2	-0.1218	-0.0871
1025	3	Eat	17	2	-0.1218	-0.0871
1026	3	Eat	17	2	-0.1218	-0.0871
1027	3	Eat	17	2	-0.1218	-0.0871
1028	3	Eat	17	2	-0.1218	-0.0871
1029	3	Eat	17	2	-0.1218	-0.0871
1030	3	Eat	17	2	-0.1218	-0.0871
1031	3	Eat	17	2	-0.1218	-0.0871
1032	3	Eat	17	2	-0.1218	-0.0871
1033	3	Eat	17	2	-0.1218	-0.0871
1034	3	Eat	17	2	-0.1219	-0.0871
1035	3	Eat	17	2	-0.1219	-0.0871
1036	3	Eat	17	2	-0.1219	-0.0871
1037	3	Eat	17	2	-0.1219	-0.0871
1038	3	Eat	17	2	-0.1219	-0.0871
1039	3	Eat	17	2	-0.1219	-0.0871
1040	3	Eat	17	2	-0.1219	-0.0871
1041	3	Eat	17	2	-0.1219	-0.0871
1042	3	Eat	17	2	-0.1219	-0.0871
1043	3	Eat	17	2	-0.1219	-0.0871
1044	3	Eat	17	2	-0.1219	-0.0871
1045	3	Eat	17	2	-0.1219	-0.0871
1046	3	Eat	17	2	-0.1219	-0.0871
1047	3	Eat	17	2	-0.1219	-0.0871
1048	3	Eat	17	2	-0.1219	-0.0871
1049	3	Eat	17	2	-0.1219	-0.0871
1050	3	Eat	17	2	-0.1219	-0.0871
1051	3	Eat	17	2	-0.1219	-0.0871
1052	3	Eat	17	2	-0.1219	-0.0871
1053	3	Eat	17	2	-0.1219	-0.0871
1054	3	Eat	17	2	-0.1219	-0.0871
1055	3	Eat	17	2	-0.1219	-0.0871
1056	3	Eat	17	2	-0.1219	-0.0871
1057	3	Eat	17	2	-0.1219	-0.0871
1058	3	Eat	17	2	-0.1219	-0.0871
1059	3	Eat	17	2	-0.1219	-0.0871
1060	3	Eat	17	2	-0.1219	-0.0871
1061	3	Eat	17	2	-0.1219	-0.0871
1062	3	Eat	17	2	-0.1219	-0.0871
1063	3	Eat	17	2	-0.1219	-0.0871
1064	3	Eat	17	2	-0.1219	-0.0871
1065	3	Eat	17	2	-0.1219	-0.0871
1066	3	Eat	17	2	-0.1219	-0.0871
1067	3	Eat	17	2	-0.1219	-0.0871
1068	3	Eat	17	2	-0.1219	-0.0871
1069	3	Eat	17	2	-0.1219	-0.0871
1070	3	Eat	17	2	-0.1219	-0.0871
1071	3	Eat	17	2	-0.1219	-0.0871
1072	3	Eat	17	2	-0.1219	-0.0871
1073	3	Eat	17	2	-0.1219	-0.0871
1074	3	Eat	17	2	-0.1219	-0.0871
1075	3	Eat	17	2	-0.1219	-0.0871
1076	3	Eat	17	2	-0.1219	-0.0871
1077	3	Eat	17	2	-0.1219	-0.0871
1078	3	Eat	17	2	-0.1219	-0.0871
1079	3	Eat	17	2	-0.1219	-0.0871
1080	3	Eat	17	2	-0.1219	-0.0871
1081	3	Eat	17	2	-0.1219	-0.0871
1082	3	Eat	17	2	-0.1219	-0.0871
1083	3	Eat	17	2	-0.1219	-0.0871
1084	3	Eat	17	2	-0.1219	-0.0871
1085	3	Eat	17	2	-0.1219	-0.0871
1086	3	Eat	17	2	-0.1219	-0.0871
1087	3	Eat	17	2	-0.1219	-0.0871
1088	3	Eat	17	2	-0.1219	-0.0871
1089	3	Eat	17	2	-0.1219	-0.0871
1090	3	Eat	17	2	-0.1219	-0.0871
1091	3	Eat	17	2	-0.1219	-0.0871
1092	3	Eat	17	2	-0.1219	-0.0871
1093	3	Eat	17	2	-0.1219	-0.0871
1094	3	Eat	17	2	-0.1219	-0.0871
1095	3	Eat	17	2	-0.1219	-0.0871
1096	3	Eat	17	2	-0.1219	-0.0871
1097	3	Eat	17	2	-0.1219	-0.0871
1098	3	Eat	17	2	-0.1219	-0.0871
1099	3	Eat	17	2	-0.1219	-0.0871
1100	3	Eat	17	2	-0.1219	-0.0871
1101	3	Eat	17	2	-0.1219	-0.0871
1102	3	Eat	17	2	-0.1219	-0.0871
1103	3	Eat	17	2	-0.1219	-0.0871
1104	3	Eat	17	2	-0.1219	-0.0871
1105	3	Eat	17	2	-0.1219	-0.0871
1106	3	Eat	17	2	-0.1219	-0.0871
1107	3	Eat	17	2	-0.1219	-0.0871
1108	3	Eat	17	2	-0.1219	-0.0871
1109	3	Eat	17	2	-0.1219	-0.0871
1110	3	Eat	17	2	-0.1219	-0.0871
1111	3	Eat	17	2	-0.1219	-0.0871
1112	3	Eat	17	2	-0.1219	-0.0871
1113	3	Eat	17	2	-0.1219	-0.0871
1114	3	Eat	17	2	-0.1219	-0.0871
1115	3	Eat	17	2	-0.1219	-0.0871
1116	3	Eat	17	2	-0.1219	-0.0871
1117	3	Eat	17	2	-0.1219	-0.0871
1118	3	Eat	17	2	-0.1219	-0.0871
1119	3	Eat	17	2	-0.1219	-0.0871
1120	3	Eat	17	2	-0.1219	-0.0871
1121	3	Eat	17	2	-0.1219	-0.0871
1122	3	Eat	17	2	-0.1219	-0.0871
1123	3	Eat	17	2	-0.1219	-0.0871
1124	3	Eat	17	2	-0.1219	-0.0871
1125	3	Eat	17	2	-0.1219	-0.0871
1126	3	Eat	17	2	-0.1219	-0.0871
1127	3	Eat	17	2	-0.1219	-0.0871
1128	3	Eat	17	2	-0.1219	-0.0871
1129	3	Eat	17	2	-0.1219	-0.0871
1130	3	Eat	17	2	-0.1219	-0.0871
1131	3	Eat	17	2	-0.1219	-0.0871
1132	3	Eat	17	2	-0.1219	-0.0871
1133	3	Eat	17	2	-0.1219	-0.0871
1134	3	Eat	17	2	-0.1219	-0.0871
1135	3	Eat	17	2	-0.1219	-0.0871
1136	3	Eat	17	2	-0.1219	-0.0871
1137	3	Eat	17	2	-0.1219	-0.0871
1138	3	Eat	17	2	-0.1219	-0.0871
1139	3	Eat	17	2	-0.1219	-0.0871
1140	3	Eat	17	2	-0.1219	-0.0871
1141	3	Eat	17	2	-0.1219	-0.0871
1142	3	Eat	17	2	-0.1219	-0.0871
1143	3	Eat	17	2	-0.1219	-0.0871
1144	3	Eat	17	2	-0.1219	-0.0871
1145	3	Eat	17	2	-0.1219	-0.0871
1146	3	Eat	17	2	-0.1219	-0.0871
1147	3	Eat	17	2	-0.1219	-0.0871
1148	3	Explore	17	0	-0.1219	-0.0871
1149	4	Explore	16	1	-0.1233	-0.0894
1150	4	Explore	16	1	-0.1246	-0.0916
1151	4	Explore	16	1	-0.1259	-0.0939
1152	4	Explore	16	1	-0.1272	-0.0962
1153	4	Explore	16	1	-0.1286	-0.0984
1154	4	Explore	16	1	-0.1299	-0.1007
1155	4	Explore	16	1	-0.1312	-0.1030
1156	4	Explore	16	1	-0.1325	-0.1052
1157	4	Explore	16	1	-0.1339	-0.1075
1158	4	Explore	16	1	-0.1352	-0.1098
1159	4	Explore	16	1	-0.1365	-0.1120
1160	4	Explore	16	1	-0.1378	-0.1143
1161	4	Explore	16	1	-0.1392	-0.1166
1162	4	Explore	16	1	-0.1405	-0.1188
1163	4	Explore	16	1	-0.1418	-0.1211
1164	4	Hide	16	1	-0.1431	-0.1234
1165	5	Hide	15	2	-0.1431	-0.1234
1166	5	Hide	15	2	-0.1446	-0.1256
1167	5	Hide	15	2	-0.1446	-0.1256
1168	5	Hide	15	2	-0.1446	-0.1256
1169	5	Hide	15	2	-0.1446	-0.1255
1170	5	Hide	15	2	-0.1446	-0.1255
1171	5	Hide	15	2	-0.1446	-0.1255
1172	5	Hide	15	2	-0.1447	-0.1255
1173	5	Hide	15	2	-0.1466	-0.1273
1174	5	Hide	15	2	-0.1466	-0.1273
1175	5	Hide	15	2	-0.1466	-0.1273
1176	5	Hide	15	2	-0.1466	-0.1273
1177	5	Hide	15	2	-0.1466	-0.1273
1178	5	Hide	15	2	-0.1466	-0.1272
1179	5	Hide	15	2	-0.1488	-0.1287
1180	5	Hide	15	2	-0.1510	-0.1301
1181	5	Hide	15	2	-0.1532	-0.1315
1182	5	Hide	15	2	-0.1554	-0.1330
1183	5	Hide	15	2	-0.1555	-0.1329
1184	5	Hide	15	2	-0.1555	-0.1329
1185	5	Hide	15	2	-0.1578	-0.1342
1186	5	Hide	15	2	-0.1601	-0.1354
1187	5	Hide	15	2	-0.1624	-0.1367
1188	5	Hide	15	2	-0.1647	-0.1379
1189	5	Hide	15	2	-0.1670	-0.1392
1190	5	Hide	15	2	-0.1693	-0.1404
1191	5	Hide	15	2	-0.1716	-0.1417
1192	5	Hide	15	2	-0.1739	-0.1429
1193	5	Hide	15	2	-0.1762	-0.1442
1194	5	Hide	15	2	-0.1786	-0.1454
1195	5	Hide	15	2	-0.1809	-0.1467
1196	5	Hide	15	2	-0.1832	-0.1479
1197	5	Hide	15	2	-0.1855	-0.1492
1198	5	Hide	15	2	-0.1878	-0.1504
1199	5	Hide	15	2	-0.1901	-0.1517
1200	5	Hide	15	2	-0.1924	-0.1529
1201	5	Hide	15	2	-0.1947	-0.1542
1202	5	Hide	15	2	-0.1970	-0.1554
1203	5	Hide	15	2	-0.1993	-0.1567
1204	5	Hide	15	2	-0.2016	-0.1579
1205	5	Hide	15	2	-0.2039	-0.1592
1206	5	Hide	15	2	-0.2063	-0.1604
1207	5	Hide	15	2	-0.2086	-0.1617
1208	5	Hide	15	2	-0.2109	-0.1629
1209	5	Hide	15	2	-0.2132	-0.1642
1210	5	Hide	15	2	-0.2155	-0.1654
1211	5	Hide	15	2	-0.2178	-0.1667
1212	5	Hide	15	2	-0.2201	-0.1679
1213	5	Hide	15	2	-0.2201	-0.1679
1214	5	Hide	15	2	-0.2202	-0.1679
1215	5	Hide	15	2	-0.2225	-0.1689
1216	5	Hide	15	2	-0.2249	-0.1700
1217	5	Hide	15	2	-0.2273	-0.1711
1218	5	Hide	15	2	-0.2274	-0.1711
1219	5	Hide	15	2	-0.2298	-0.1720
1220	5	Hide	15	2	-0.2323	-0.1730
1221	5	Hide	15	2	-0.2347	-0.1740
1222	5	Hide	15	2	-0.2371	-0.1749
1223	5	Hide	15	2	-0.2396	-0.1759
1224	5	Hide	15	2	-0.2420	-0.1769
1225	5	Hide	15	2	-0.2445	-0.1778
1226	5	Hide	15	2	-0.2469	-0.1788
1227	5	Hide	15	2	-0.2493	-0.1798
1228	5	Hide	15	2	-0.2518	-0.1807
1229	5	Hide	15	2	-0.2542	-0.1817
1230	5	Hide	15	2	-0.2566	-0.1827
1231	5	Hide	15	2	-0.2591	-0.1836
1232	5	Hide	15	2	-0.2615	-0.1846
1233	5	Hide	15	2	-0.2640	-0.1856
1234	5	Hide	15	2	-0.2664	-0.1865
1235	5	Hide	15	2	-0.2688	-0.1875
1236	5	Hide	15	2	-0.2713	-0.1885
1237	5	Hide	15	2	-0.2737	-0.1894
1238	5	Hide	15	2	-0.2762	-0.1904
1239	5	Hide	15	2	-0.2786	-0.1914
1240	5	Hide	15	2	-0.2810	-0.1923
1241	5	Hide	15	2	-0.2835	-0.1933
1242	5	Hide	15	2	-0.2859	-0.1943
1243	5	Hide	15	2	-0.2884	-0.1953
1244	5	Hide	15	2	-0.2908	-0.1962
1245	5	Hide	15	2	-0.2932	-0.1972
1246	5	Hide	15	2	-0.2957	-0.1982
1247	5	Hide	15	2	-0.2981	-0.1991
1248	5	Hide	15	2	-0.3006	-0.2001
1249	5	Hide	15	2	-0.3030	-0.2011
1250	5	Hide	15	2	-0.3054	-0.2020
1251	5	Hide	15	2	-0.3079	-0.2030
1252	5	Hide	15	2	-0.3103	-0.2040
1253	5	Hide	15	2	-0.3128	-0.2049
1254	5	Hide	15	2	-0.3152	-0.2059
1255	5	Hide	15	2	-0.3176	-0.2069
1256	5	Hide	15	2	-0.3201	-0.2078
1257	5	Hide	15	2	-0.3225	-0.2088
1258	5	Hide	15	2	-0.3250	-0.2098
1259	5	Hide	15	2	-0.3274	-0.2107
1260	5	Hide	15	2	-0.3298	-0.2117
1261	5	Hide	15	2	-0.3323	-0.2127
1262	5	Hide	15	2	-0.3347	-0.2137
1263	5	Hide	15	2	-0.3372	-0.2146
1264	5	Hide	15	2	-0.3396	-0.2156
1265	5	Hide	15	2	-0.3420	-0.2166
1266	5	Hide	15	2	-0.3445	-0.2175
1267	5	Hide	15	2	-0.3469	-0.2185
1268	5	Hide	15	2	-0.3494	-0.2195
1269	5	Hide	15	2	-0.3518	-0.2204
1270	5	Hide	15	2	-0.3542	-0.2214
1271	5	Hide	15	2	-0.3567	-0.2224
1272	5	Hide	15	2	-0.3591	-0.2233
1273	5	Hide	15	2	-0.3616	-0.2243
1274	5	Hide	15	2	-0.3640	-0.2253
1275	5	Hide	15	2	-0.3664	-0.2262
1276	5	Hide	15	2	-0.3689	-0.2272
1277	5	Hide	15	2	-0.3713	-0.2282
1278	5	Hide	15	2	-0.3738	-0.2291
1279	5	Hide	15	2	-0.3762	-0.2301
1280	5	Hide	15	2	-0.3786	-0.2311
1281	5	Hide	15	2	-0.3811	-0.2321
1282	5	Hide	15	2	-0.3835	-0.2330
1283	5	Hide	15	2	-0.3860	-0.2340
1284	5	Hide	15	2	-0.3884	-0.2350
1285	5	Hide	15	2	-0.3908	-0.2359
1286	5	Hide	15	2	-0.3933	-0.2369
1287	5	Hide	15	2	-0.3957	-0.2379
1288	5	Hide	15	2	-0.3981	-0.2388
1289	5	Hide	15	2	-0.4006	-0.2398
1290	5	Hide	15	2	-0.4030	-0.2408
1291	5	Hide	15	2	-0.4055	-0.2417
1292	5	Hide	15	2	-0.4079	-0.2427
1293	5	Hide	15	2	-0.4103	-0.2437
1294	5	Hide	15	2	-0.4128	-0.2446
1295	5	Hide	15	2	-0.4152	-0.2456
1296	5	Hide	15	2	-0.4177	-0.2466
1297	5	Hide	15	2	-0.4201	-0.2475
1298	5	Hide	15	2	-0.4225	-0.2485
1299	5	Hide	15	2	-0.4250	-0.2495
1300	5	Hide	15	2	-0.4274	-0.2505
1301	5	Hide	15	2	-0.4299	-0.2514
1302	5	Hide	15	2	-0.4323	-0.2524
1303	5	Hide	15	2	-0.4347	-0.2534
1304	5	Hide	15	2	-0.4372	-0.2543
1305	5	Hide	15	2	-0.4396	-0.2553
1306	5	Hide	15	2	-0.4421	-0.2563
1307	5	Hide	15	2	-0.4445	-0.2572
1308	5	Hide	15	2	-0.4469	-0.2582
1309	5	Hide	15	2	-0.4494	-0.2592
1310	5	Hide	15	2	-0.4518	-0.2601
1311	5	Hide	15	2	-0.4543	-0.2611
1312	5	Hide	15	2	-0.4567	-0.2621
1313	5	Hide	15	2	-0.4591	-0.2630
1314	5	Hide	15	2	-0.4616	-0.2640
1315	5	Hide	15	2	-0.4640	-0.2650
1316	5	Hide	15	2	-0.4665	-0.2660
1317	5	Hide	15	2	-0.4689	-0.2669
1318	5	Hide	15	2	-0.4689	-0.2669
1319	5	Hide	15	2	-0.4689	-0.2669
1320	5	Hide	15	2	-0.4689	-0.2669
1321	5	Hide	15	2	-0.4689	-0.2669
1322	5	Hide	15	2	-0.4689	-0.2669
1323	5	Hide	15	2	-0.4689	-0.2669
1324	5	Hide	15	2	-0.4689	-0.2669
1325	5	Hide	15	2	-0.4689	-0.2669
1326	5	Hide	15	2	-0.4689	-0.2669
1327	5	Hide	15	2	-0.4689	-0.2669
1328	5	Hide	15	2	-0.4689	-0.2669
1329	5	Hide	15	2	-0.4689	-0.2669
1330	5	Hide	15	2	-0.4689	-0.2669
1331	5	Hide	15	2	-0.4689	-0.2669
1332	5	Hide	15	2	-0.4689	-0.2669
1333	5	Hide	15	2	-0.4689	-0.2669
1334	5	Hide	15	2	-0.4689	-0.2669
1335	5	Hide	15	2	-0.4689	-0.2669
1336	5	Hide	15	2	-0.4689	-0.2669
1337	5	Hide	15	2	-0.4689	-0.2669
1338	5	Hide	15	2	-0.4689	-0.2669
1339	5	Hide	15	2	-0.4689	-0.2669
1340	5	Hide	15	2	-0.4689	-0.2669
1341	5	Hide	15	2	-0.4689	-0.2669
1342	5	Hide	15	2	-0.4689	-0.2669
1343	5	Hide	15	2	-0.4689	-0.2669
1344	5	Hide	15	2	-0.4689	-0.2669
1345	5	Hide	15	2	-0.4689	-0.2669
1346	5	Hide	15	2	-0.4689	-0.2669
1347	5	Hide	15	2	-0.4689	-0.2669
1348	5	Hide	15	2	-0.4689	-0.2669
1349	5	Hide	15	2	-0.4689	-0.2669
1350	5	Hide	15	2	-0.4689	-0.2669
1351	5	Hide	15	2	-0.4689	-0.2669
1352	5	Hide	15	2	-0.4689	-0.2669
1353	5	Hide	15	2	-0.4689	-0.2669
1354	5	Hide	15	2	-0.4689	-0.2669
1355	5	Hide	15	2	-0.4689	-0.2669
1356	5	Hide	15	2	-0.4689	-0.2669
1357	5	Hide	15	2	-0.4689	-0.2669
1358	5	Hide	15	2	-0.4689	-0.2669
1359	5	Hide	15	2	-0.4689	-0.2669
1360	5	Hide	15	2	-0.4689	-0.2669
1361	5	Hide	15	2	-0.4689	-0.2669
1362	5	Hide	15	2	-0.4689	-0.2669
1363	5	Hide	15	2	-0.4689	-0.2669
1364	5	Hide	15	2	-0.4689	-0.2669
1365	5	Hide	15	2	-0.4689	-0.2669
1366	5	Hide	15	2	-0.4689	-0.2669
1367	5	Hide	15	2	-0.4689	-0.2669
1368	5	Hide	15	2	-0.4689	-0.2669
1369	5	Hide	15	2	-0.4689	-0.2669
1370	5	Hide	15	2	-0.4689	-0.2669
1371	5	Hide	15	2	-0.4689	-0.2669
1372	5	Hide	15	2	-0.4689	-0.2669
1373	5	Hide	15	2	-0.4689	-0.2669
1374	5	Hide	15	2	-0.4689	-0.2669
1375	5	Hide	15	2	-0.4689	-0.2669
1376	5	Hide	15	2	-0.4689	-0.2669
1377	5	Hide	15	2	-0.4689	-0.2669
1378	5	Hide	15	2	-0.4689	-0.2669
1379	5	Hide	15	2	-0.4689	-0.2669
1380	5	Hide	15	2	-0.4689	-0.2669
1381	5	Hide	15	2	-0.4689	-0.2669
1382	5	Hide	15	2	-0.4689	-0.2669
1383	5	Hide	15	2	-0.4689	-0.2669
1384	5	Hide	15	2	-0.4689	-0.2669
1385	5	Hide	15	2	-0.4689	-0.2669
1386	5	Hide	15	2	-0.4689	-0.2669
1387	5	Hide	15	2	-0.4689	-0.2669
1388	5	Hide	15	2	-0.4689	-0.2669
1389	5	Hide	15	2	-0.4689	-0.2669
1390	5	Hide	15	2	-0.4689	-0.2669
1391	5	Hide	15	2	-0.4689	-0.2669
1392	5	Hide	15	2	-0.4689	-0.2669
1393	5	Hide	15	2	-0.4689	-0.2669
1394	5	Hide	15	2	-0.4689	-0.2669
1395	5	Hide	15	2	-0.4689	-0.2669
1396	5	Hide	15	2	-0.4689	-0.2669
1397	5	Hide	15	2	-0.4689	-0.2669
1398	5	Hide	15	2	-0.4689	-0.2669
1399	5	Hide	15	2	-0.4689	-0.2669
1400	5	Hide	15	2	-0.4689	-0.2669
1401	5	Hide	15	2	-0.4689	-0.2669
1402	5	Hide	15	2	-0.4689	-0.2669
1403	5	Hide	15	2	-0.4689	-0.2669
1404	5	Hide	15	2	-0.4689	-0.2669
1405	5	Hide	15	2	-0.4689	-0.2669
1406	5	Hide	15	2	-0.4689	-0.2669
1407	5	Hide	15	2	-0.4689	-0.2669
1408	5	Hide	15	2	-0.4689	-0.2669
1409	5	Hide	15	2	-0.4689	-0.2669
1410	5	Hide	15	2	-0.4689	-0.2669
1411	5	Hide	15	2	-0.4689	-0.2669
1412	5	Hide	15	2	-0.4689	-0.2669
1413	5	Hide	15	2	-0.4689	-0.2669
1414	5	Hide	15	2	-0.4689	-0.2669
1415	5	Hide	15	2	-0.4689	-0.2669
1416	5	Hide	15	2	-0.4689	-0.2669
1417	5	Explore	15	2	-0.4689	-0.2669
1418	6	Explore	14	3	-0.4689	-0.2669
1419	6	Explore	14	3	-0.4689	-0.2670
1420	6	Explore	14	3	-0.4688	-0.2670
1421	6	Explore	14	3	-0.4688	-0.2670
1422	6	Explore	14	3	-0.4688	-0.2670
1423	6	Explore	14	3	-0.4688	-0.2670
1424	6	Explore	14	3	-0.4688	-0.2671
1425	6	Explore	14	3	-0.4688	-0.2671
1426	6	Explore	14	3	-0.4688	-0.2671
1427	6	Explore	14	3	-0.4688	-0.2671
1428	6	Explore	14	3	-0.4687	-0.2671
1429	6	Explore	14	3	-0.4687	-0.2671
1430	6	Explore	14	3	-0.4687	-0.2671
1431	6	Explore	14	3	-0.4687	-0.2672
1432	6	Explore	14	3	-0.4687	-0.2672
1433	6	Explore	14	3	-0.4687	-0.2672
1434	6	Explore	14	3	-0.4686	-0.2672
1435	6	Explore	14	3	-0.4686	-0.2672
1436	6	Explore	14	3	-0.4686	-0.2672
1437	6	Explore	14	3	-0.4686	-0.2672
1438	6	Explore	14	3	-0.4686	-0.2672
1439	6	Explore	14	3	-0.4685	-0.2673
1440	6	Explore	14	3	-0.4685	-0.2673
1441	6	Explore	14	3	-0.4685	-0.2673
1442	6	Explore	14	3	-0.4685	-0.2673
1443	6	Explore	14	3	-0.4680	-0.2673
1444	6	Explore	14	3	-0.4675	-0.2673
1445	6	Explore	14	3	-0.4671	-0.2673
1446	6	Explore	14	3	-0.4667	-0.2673
1447	6	Explore	14	3	-0.4663	-0.2673
1448	6	Explore	14	3	-0.4660	-0.2673
1449	6	Explore	14	3	-0.4654	-0.2673
1450	6	Explore	14	3	-0.4648	-0.2673
1451	6	Explore	14	3	-0.4644	-0.2673
1452	6	Explore	14	3	-0.4639	-0.2673
1453	6	Explore	14	3	-0.4636	-0.2673
1454	6	Explore	14	3	-0.4633	-0.2673
1455	6	Explore	14	3	-0.4630	-0.2673
1456	6	Explore	14	3	-0.4629	-0.2673
1457	6	Explore	14	3	-0.4629	-0.2673
1458	6	Explore	14	3	-0.4620	-0.2697
1459	6	Explore	14	3	-0.4611	-0.2722
1460	6	Explore	14	3	-0.4602	-0.2747
1461	6	Explore	14	3	-0.4593	-0.2771
1462	6	Explore	14	3	-0.4584	-0.2796
1463	6	Explore	14	3	-0.4575	-0.2820
1464	6	Explore	14	3	-0.4566	-0.2845
1465	6	Explore	14	3	-0.4556	-0.2870
1466	6	Explore	14	3	-0.4547	-0.2894
1467	6	Explore	14	3	-0.4538	-0.2919
1468	6	Explore	14	3	-0.4529	-0.2944
1469	6	Explore	14	3	-0.4520	-0.2968
1470	6	Explore	14	3	-0.4511	-0.2993
1471	6	Explore	14	3	-0.4502	-0.3018
1472	6	Explore	14	3	-0.4493	-0.3042
1473	6	Explore	14	3	-0.4484	-0.3067
1474	6	Explore	14	3	-0.4475	-0.3092
1475	6	Explore	14	3	-0.4466	-0.3116
1476	6	Explore	14	3	-0.4457	-0.3141
1477	6	Explore	14	3	-0.4448	-0.3165
1478	6	Explore	14	3	-0.4439	-0.3190
1479	6	Explore	14	3	-0.4430	-0.3215
1480	6	Explore	14	3	-0.4421	-0.3239
1481	6	Explore	14	3	-0.4412	-0.3264
1482	6	Explore	14	3	-0.4403	-0.3289
1483	6	Explore	14	3	-0.4394	-0.3313
1484	6	Explore	14	3	-0.4385	-0.3338
1485	6	Explore	14	3	-0.4375	-0.3363
1486	6	Explore	14	3	-0.4366	-0.3387
1487	6	Explore	14	3	-0.4357	-0.3412
1488	6	Explore	14	3	-0.4348	-0.3436
1489	6	Explore	14	3	-0.4339	-0.3461
1490	6	Explore	14	3	-0.4330	-0.3486
1491	6	Explore	14	3	-0.4321	-0.3510
1492	6	Explore	14	3	-0.4312	-0.3535
1493	6	Explore	14	3	-0.4303	-0.3560
1494	6	Explore	14	3	-0.4294	-0.3584
1495	6	Explore	14	3	-0.4285	-0.3609
1496	6	Explore	14	3	-0.4276	-0.3634
1497	6	Explore	14	3	-0.4276	-0.3634
1498	6	Explore	14	3	-0.4276	-0.3634
1499	6	Explore	14	3	-0.4277	-0.3634
1500	6	Explore	14	3	-0.4277	-0.3635
1501	6	Explore	14	3	-0.4277	-0.3635
1502	6	Explore	14	3	-0.4277	-0.3635
1503	6	Explore	14	3	-0.4277	-0.3635
1504	6	Explore	14	3	-0.4278	-0.3635
1505	6	Explore	14	3	-0.4278	-0.3635
1506	6	Explore	14	3	-0.4278	-0.3635
1507	6	Explore	14	3	-0.4278	-0.3635
1508	6	Explore	14	3	-0.4278	-0.3635
1509	6	Explore	14	3	-0.4279	-0.3635
1510	6	Explore	14	3	-0.4279	-0.3635
1511	6	Explore	14	3	-0.4279	-0.3634
1512	6	Explore	14	3	-0.4279	-0.3634
1513	6	Explore	14	3	-0.4279	-0.3634
1514	6	Explore	14	3	-0.4280	-0.3634
1515	6	Explore	14	3	-0.4280	-0.3633
1516	6	Explore	14	3	-0.4280	-0.3633
1517	6	Explore	14	3	-0.4280	-0.3633
1518	6	Explore	14	3	-0.4280	-0.3633
1519	6	Explore	14	3	-0.4281	-0.3633
1520	6	Explore	14	3	-0.4281	-0.3633
1521	6	Explore	14	3	-0.4295	-0.3654
1522	6	Explore	14	3	-0.4310	-0.3676
1523	6	Explore	14	3	-0.4324	-0.3698
1524	6	Explore	14	3	-0.4339	-0.3720
1525	6	Explore	14	3	-0.4353	-0.3742
1526	6	Explore	14	3	-0.4368	-0.3764
1527	6	Explore	14	3	-0.4382	-0.3786
1528	6	Explore	14	3	-0.4397	-0.3808
1529	6	Explore	14	3	-0.4411	-0.3829
1530	6	Explore	14	3	-0.4426	-0.3851
1531	6	Explore	14	3	-0.4441	-0.3873
1532	6	Explore	14	3	-0.4455	-0.3895
1533	6	Explore	14	3	-0.4470	-0.3917
1534	6	Explore	14	3	-0.4484	-0.3939
1535	6	Explore	14	3	-0.4499	-0.3961
1536	6	Explore	14	3	-0.4513	-0.3982
1537	6	Explore	14	3	-0.4513	-0.3983
1538	6	Explore	14	3	-0.4513	-0.3983
1539	6	Explore	14	3	-0.4513	-0.3983
1540	6	Explore	14	3	-0.4512	-0.3983
1541	6	Explore	14	3	-0.4512	-0.3983
1542	6	Explore	14	3	-0.4512	-0.3983
1543	6	Explore	14	3	-0.4512	-0.3983
1544	6	Explore	14	3	-0.4512	-0.3984
1545	6	Explore	14	3	-0.4511	-0.3984
1546	6	Explore	14	3	-0.4511	-0.3984
1547	6	Explore	14	3	-0.4511	-0.3984
1548	6	Explore	14	3	-0.4511	-0.3984
1549	6	Explore	14	3	-0.4511	-0.3985
1550	6	Explore	14	3	-0.4510	-0.3985
1551	6	Explore	14	3	-0.4510	-0.3985
1552	6	Explore	14	3	-0.4510	-0.3985
1553	6	Explore	14	3	-0.4510	-0.3985
1554	6	Explore	14	3	-0.4510	-0.3984
1555	6	Explore	14	3	-0.4509	-0.3984
1556	6	Explore	14	3	-0.4509	-0.3984
1557	6	Explore	14	3	-0.4509	-0.3983
1558	6	Explore	14	3	-0.4509	-0.3983
1559	6	Explore	14	3	-0.4502	-0.4008
1560	6	Explore	14	3	-0.4495	-0.4033
1561	6	Explore	14	3	-0.4488	-0.4059
1562	6	Explore	14	3	-0.4480	-0.4084
1563	6	Explore	14	3	-0.4473	-0.4109
1564	6	Explore	14	3	-0.4466	-0.4135
1565	6	Explore	14	3	-0.4459	-0.4160
1566	6	Explore	14	3	-0.4452	-0.4185
1567	6	Explore	14	3	-0.4445	-0.4210
1568	6	Explore	14	3	-0.4438	-0.4236
1569	6	Explore	14	3	-0.4431	-0.4261
1570	6	Explore	14	3	-0.4424	-0.4286
1571	6	Explore	14	3	-0.4417	-0.4311
1572	6	Explore	14	3	-0.4410	-0.4337
1573	6	Explore	14	3	-0.4403	-0.4362
1574	6	Explore	14	3	-0.4396	-0.4387
1575	6	Explore	14	3	-0.4388	-0.4413
1576	6	Explore	14	3	-0.4381	-0.4438
1577	6	Explore	14	3	-0.4374	-0.4463
1578	6	Explore	14	3	-0.4367	-0.4488
1579	6	Explore	14	3	-0.4360	-0.4514
1580	6	Explore	14	3	-0.4353	-0.4539
1581	6	Explore	14	3	-0.4346	-0.4564
1582	6	Explore	14	3	-0.4346	-0.4564
1583	6	Explore	14	3	-0.4346	-0.4564
1584	6	Explore	14	3	-0.4345	-0.4564
1585	6	Explore	14	3	-0.4345	-0.4564
1586	6	Explore	14	3	-0.4334	-0.4588
1587	6	Explore	14	3	-0.4334	-0.4588
1588	6	Explore	14	3	-0.4334	-0.4587
1589	6	Explore	14	3	-0.4334	-0.4587
1590	6	Explore	14	3	-0.4333	-0.4587
1591	6	Explore	14	3	-0.4333	-0.4587
1592	6	Explore	14	3	-0.4333	-0.4587
1593	6	Explore	14	3	-0.4333	-0.4587
1594	6	Explore	14	3	-0.4333	-0.4586
1595	6	Explore	14	3	-0.4333	-0.4586
1596	6	Explore	14	3	-0.4332	-0.4586
1597	6	Explore	14	3	-0.4332	-0.4586
1598	6	Explore	14	3	-0.4332	-0.4586
1599	6	Explore	14	3	-0.4332	-0.4586
1600	6	Explore	14	3	-0.4332	-0.4586
1601	6	Explore	14	3	-0.4332	-0.4585
1602	6	Explore	14	3	-0.4332	-0.4585
1603	6	Explore	14	3	-0.4332	-0.4585
1604	6	Explore	14	3	-0.4331	-0.4585
1605	6	Explore	14	3	-0.4331	-0.4585
1606	6	Explore	14	3	-0.4331	-0.4584
1607	6	Explore	14	3	-0.4331	-0.4584
1608	6	Explore	14	3	-0.4331	-0.4584
1609	6	Explore	14	3	-0.4330	-0.4584
1610	6	Explore	14	3	-0.4330	-0.4584
1611	6	Explore	14	3	-0.4330	-0.4583
1612	6	Explore	14	3	-0.4329	-0.4583
1613	6	Explore	14	3	-0.4329	-0.4583
1614	6	Explore	14	3	-0.4329	-0.4583
1615	6	Explore	14	3	-0.4329	-0.4583
1616	6	Explore	14	3	-0.4329	-0.4582
1617	6	Explore	14	3	-0.4329	-0.4582
1618	6	Explore	14	3	-0.4329	-0.4582
1619	6	Explore	14	3	-0.4303	-0.4579
1620	6	Explore	14	3	-0.4277	-0.4576
1621	6	Explore	14	3	-0.4250	-0.4574
1622	6	Explore	14	3	-0.4224	-0.4571
1623	6	Explore	14	3	-0.4198	-0.4568
1624	6	Explore	14	3	-0.4172	-0.4565
1625	6	Explore	14	3	-0.4146	-0.4563
1626	6	Explore	14	3	-0.4120	-0.4560
1627	6	Explore	14	3	-0.4094	-0.4557
1628	6	Explore	14	3	-0.4068	-0.4554
1629	6	Explore	14	3	-0.4042	-0.4551
1630	6	Explore	14	3	-0.4016	-0.4549
1631	6	Explore	14	3	-0.3989	-0.4546
1632	6	Explore	14	3	-0.3989	-0.4546
1633	6	Explore	14	3	-0.3989	-0.4546
1634	6	Explore	14	3	-0.3989	-0.4546
1635	6	Explore	14	3	-0.3989	-0.4547
1636	6	Explore	14	3	-0.3989	-0.4547
1637	6	Explore	14	3	-0.3989	-0.4547
1638	6	Explore	14	3	-0.3990	-0.4547
1639	6	Explore	14	3	-0.3990	-0.4548
1640	6	Explore	14	3	-0.3990	-0.4548
1641	6	Explore	14	3	-0.3990	-0.4548
1642	6	Explore	14	3	-0.3990	-0.4548
1643	6	Explore	14	3	-0.3990	-0.4548
1644	6	Explore	14	3	-0.3991	-0.4549
1645	6	Explore	14	3	-0.3991	-0.4549
1646	6	Explore	14	3	-0.3991	-0.4549
1647	6	Explore	14	3	-0.3968	-0.4561
1648	6	Explore	14	3	-0.3967	-0.4561
1649	6	Explore	14	3	-0.3967	-0.4561
1650	6	Explore	14	3	-0.3967	-0.4560
1651	6	Explore	14	3	-0.3967	-0.4560
1652	6	Explore	14	3	-0.3967	-0.4560
1653	6	Explore	14	3	-0.3967	-0.4560
1654	6	Explore	14	3	-0.3966	-0.4560
1655	6	Explore	14	3	-0.3966	-0.4559
1656	6	Explore	14	3	-0.3966	-0.4559
1657	6	Explore	14	3	-0.3966	-0.4559
1658	6	Explore	14	3	-0.3966	-0.4559
1659	6	Explore	14	3	-0.3939	-0.4560
1660	6	Explore	14	3	-0.3913	-0.4561
1661	6	Explore	14	3	-0.3887	-0.4563
1662	6	Explore	14	3	-0.3887	-0.4562
1663	6	Explore	14	3	-0.3861	-0.4563
1664	6	Explore	14	3	-0.3834	-0.4563
1665	6	Explore	14	3	-0.3808	-0.4563
1666	6	Explore	14	3	-0.3782	-0.4563
1667	6	Explore	14	3	-0.3756	-0.4563
1668	6	Explore	14	3	-0.3729	-0.4564
1669	6	Explore	14	3	-0.3703	-0.4564
1670	6	Explore	14	3	-0.3677	-0.4564
1671	6	Explore	14	3	-0.3651	-0.4564
1672	6	Explore	14	3	-0.3650	-0.4564
1673	6	Explore	14	3	-0.3624	-0.4563
1674	6	Explore	14	3	-0.3598	-0.4562
1675	6	Explore	14	3	-0.3572	-0.4562
1676	6	Explore	14	3	-0.3546	-0.4561
1677	6	Explore	14	3	-0.3519	-0.4560
1678	6	Explore	14	3	-0.3493	-0.4559
1679	6	Explore	14	3	-0.3467	-0.4558
1680	6	Explore	14	3	-0.3441	-0.4558
1681	6	Explore	14	3	-0.3414	-0.4557
1682	6	Explore	14	3	-0.3388	-0.4556
1683	6	Explore	14	3	-0.3362	-0.4555
1684	6	Explore	14	3	-0.3336	-0.4554
1685	6	Explore	14	3	-0.3309	-0.4553
1686	6	Explore	14	3	-0.3283	-0.4553
1687	6	Explore	14	3	-0.3257	-0.4552
1688	6	Explore	14	3	-0.3231	-0.4551
1689	6	Explore	14	3	-0.3204	-0.4550
1690	6	Explore	14	3	-0.3178	-0.4549
1691	6	Explore	14	3	-0.3152	-0.4548
1692	6	Explore	14	3	-0.3126	-0.4548
1693	6	Explore	14	3	-0.3100	-0.4547
1694	6	Explore	14	3	-0.3073	-0.4546
1695	6	Explore	14	3	-0.3047	-0.4545
1696	6	Explore	14	3	-0.3021	-0.4544
1697	6	Explore	14	3	-0.2995	-0.4544
1698	6	Explore	14	3	-0.2968	-0.4543
1699	6	Explore	14	3	-0.2942	-0.4542
1700	6	Explore	14	3	-0.2916	-0.4541
1701	6	Explore	14	3	-0.2890	-0.4540
1702	6	Explore	14	3	-0.2863	-0.4539
1703	6	Explore	14	3	-0.2837	-0.4539
1704	6	Explore	14	3	-0.2811	-0.4538
1705	6	Explore	14	3	-0.2785	-0.4537
1706	6	Explore	14	3	-0.2758	-0.4536
1707	6	Explore	14	3	-0.2732	-0.4535
1708	6	Explore	14	3	-0.2706	-0.4534
1709	6	Explore	14	3	-0.2706	-0.4534
1710	6	Explore	14	3	-0.2706	-0.4534
1711	6	Explore	14	3	-0.2706	-0.4534
1712	6	Explore	14	3	-0.2707	-0.4534
1713	6	Explore	14	3	-0.2707	-0.4533
1714	6	Explore	14	3	-0.2707	-0.4533
1715	6	Explore	14	3	-0.2708	-0.4533
1716	6	Explore	14	3	-0.2708	-0.4533
1717	6	Explore	14	3	-0.2708	-0.4533
1718	6	Explore	14	3	-0.2708	-0.4532
1719	6	Explore	14	3	-0.2708	-0.4532
1720	6	Explore	14	3	-0.2709	-0.4532
1721	6	Explore	14	3	-0.2709	-0.4532
1722	6	Explore	14	3	-0.2709	-0.4532
1723	6	Explore	14	3	-0.2709	-0.4531
1724	6	Hide	14	3	-0.2709	-0.4531
1725	7	Hide	13	4	-0.2709	-0.4531
1726	7	Hide	13	4	-0.2688	-0.4516
1727	7	Hide	13	4	-0.2666	-0.4501
1728	7	Hide	13	4	-0.2645	-0.4486
1729	7	Hide	13	4	-0.2624	-0.4470
1730	7	Hide	13	4	-0.2602	-0.4455
1731	7	Hide	13	4	-0.2602	-0.4455
1732	7	Hide	13	4	-0.2580	-0.4441
1733	7	Hide	13	4	-0.2558	-0.4427
1734	7	Hide	13	4	-0.2536	-0.4412
1735	7	Hide	13	4	-0.2514	-0.4398
1736	7	Hide	13	4	-0.2492	-0.4383
1737	7	Hide	13	4	-0.2470	-0.4369
1738	7	Hide	13	4	-0.2448	-0.4355
1739	7	Hide	13	4	-0.2426	-0.4340
1740	7	Hide	13	4	-0.2404	-0.4326
1741	7	Hide	13	4	-0.2382	-0.4311
1742	7	Hide	13	4	-0.2361	-0.4297
1743	7	Hide	13	4	-0.2339	-0.4283
1744	7	Hide	13	4	-0.2317	-0.4268
1745	7	Hide	13	4	-0.2295	-0.4254
1746	7	Hide	13	4	-0.2273	-0.4240
1747	7	Hide	13	4	-0.2251	-0.4225
1748	7	Hide	13	4	-0.2229	-0.4211
1749	7	Hide	13	4	-0.2207	-0.4196
1750	7	Hide	13	4	-0.2185	-0.4182
1751	7	Hide	13	4	-0.2163	-0.4168
1752	7	Hide	13	4	-0.2141	-0.4153
1753	7	Hide	13	4	-0.2119	-0.4139
1754	7	Hide	13	4	-0.2097	-0.4124
1755	7	Hide	13	4	-0.2075	-0.4110
1756	7	Hide	13	4	-0.2053	-0.4096
1757	7	Hide	13	4	-0.2031	-0.4081
1758	7	Hide	13	4	-0.2009	-0.4067
1759	7	Hide	13	4	-0.1987	-0.4052
1760	7	Hide	13	4	-0.1965	-0.4038
1761	7	Hide	13	4	-0.1943	-0.4024
1762	7	Hide	13	4	-0.1921	-0.4009
1763	7	Hide	13	4	-0.1900	-0.3995
1764	7	Hide	13	4	-0.1878	-0.3981
1765	7	Hide	13	4	-0.1856	-0.3966
1766	7	Hide	13	4	-0.1834	-0.3952
1767	7	Hide	13	4	-0.1812	-0.3937
1768	7	Hide	13	4	-0.1790	-0.3923
1769	7	Hide	13	4	-0.1768	-0.3909
1770	7	Hide	13	4	-0.1746	-0.3894
1771	7	Hide	13	4	-0.1724	-0.3880
1772	7	Hide	13	4	-0.1702	-0.3865
1773	7	Hide	13	4	-0.1680	-0.3851
1774	7	Hide	13	4	-0.1658	-0.3837
1775	7	Hide	13	4	-0.1636	-0.3822
1776	7	Hide	13	4	-0.1614	-0.3808
1777	7	Hide	13	4	-0.1592	-0.3793
1778	7	Hide	13	4	-0.1570	-0.3779
1779	7	Hide	13	4	-0.1548	-0.3765
1780	7	Hide	13	4	-0.1526	-0.3750
1781	7	Hide	13	4	-0.1504	-0.3736
1782	7	Hide	13	4	-0.1482	-0.3721
1783	7	Hide	13	4	-0.1461	-0.3707
1784	7	Hide	13	4	-0.1439	-0.3693
1785	7	Hide	13	4	-0.1417	-0.3678
1786	7	Hide	13	4	-0.1395	-0.3664
1787	7	Hide	13	4	-0.1373	-0.3650
1788	7	Hide	13	4	-0.1351	-0.3635
1789	7	Hide	13	4	-0.1329	-0.3621
1790	7	Hide	13	4	-0.1307	-0.3606
1791	7	Hide	13	4	-0.1285	-0.3592
1792	7	Hide	13	4	-0.1263	-0.3578
1793	7	Hide	13	4	-0.1241	-0.3563
1794	7	Hide	13	4	-0.1219	-0.3549
1795	7	Hide	13	4	-0.1197	-0.3534
1796	7	Hide	13	4	-0.1175	-0.3520
1797	7	Hide	13	4	-0.1153	-0.3506
1798	7	Hide	13	4	-0.1131	-0.3491
1799	7	Hide	13	4	-0.1109	-0.3477
1800	7	Hide	13	4	-0.1087	-0.3462
1801	7	Hide	13	4	-0.1065	-0.3448
1802	7	Hide	13	4	-0.1043	-0.3434
1803	7	Hide	13	4	-0.1021	-0.3419
1804	7	Hide	13	4	-0.1000	-0.3405
1805	7	Hide	13	4	-0.0978	-0.3390
1806	7	Hide	13	4	-0.0956	-0.3376
1807	7	Hide	13	4	-0.0934	-0.3362
1808	7	Hide	13	4	-0.0912	-0.3347
1809	7	Hide	13	4	-0.0890	-0.3333
1810	7	Hide	13	4	-0.0868	-0.3319
1811	7	Hide	13	4	-0.0846	-0.3304
1812	7	Hide	13	4	-0.0824	-0.3290
1813	7	Hide	13	4	-0.0802	-0.3275
1814	7	Hide	13	4	-0.0780	-0.3261
1815	7	Hide	13	4	-0.0758	-0.3247
1816	7	Hide	13	4	-0.0736	-0.3232
1817	7	Hide	13	4	-0.0714	-0.3218
1818	7	Hide	13	4	-0.0692	-0.3203
1819	7	Hide	13	4	-0.0670	-0.3189
1820	7	Hide	13	4	-0.0648	-0.3175
1821	7	Hide	13	4	-0.0626	-0.3160
1822	7	Hide	13	4	-0.0604	-0.3146
1823	7	Hide	13	4	-0.0582	-0.3131
1824	7	Hide	13	4	-0.0561	-0.3117
1825	7	Hide	13	4	-0.0539	-0.3103
1826	7	Hide	13	4	-0.0517	-0.3088
1827	7	Hide	13	4	-0.0495	-0.3074
1828	7	Hide	13	4	-0.0473	-0.3059
1829	7	Hide	13	4	-0.0451	-0.3045
1830	7	Hide	13	4	-0.0429	-0.3031
1831	7	Hide	13	4	-0.0407	-0.3016
1832	7	Hide	13	4	-0.0385	-0.3002
1833	7	Hide	13	4	-0.0363	-0.2988
1834	7	Hide	13	4	-0.0341	-0.2973
1835	7	Hide	13	4	-0.0319	-0.2959
1836	7	Hide	13	4	-0.0297	-0.2944
1837	7	Hide	13	4	-0.0275	-0.2930
1838	7	Hide	13	4	-0.0253	-0.2916
1839	7	Hide	13	4	-0.0231	-0.2901
1840	7	Hide	13	4	-0.0209	-0.2887
1841	7	Hide	13	4	-0.0187	-0.2872
1842	7	Hide	13	4	-0.0165	-0.2858
1843	7	Hide	13	4	-0.0143	-0.2844
1844	7	Hide	13	4	-0.0122	-0.2829
1845	7	Hide	13	4	-0.0100	-0.2815
1846	7	Hide	13	4	-0.0078	-0.2800
1847	7	Hide	13	4	-0.0056	-0.2786
1848	7	Hide	13	4	-0.0034	-0.2772
1849	7	Hide	13	4	-0.0012	-0.2757
1850	7	Hide	13	4	0.0010	-0.2743
1851	7	Hide	13	4	0.0032	-0.2728
1852	7	Hide	13	4	0.0054	-0.2714
1853	7	Hide	13	4	0.0076	-0.2700
1854	7	Hide	13	4	0.0098	-0.2685
1855	7	Hide	13	4	0.0120	-0.2671
1856	7	Hide	13	4	0.0142	-0.2656
1857	7	Hide	13	4	0.0164	-0.2642
1858	7	Hide	13	4	0.0186	-0.2628
1859	7	Hide	13	4	0.0208	-0.2613
1860	7	Hide	13	4	0.0230	-0.2599
1861	7	Hide	13	4	0.0252	-0.2585
1862	7	Hide	13	4	0.0274	-0.2570
1863	7	Hide	13	4	0.0296	-0.2556
1864	7	Hide	13	4	0.0317	-0.2541
1865	7	Hide	13	4	0.0339	-0.2527
1866	7	Hide	13	4	0.0361	-0.2513
1867	7	Hide	13	4	0.0383	-0.2498
1868	7	Hide	13	4	0.0405	-0.2484
1869	7	Hide	13	4	0.0427	-0.2469
1870	7	Hide	13	4	0.0449	-0.2455
1871	7	Hide	13	4	0.0471	-0.2441
1872	7	Hide	13	4	0.0493	-0.2426
1873	7	Hide	13	4	0.0515	-0.2412
1874	7	Hide	13	4	0.0537	-0.2397
1875	7	Hide	13	4	0.0559	-0.2383
1876	7	Hide	13	4	0.0581	-0.2369
1877	7	Hide	13	4	0.0603	-0.2354
1878	7	Hide	13	4	0.0625	-0.2340
1879	7	Hide	13	4	0.0647	-0.2325
1880	7	Hide	13	4	0.0669	-0.2311
1881	7	Hide	13	4	0.0691	-0.2297
1882	7	Hide	13	4	0.0713	-0.2282
1883	7	Hide	13	4	0.0734	-0.2268
1884	7	Hide	13	4	0.0756	-0.2253
1885	7	Hide	13	4	0.0778	-0.2239
1886	7	Hide	13	4	0.0800	-0.2225
1887	7	Hide	13	4	0.0822	-0.2210
1888	7	Hide	13	4	0.0844	-0.2196
1889	7	Hide	13	4	0.0866	-0.2181
1890	7	Hide	13	4	0.0888	-0.2167
1891	7	Hide	13	4	0.0910	-0.2153
1892	7	Hide	13	4	0.0932	-0.2138
1893	7	Hide	13	4	0.0954	-0.2124
1894	7	Hide	13	4	0.0976	-0.2110
1895	7	Hide	13	4	0.0998	-0.2095
1896	7	Hide	13	4	0.1020	-0.2081
1897	7	Hide	13	4	0.1042	-0.2066
1898	7	Hide	13	4	0.1064	-0.2052
1899	7	Hide	13	4	0.1086	-0.2038
1900	7	Hide	13	4	0.1108	-0.2023
1901	7	Hide	13	4	0.1130	-0.2009
1902	7	Hide	13	4	0.1152	-0.1994
1903	7	Hide	13	4	0.1173	-0.1980
1904	7	Hide	13	4	0.1195	-0.1966
1905	7	Hide	13	4	0.1217	-0.1951
1906	7	Hide	13	4	0.1239	-0.1937
1907	7	Hide	13	4	0.1261	-0.1922
1908	7	Hide	13	4	0.1283	-0.1908
1909	7	Hide	13	4	0.1305	-0.1894
1910	7	Hide	13	4	0.1327	-0.1879
1911	7	Hide	13	4	0.1349	-0.1865
1912	7	Hide	13	4	0.1371	-0.1850
1913	7	Hide	13	4	0.1393	-0.1836
1914	7	Hide	13	4	0.1415	-0.1822
1915	7	Hide	13	4	0.1437	-0.1807
1916	7	Hide	13	4	0.1459	-0.1793
1917	7	Hide	13	4	0.1481	-0.1778
1918	7	Hide	13	4	0.1503	-0.1764
1919	7	Hide	13	4	0.1525	-0.1750
1920	7	Hide	13	4	0.1547	-0.1735
1921	7	Hide	13	4	0.1569	-0.1721
1922	7	Hide	13	4	0.1590	-0.1706
1923	7	Hide	13	4	0.1612	-0.1692
1924	7	Hide	13	4	0.1634	-0.1678
1925	7	Hide	13	4	0.1656	-0.1663
1926	7	Hide	13	4	0.1678	-0.1649
1927	7	Hide	13	4	0.1700	-0.1634
1928	7	Hide	13	4	0.1722	-0.1620
1929	7	Hide	13	4	0.1744	-0.1606
1930	7	Hide	13	4	0.1766	-0.1591
1931	7	Hide	13	4	0.1788	-0.1577
1932	7	Hide	13	4	0.1810	-0.1562
1933	7	Hide	13	4	0.1832	-0.1548
1934	7	Hide	13	4	0.1854	-0.1534
1935	7	Hide	13	4	0.1876	-0.1519
1936	7	Hide	13	4	0.1898	-0.1505
1937	7	Hide	13	4	0.1920	-0.1490
1938	7	Hide	13	4	0.1942	-0.1476
1939	7	Hide	13	4	0.1964	-0.1462
1940	7	Hide	13	4	0.1986	-0.1447
1941	7	Hide	13	4	0.2007	-0.1433
1942	7	Hide	13	4	0.2029	-0.1418
1943	7	Hide	13	4	0.2051	-0.1404
1944	7	Hide	13	4	0.2073	-0.1390
1945	7	Hide	13	4	0.2095	-0.1375
1946	7	Hide	13	4	0.2117	-0.1361
1947	7	Hide	13	4	0.2139	-0.1347
1948	7	Hide	13	4	0.2161	-0.1332
1949	7	Hide	13	4	0.2183	-0.1318
1950	7	Hide	13	4	0.2205	-0.1303
1951	7	Hide	13	4	0.2227	-0.1289
1952	7	Hide	13	4	0.2249	-0.1275
1953	7	Hide	13	4	0.2271	-0.1260
1954	7	Hide	13	4	0.2293	-0.1246
1955	7	Hide	13	4	0.2315	-0.1231
1956	7	Hide	13	4	0.2337	-0.1217
1957	7	Hide	13	4	0.2359	-0.1203
1958	7	Hide	13	4	0.2381	-0.1188
1959	7	Hide	13	4	0.2403	-0.1174
1960	7	Hide	13	4	0.2424	-0.1159
1961	7	Hide	13	4	0.2446	-0.1145
1962	7	Hide	13	4	0.2468	-0.1131
1963	7	Hide	13	4	0.2490	-0.1116
1964	7	Hide	13	4	0.2512	-0.1102
1965	7	Hide	13	4	0.2534	-0.1087
1966	7	Hide	13	4	0.2556	-0.1073
1967	7	Hide	13	4	0.2578	-0.1059
1968	7	Hide	13	4	0.2600	-0.1044
1969	7	Hide	13	4	0.2622	-0.1030
1970	7	Hide	13	4	0.2644	-0.1015
1971	7	Hide	13	4	0.2666	-0.1001
1972	7	Hide	13	4	0.2688	-0.0987
1973	7	Hide	13	4	0.2710	-0.0972
1974	7	Hide	13	4	0.2732	-0.0958
1975	7	Hide	13	4	0.2754	-0.0943
1976	7	Hide	13	4	0.2776	-0.0929
1977	7	Hide	13	4	0.2798	-0.0915
1978	7	Hide	13	4	0.2820	-0.0900
1979	7	Hide	13	4	0.2841	-0.0886
1980	7	Hide	13	4	0.2863	-0.0871
1981	7	Hide	13	4	0.2885	-0.0857
1982	7	Hide	13	4	0.2907	-0.0843
1983	7	Hide	13	4	0.2929	-0.0828
1984	7	Hide	13	4	0.2951	-0.0814
1985	7	Hide	13	4	0.2973	-0.0799
1986	7	Hide	13	4	0.2995	-0.0785
1987	7	Hide	13	4	0.3017	-0.0771
1988	7	Hide	13	4	0.3039	-0.0756
1989	7	Hide	13	4	0.3061	-0.0742
1990	7	Hide	13	4	0.3083	-0.0727
1991	7	Hide	13	4	0.3105	-0.0713
1992	7	Hide	13	4	0.3127	-0.0699
1993	7	Hide	13	4	0.3149	-0.0684
1994	7	Hide	13	4	0.3171	-0.0670
1995	7	Hide	13	4	0.3193	-0.0655
1996	7	Hide	13	4	0.3215	-0.0641
1997	7	Hide	13	4	0.3236	-0.0627
1998	7	Hide	13	4	0.3258	-0.0612
1999	7	Hide	13	4	0.3280	-0.0598
2000	7	Hide	13	4	0.3302	-0.0583
2001	7	Hide	13	4	0.3324	-0.0569
2002	7	Hide	13	4	0.3346	-0.0555
2003	7	Hide	13	4	0.3368	-0.0540
2004	7	Hide	13	4	0.3390	-0.0526
2005	7	Hide	13	4	0.3412	-0.0511
2006	7	Hide	13	4	0.3434	-0.0497
2007	7	Hide	13	4	0.3456	-0.0483
2008	7	Hide	13	4	0.3478	-0.0468
2009	7	Hide	13	4	0.3500	-0.0454
2010	7	Hide	13	4	0.3522	-0.0439
2011	7	Hide	13	4	0.3544	-0.0425
2012	7	Hide	13	4	0.3566	-0.0411
2013	7	Hide	13	4	0.3588	-0.0396
2014	7	Hide	13	4	0.3610	-0.0382
2015	7	Hide	13	4	0.3631	-0.0367
2016	7	Hide	13	4	0.3653	-0.0353
2017	7	Hide	13	4	0.3675	-0.0339
2018	7	Hide	13	4	0.3697	-0.0324
2019	7	Hide	13	4	0.3719	-0.0310
2020	7	Hide	13	4	0.3741	-0.0295
2021	7	Hide	13	4	0.3763	-0.0281
2022	7	Hide	13	4	0.3785	-0.0267
2023	7	Hide	13	4	0.3807	-0.0252
2024	7	Hide	13	4	0.3829	-0.0238
2025	7	Hide	13	4	0.3851	-0.0223
2026	7	Hide	13	4	0.3873	-0.0209
2027	7	Hide	13	4	0.3895	-0.0195
2028	7	Hide	13	4	0.3917	-0.0180
2029	7	Hide	13	4	0.3939	-0.0166
2030	7	Hide	13	4	0.3961	-0.0151
2031	7	Hide	13	4	0.3983	-0.0137
2032	7	Hide	13	4	0.4005	-0.0123
2033	7	Hide	13	4	0.4026	-0.0108
2034	7	Hide	13	4	0.4048	-0.0094
2035	7	Hide	13	4	0.4070	-0.0079
2036	7	Hide	13	4	0.4092	-0.0065
2037	7	Hide	13	4	0.4114	-0.0051
2038	7	Hide	13	4	0.4136	-0.0036
2039	7	Hide	13	4	0.4158	-0.0022
2040	7	Hide	13	4	0.4180	-0.0007
2041	7	Hide	13	4	0.4202	0.0007
2042	7	Hide	13	4	0.4224	0.0021
2043	7	Hide	13	4	0.4246	0.0036
2044	7	Hide	13	4	0.4268	0.0050
2045	7	Hide	13	4	0.4290	0.0065
2046	7	Hide	13	4	0.4312	0.0079
2047	7	Hide	13	4	0.4334	0.0093
2048	7	Hide	13	4	0.4356	0.0108
2049	7	Hide	13	4	0.4378	0.0122
2050	7	Hide	13	4	0.4400	0.0137
2051	7	Hide	13	4	0.4421	0.0151
2052	7	Hide	13	4	0.4443	0.0165
2053	7	Hide	13	4	0.4465	0.0180
2054	7	Hide	13	4	0.4487	0.0194
2055	7	Hide	13	4	0.4509	0.0209
2056	7	Hide	13	4	0.4531	0.0223
2057	7	Hide	13	4	0.4553	0.0237
2058	7	Hide	13	4	0.4575	0.0252
2059	7	Hide	13	4	0.4597	0.0266
2060	7	Hide	13	4	0.4619	0.0281
2061	7	Hide	13	4	0.4641	0.0295
2062	7	Hide	13	4	0.4663	0.0309
2063	7	Hide	13	4	0.4685	0.0324
2064	7	Hide	13	4	0.4685	0.0324
2065	7	Hide	13	4	0.4685	0.0324
2066	7	Hide	13	4	0.4685	0.0324
2067	7	Hide	13	4	0.4685	0.0324
2068	7	Hide	13	4	0.4685	0.0324
2069	7	Hide	13	4	0.4685	0.0324
2070	7	Hide	13	4	0.4685	0.0324
2071	7	Hide	13	4	0.4685	0.0324
2072	7	Hide	13	4	0.4685	0.0324
2073	7	Hide	13	4	0.4685	0.0324
2074	7	Hide	13	4	0.4685	0.0324
2075	7	Hide	13	4	0.4685	0.0324
2076	7	Hide	13	4	0.4685	0.0324
2077	7	Hide	13	4	0.4685	0.0324
2078	7	Hide	13	4	0.4685	0.0324
2079	7	Hide	13	4	0.4685	0.0324
2080	7	Hide	13	4	0.4685	0.0324
2081	7	Hide	13	4	0.4685	0.0324
2082	7	Hide	13	4	0.4685	0.0324
2083	7	Hide	13	4	0.4685	0.0324
2084	7	Hide	13	4	0.4685	0.0324
2085	7	Hide	13	4	0.4685	0.0324
2086	7	Hide	13	4	0.4685	0.0324
2087	7	Hide	13	4	0.4685	0.0324
2088	7	Hide	13	4	0.4685	0.0324
2089	7	Hide	13	4	0.4685	0.0324
2090	7	Hide	13	4	0.4685	0.0324
2091	7	Hide	13	4	0.4685	0.0324
2092	7	Hide	13	4	0.4685	0.0324
2093	7	Hide	13	4	0.4685	0.0324
2094	7	Hide	13	4	0.4685	0.0324
2095	7	Hide	13	4	0.4685	0.0324
2096	7	Hide	13	4	0.4685	0.0324
2097	7	Hide	13	4	0.4685	0.0324
2098	7	Hide	13	4	0.4685	0.0324
2099	7	Hide	13	4	0.4685	0.0324
2100	7	Hide	13	4	0.4685	0.0324
2101	7	Hide	13	4	0.4685	0.0324
2102	7	Hide	13	4	0.4685	0.0324
2103	7	Hide	13	4	0.4685	0.0324
2104	7	Hide	13	4	0.4685	0.0324
2105	7	Hide	13	4	0.4685	0.0324
2106	7	Hide	13	4	0.4685	0.0324
2107	7	Hide	13	4	0.4685	0.0324
2108	7	Hide	13	4	0.4685	0.0324
2109	7	Hide	13	4	0.4685	0.0324
2110	7	Hide	13	4	0.4685	0.0324
2111	7	Hide	13	4	0.4685	0.0324
2112	7	Hide	13	4	0.4685	0.0324
2113	7	Hide	13	4	0.4685	0.0324
2114	7	Hide	13	4	0.4685	0.0324
2115	7	Hide	13	4	0.4685	0.0324
2116	7	Hide	13	4	0.4685	0.0324
2117	7	Hide	13	4	0.4685	0.0324
2118	7	Hide	13	4	0.4685	0.0324
2119	7	Hide	13	4	0.4685	0.0324
2120	7	Hide	13	4	0.4685	0.0324
2121	7	Hide	13	4	0.4685	0.0324
2122	7	Hide	13	4	0.4685	0.0324
2123	7	Hide	13	4	0.4685	0.0324
2124	7	Hide	13	4	0.4685	0.0324
2125	7	Hide	13	4	0.4685	0.0324
2126	7	Hide	13	4	0.4685	0.0324
2127	7	Hide	13	4	0.4685	0.0324
2128	7	Hide	13	4	0.4685	0.0324
2129	7	Hide	13	4	0.4685	0.0324
2130	7	Hide	13	4	0.4685	0.0324
2131	7	Hide	13	4	0.4685	0.0324
2132	7	Hide	13	4	0.4685	0.0324
2133	7	Hide	13	4	0.4685	0.0324
2134	7	Hide	13	4	0.4685	0.0324
2135	7	Hide	13	4	0.4685	0.0324
2136	7	Hide	13	4	0.4685	0.0324
2137	7	Hide	13	4	0.4685	0.0324
2138	7	Hide	13	4	0.4685	0.0324
2139	7	Hide	13	4	0.4685	0.0324
2140	7	Hide	13	4	0.4685	0.0324
2141	7	Hide	13	4	0.4685	0.0324
2142	7	Hide	13	4	0.4685	0.0324
2143	7	Hide	13	4	0.4685	0.0324
2144	7	Hide	13	4	0.4685	0.0324
2145	7	Hide	13	4	0.4685	0.0324
2146	7	Hide	13	4	0.4685	0.0324
2147	7	Hide	13	4	0.4685	0.0324
2148	7	Hide	13	4	0.4685	0.0324
2149	7	Hide	13	4	0.4685	0.0324
2150	7	Hide	13	4	0.4685	0.0324
2151	7	Hide	13	4	0.4685	0.0324
2152	7	Hide	13	4	0.4685	0.0324
2153	7	Hide	13	4	0.4685	0.0324
2154	7	Hide	13	4	0.4685	0.0324
2155	7	Hide	13	4	0.4685	0.0324
2156	7	Hide	13	4	0.4685	0.0324
2157	7	Hide	13	4	0.4685	0.0324
2158	7	Hide	13	4	0.4685	0.0324
2159	7	Hide	13	4	0.4685	0.0324
2160	7	Hide	13	4	0.4685	0.0324
2161	7	Hide	13	4	0.4685	0.0324
2162	7	Hide	13	4	0.4685	0.0324
2163	7	Explore	13	4	0.4685	0.0324
2164	8	Explore	12	5	0.4685	0.0324
2165	8	Explore	12	5	0.4685	0.0324
2166	8	Explore	12	5	0.4684	0.0324
2167	8	Explore	12	5	0.4684	0.0324
2168	8	Explore	12	5	0.4684	0.0325
2169	8	Explore	12	5	0.4684	0.0325
2170	8	Explore	12	5	0.4684	0.0325
2171	8	Explore	12	5	0.4684	0.0325
2172	8	Explore	12	5	0.4684	0.0325
2173	8	Explore	12	5	0.4683	0.0325
2174	8	Explore	12	5	0.4683	0.0326
2175	8	Explore	12	5	0.4683	0.0326
2176	8	Explore	12	5	0.4683	0.0326
2177	8	Explore	12	5	0.4683	0.0326
2178	8	Explore	12	5	0.4682	0.0326
2179	8	Explore	12	5	0.4682	0.0326
2180	8	Explore	12	5	0.4682	0.0327
2181	8	Explore	12	5	0.4682	0.0327
2182	8	Explore	12	5	0.4682	0.0327
2183	8	Explore	12	5	0.4681	0.0327
2184	8	Explore	12	5	0.4679	0.0328
2185	8	Explore	12	5	0.4674	0.0328
2186	8	Explore	12	5	0.4670	0.0328
2187	8	Explore	12	5	0.4666	0.0328
2188	8	Explore	12	5	0.4662	0.0328
2189	8	Explore	12	5	0.4658	0.0328
2190	8	Explore	12	5	0.4652	0.0328
2191	8	Explore	12	5	0.4647	0.0328
2192	8	Explore	12	5	0.4642	0.0328
2193	8	Explore	12	5	0.4638	0.0328
2194	8	Explore	12	5	0.4635	0.0327
2195	8	Explore	12	5	0.4632	0.0327
2196	8	Explore	12	5	0.4629	0.0327
2197	8	Explore	12	5	0.4629	0.0327
2198	8	Explore	12	5	0.4621	0.0352
2199	8	Explore	12	5	0.4612	0.0377
2200	8	Explore	12	5	0.4604	0.0402
2201	8	Explore	12	5	0.4596	0.0427
2202	8	Explore	12	5	0.4587	0.0452
2203	8	Explore	12	5	0.4579	0.0477
2204	8	Explore	12	5	0.4571	0.0501
2205	8	Explore	12	5	0.4562	0.0526
2206	8	Explore	12	5	0.4554	0.0551
2207	8	Explore	12	5	0.4545	0.0576
2208	8	Explore	12	5	0.4537	0.0601
2209	8	Explore	12	5	0.4529	0.0626
2210	8	Explore	12	5	0.4520	0.0651
2211	8	Explore	12	5	0.4512	0.0676
2212	8	Explore	12	5	0.4512	0.0676
2213	8	Explore	12	5	0.4512	0.0676
2214	8	Explore	12	5	0.4511	0.0675
2215	8	Explore	12	5	0.4511	0.0675
2216	8	Explore	12	5	0.4511	0.0675
2217	8	Explore	12	5	0.4511	0.0675
2218	8	Explore	12	5	0.4511	0.0675
2219	8	Explore	12	5	0.4511	0.0675
2220	8	Explore	12	5	0.4510	0.0675
2221	8	Eat	12	5	0.4510	0.0674
2222	9	Eat	11	6	0.4493	0.0694
2223	9	Eat	11	6	0.4475	0.0713
2224	9	Eat	11	6	0.4457	0.0732
2225	9	Eat	11	6	0.4438	0.0751
2226	9	Eat	11	6	0.4420	0.0769
2227	9	Eat	11	6	0.4401	0.0787
2228	9	Eat	11	6	0.4381	0.0805
2229	9	Eat	11	6	0.4361	0.0822
2230	9	Eat	11	6	0.4341	0.0839
2231	9	Eat	11	6	0.4321	0.0856
2232	9	Eat	11	6	0.4301	0.0873
2233	9	Eat	11	6	0.4280	0.0889
2234	9	Eat	11	6	0.4259	0.0905
2235	9	Eat	11	6	0.4238	0.0921
2236	9	Eat	11	6	0.4217	0.0936
2237	9	Eat	11	6	0.4196	0.0951
2238	9	Eat	11	6	0.4174	0.0966
2239	9	Eat	11	6	0.4152	0.0981
2240	9	Eat	11	6	0.4131	0.0995
2241	9	Eat	11	6	0.4108	0.1010
2242	9	Eat	11	6	0.4086	0.1024
2243	9	Eat	11	6	0.4064	0.1038
2244	9	Eat	11	6	0.4042	0.1051
2245	9	Eat	11	6	0.4019	0.1065
2246	9	Eat	11	6	0.3997	0.1078
2247	9	Eat	11	6	0.3974	0.1091
2248	9	Eat	11	6	0.3951	0.1104
2249	9	Eat	11	6	0.3928	0.1117
2250	9	Eat	11	6	0.3905	0.1130
2251	9	Eat	11	6	0.3882	0.1142
2252	9	Eat	11	6	0.3859	0.1155
2253	9	Eat	11	6	0.3836	0.1167
2254	9	Eat	11	6	0.3812	0.1179
2255	9	Eat	11	6	0.3789	0.1191
2256	9	Eat	11	6	0.3765	0.1203
2257	9	Eat	11	6	0.3742	0.1214
2258	9	Eat	11	6	0.3718	0.1226
2259	9	Eat	11	6	0.3695	0.1237
2260	9	Eat	11	6	0.3671	0.1249
2261	9	Eat	11	6	0.3647	0.1260
2262	9	Eat	11	6	0.3624	0.1271
2263	9	Eat	11	6	0.3600	0.1282
2264	9	Eat	11	6	0.3576	0.1293
2265	9	Eat	11	6	0.3552	0.1304
2266	9	Eat	11	6	0.3528	0.1315
2267	9	Eat	11	6	0.3504	0.1325
2268	9	Eat	11	6	0.3480	0.1336
2269	9	Eat	11	6	0.3456	0.1346
2270	9	Eat	11	6	0.3432	0.1357
2271	9	Eat	11	6	0.3408	0.1367
2272	9	Eat	11	6	0.3384	0.1377
2273	9	Eat	11	6	0.3359	0.1387
2274	9	Eat	11	6	0.3335	0.1398
2275	9	Eat	11	6	0.3311	0.1408
2276	9	Eat	11	6	0.3287	0.1418
2277	9	Eat	11	6	0.3262	0.1427
2278	9	Eat	11	6	0.3238	0.1437
2279	9	Eat	11	6	0.3214	0.1447
2280	9	Eat	11	6	0.3189	0.1457
2281	9	Eat	11	6	0.3165	0.1466
2282	9	Eat	11	6	0.3140	0.1476
2283	9	Eat	11	6	0.3116	0.1486
2284	9	Eat	11	6	0.3092	0.1495
2285	9	Eat	11	6	0.3067	0.1504
2286	9	Eat	11	6	0.3043	0.1514
2287	9	Eat	11	6	0.3018	0.1523
2288	9	Eat	11	6	0.2993	0.1532
2289	9	Eat	11	6	0.2969	0.1542
2290	9	Eat	11	6	0.2944	0.1551
2291	9	Eat	11	6	0.2920	0.1560
2292	9	Eat	11	6	0.2895	0.1569
2293	9	Eat	11	6	0.2870	0.1578
2294	9	Eat	11	6	0.2846	0.1587
2295	9	Eat	11	6	0.2821	0.1596
2296	9	Eat	11	6	0.2796	0.1605
2297	9	Eat	11	6	0.2772	0.1614
2298	9	Eat	11	6	0.2747	0.1623
2299	9	Eat	11	6	0.2722	0.1632
2300	9	Eat	11	6	0.2698	0.1641
2301	9	Eat	11	6	0.2673	0.1649
2302	9	Eat	11	6	0.2648	0.1658
2303	9	Eat	11	6	0.2623	0.1667
2304	9	Eat	11	6	0.2599	0.1675
2305	9	Eat	11	6	0.2574	0.1684
2306	9	Eat	11	6	0.2549	0.1693
2307	9	Eat	11	6	0.2524	0.1701
2308	9	Eat	11	6	0.2499	0.1710
2309	9	Eat	11	6	0.2474	0.1718
2310	9	Eat	11	6	0.2450	0.1727
2311	9	Eat	11	6	0.2425	0.1735
2312	9	Eat	11	6	0.2400	0.1743
2313	9	Eat	11	6	0.2375	0.1752
2314	9	Eat	11	6	0.2350	0.1760
2315	9	Eat	11	6	0.2325	0.1769
2316	9	Eat	11	6	0.2300	0.1777
2317	9	Eat	11	6	0.2275	0.1785
2318	9	Eat	11	6	0.2251	0.1793
2319	9	Eat	11	6	0.2226	0.1802
2320	9	Eat	11	6	0.2201	0.1810
2321	9	Eat	11	6	0.2176	0.1818
2322	9	Eat	11	6	0.2151	0.1826
2323	9	Eat	11	6	0.2126	0.1834
2324	9	Eat	11	6	0.2101	0.1842
2325	9	Eat	11	6	0.2076	0.1850
2326	9	Eat	11	6	0.2051	0.1858
2327	9	Eat	11	6	0.2026	0.1866
2328	9	Eat	11	6	0.2026	0.1866
2329	9	Eat	11	6	0.2026	0.1866
2330	9	Eat	11	6	0.2026	0.1866
2331	9	Eat	11	6	0.2026	0.1866
2332	9	Eat	11	6	0.2026	0.1866
2333	9	Eat	11	6	0.2026	0.1866
2334	9	Eat	11	6	0.2026	0.1866
2335	9	Eat	11	6	0.2026	0.1866
2336	9	Eat	11	6	0.2026	0.1866
2337	9	Eat	11	6	0.2026	0.1866
2338	9	Eat	11	6	0.2026	0.1866
2339	9	Eat	11	6	0.2026	0.1866
2340	9	Eat	11	6	0.2026	0.1866
2341	9	Eat	11	6	0.2026	0.1866
2342	9	Eat	11	6	0.2026	0.1866
2343	9	Eat	11	6	0.2026	0.1866
2344	9	Eat	11	6	0.2026	0.1866
2345	9	Eat	11	6	0.2026	0.1866
2346	9	Eat	11	6	0.2026	0.1866
2347	9	Eat	11	6	0.2026	0.1866
2348	9	Eat	11	6	0.2026	0.1866
2349	9	Eat	11	6	0.2026	0.1866
2350	9	Eat	11	6	0.2026	0.1866
2351	9	Eat	11	6	0.2026	0.1866
2352	9	Eat	11	6	0.2026	0.1866
2353	9	Eat	11	6	0.2026	0.1866
2354	9	Eat	11	6	0.2026	0.1866
2355	9	Eat	11	6	0.2026	0.1866
2356	9	Eat	11	6	0.2026	0.1866
2357	9	Eat	11	6	0.2026	0.1866
2358	9	Eat	11	6	0.2026	0.1866
2359	9	Eat	11	6	0.2026	0.1866
2360	9	Eat	11	6	0.2026	0.1866
2361	9	Eat	11	6	0.2026	0.1866
2362	9	Eat	11	6	0.2026	0.1866
2363	9	Eat	11	6	0.2026	0.1866
2364	9	Eat	11	6	0.2026	0.1866
2365	9	Eat	11	6	0.2026	0.1866
2366	9	Eat	11	6	0.2026	0.1866
2367	9	Eat	11	6	0.2026	0.1866
2368	9	Eat	11	6	0.2026	0.1866
2369	9	Eat	11	6	0.2026	0.1866
2370	9	Eat	11	6	0.2026	0.1866
2371	9	Eat	11	6	0.2026	0.1866
2372	9	Eat	11	6	0.2026	0.1866
2373	9	Eat	11	6	0.2026	0.1866
2374	9	Eat	11	6	0.2026	0.1866
2375	9	Eat	11	6	0.2026	0.1866
2376	9	Eat	11	6	0.2026	0.1866
2377	9	Eat	11	6	0.2026	0.1866
2378	9	Eat	11	6	0.2026	0.1866
2379	9	Eat	11	6	0.2026	0.1866
2380	9	Eat	11	6	0.2026	0.1866
2381	9	Eat	11	6	0.2026	0.1866
2382	9	Eat	11	6	0.2026	0.1866
2383	9	Eat	11	6	0.2026	0.1866
2384	9	Eat	11	6	0.2026	0.1866
2385	9	Eat	11	6	0.2026	0.1866
2386	9	Eat	11	6	0.2026	0.1866
2387	9	Eat	11	6	0.2026	0.1866
2388	9	Eat	11	6	0.2026	0.1866
2389	9	Eat	11	6	0.2026	0.1866
2390	9	Eat	11	6	0.2026	0.1866
2391	9	Eat	11	6	0.2026	0.1866
2392	9	Eat	11	6	0.2026	0.1866
2393	9	Eat	11	6	0.2026	0.1866
2394	9	Eat	11	6	0.2026	0.1866
2395	9	Eat	11	6	0.2026	0.1866
2396	9	Eat	11	6	0.2026	0.1866
2397	9	Eat	11	6	0.2026	0.1866
2398	9	Eat	11	6	0.2026	0.1866
2399	9	Eat	11	6	0.2026	0.1866
2400	9	Eat	11	6	0.2026	0.1866
2401	9	Eat	11	6	0.2026	0.1866
2402	9	Eat	11	6	0.2026	0.1866
2403	9	Eat	11	6	0.2026	0.1866
2404	9	Eat	11	6	0.2026	0.1866
2405	9	Eat	11	6	0.2026	0.1866
2406	9	Eat	11	6	0.2026	0.1866
2407	9	Eat	11	6	0.2026	0.1866
2408	9	Eat	11	6	0.2026	0.1866
2409	9	Eat	11	6	0.2026	0.1866
2410	9	Eat	11	6	0.2026	0.1866
2411	9	Eat	11	6	0.2026	0.1866
2412	9	Eat	11	6	0.2026	0.1866
2413	9	Eat	11	6	0.2026	0.1866
2414	9	Eat	11	6	0.2026	0.1866
2415	9	Eat	11	6	0.2026	0.1866
2416	9	Eat	11	6	0.2026	0.1866
2417	9	Eat	11	6	0.2026	0.1866
2418	9	Eat	11	6	0.2026	0.1866
2419	9	Eat	11	6	0.2026	0.1866
2420	9	Eat	11	6	0.2026	0.1866
2421	9	Eat	11	6	0.2026	0.1866
2422	9	Eat	11	6	0.2026	0.1866
2423	9	Eat	11	6	0.2026	0.1866
2424	9	Eat	11	6	0.2026	0.1866
2425	9	Eat	11	6	0.2026	0.1866
2426	9	Eat	11	6	0.2026	0.1866
2427	9	Eat	11	6	0.2026	0.1866
2428	9	Eat	11	6	0.2026	0.1866
2429	9	Eat	11	6	0.2026	0.1866
2430	9	Eat	11	6	0.2026	0.1866
2431	9	Eat	11	6	0.2026	0.1866
2432	9	Eat	11	6	0.2026	0.1866
2433	9	Eat	11	6	0.2026	0.1866
2434	9	Eat	11	6	0.2026	0.1866
2435	9	Eat	11	6	0.2026	0.1866
2436	9	Eat	11	6	0.2026	0.1866
2437	9	Eat	11	6	0.2026	0.1866
2438	9	Eat	11	6	0.2026	0.1866
2439	9	Eat	11	6	0.2026	0.1866
2440	9	Eat	11	6	0.2026	0.1866
2441	9	Eat	11	6	0.2026	0.1866
2442	9	Eat	11	6	0.2026	0.1866
2443	9	Eat	11	6	0.2026	0.1866
2444	9	Eat	11	6	0.2026	0.1866
2445	9	Eat	11	6	0.2026	0.1866
2446	9	Eat	11	6	0.2026	0.1866
2447	9	Eat	11	6	0.2026	0.1866
2448	9	Eat	11	6	0.2026	0.1866
2449	9	Eat	11	6	0.2026	0.1866
2450	9	Eat	11	6	0.2026	0.1866
2451	9	Eat	11	6	0.2026	0.1866
2452	9	Eat	11	6	0.2026	0.1866
2453	9	Eat	11	6	0.2026	0.1866
2454	9	Eat	11	6	0.2026	0.1866
2455	9	Eat	11	6	0.2026	0.1866
2456	9	Eat	11	6	0.2026	0.1866
2457	9	Eat	11	6	0.2026	0.1866
2458	9	Eat	11	6	0.2026	0.1866
2459	9	Eat	11	6	0.2026	0.1866
2460	9	Eat	11	6	0.2026	0.1866
2461	9	Eat	11	6	0.2026	0.1866
2462	9	Eat	11	6	0.2026	0.1866
2463	9	Eat	11	6	0.2026	0.1866
2464	9	Eat	11	6	0.2026	0.1866
2465	9	Eat	11	6	0.2026	0.1866
2466	9	Eat	11	6	0.2026	0.1866
2467	9	Eat	11	6	0.2026	0.1866
2468	9	Eat	11	6	0.2026	0.1866
2469	9	Eat	11	6	0.2026	0.1866
2470	9	Eat	11	6	0.2026	0.1866
2471	9	Eat	11	6	0.2026	0.1866
2472	9	Eat	11	6	0.2026	0.1866
2473	9	Eat	11	6	0.2026	0.1866
2474	9	Eat	11	6	0.2026	0.1866
2475	9	Eat	11	6	0.2026	0.1866
2476	9	Eat	11	6	0.2026	0.1866
2477	9	Eat	11	6	0.2026	0.1866
2478	9	Eat	11	6	0.2026	0.1866
2479	9	Eat	11	6	0.2026	0.1866
2480	9	Eat	11	6	0.2026	0.1866
2481	9	Eat	11	6	0.2026	0.1866
2482	9	Eat	11	6	0.2026	0.1866
2483	9	Eat	11	6	0.2026	0.1866
2484	9	Eat	11	6	0.2026	0.1866
2485	9	Eat	11	6	0.2026	0.1866
2486	9	Eat	11	6	0.2026	0.1866
2487	9	Explore	11	0	0.2026	0.1866
2488	10	Explore	10	1	0.2001	0.1874
2489	10	Explore	10	1	0.1976	0.1882
2490	10	Explore	10	1	0.1951	0.1890
2491	10	Explore	10	1	0.1926	0.1898
2492	10	Explore	10	1	0.1901	0.1906
2493	10	Explore	10	1	0.1901	0.1906
2494	10	Explore	10	1	0.1901	0.1906
2495	10	Explore	10	1	0.1901	0.1907
2496	10	Explore	10	1	0.1901	0.1907
2497	10	Explore	10	1	0.1901	0.1907
2498	10	Explore	10	1	0.1902	0.1907
2499	10	Explore	10	1	0.1902	0.1907
2500	10	Explore	10	1	0.1902	0.1908
2501	10	Explore	10	1	0.1902	0.1908
2502	10	Explore	10	1	0.1902	0.1908
2503	10	Explore	10	1	0.1902	0.1908
2504	10	Explore	10	1	0.1902	0.1908
2505	10	Explore	10	1	0.1903	0.1908
2506	10	Explore	10	1	0.1903	0.1908
2507	10	Explore	10	1	0.1903	0.1909
2508	10	Explore	10	1	0.1903	0.1909
2509	10	Explore	10	1	0.1903	0.1909
2510	10	Explore	10	1	0.1903	0.1909
2511	10	Explore	10	1	0.1904	0.1909
2512	10	Explore	10	1	0.1904	0.1909
2513	10	Explore	10	1	0.1904	0.1909
2514	10	Explore	10	1	0.1904	0.1909
2515	10	Explore	10	1	0.1904	0.1910
2516	10	Explore	10	1	0.1905	0.1910
2517	10	Explore	10	1	0.1896	0.1935
2518	10	Explore	10	1	0.1887	0.1959
2519	10	Explore	10	1	0.1879	0.1984
2520	10	Explore	10	1	0.1870	0.2009
2521	10	Explore	10	1	0.1862	0.2034
2522	10	Explore	10	1	0.1853	0.2059
2523	10	Explore	10	1	0.1845	0.2084
2524	10	Explore	10	1	0.1836	0.2108
2525	10	Explore	10	1	0.1828	0.2133
2526	10	Explore	10	1	0.1819	0.2158
2527	10	Explore	10	1	0.1811	0.2183
2528	10	Explore	10	1	0.1802	0.2208
2529	10	Explore	10	1	0.1794	0.2233
2530	10	Explore	10	1	0.1785	0.2257
2531	10	Explore	10	1	0.1777	0.2282
2532	10	Explore	10	1	0.1768	0.2307
2533	10	Explore	10	1	0.1760	0.2332
2534	10	Explore	10	1	0.1751	0.2357
2535	10	Explore	10	1	0.1743	0.2382
2536	10	Explore	10	1	0.1734	0.2406
2537	10	Explore	10	1	0.1726	0.2431
2538	10	Explore	10	1	0.1717	0.2456
2539	10	Explore	10	1	0.1709	0.2481
2540	10	Explore	10	1	0.1700	0.2506
2541	10	Explore	10	1	0.1692	0.2531
2542	10	Explore	10	1	0.1683	0.2555
2543	10	Explore	10	1	0.1675	0.2580
2544	10	Explore	10	1	0.1666	0.2605
2545	10	Explore	10	1	0.1658	0.2630
2546	10	Explore	10	1	0.1649	0.2655
2547	10	Explore	10	1	0.1641	0.2680
2548	10	Explore	10	1	0.1632	0.2704
2549	10	Explore	10	1	0.1624	0.2729
2550	10	Explore	10	1	0.1615	0.2754
2551	10	Explore	10	1	0.1607	0.2779
2552	10	Explore	10	1	0.1598	0.2804
2553	10	Explore	10	1	0.1590	0.2828
2554	10	Explore	10	1	0.1589	0.2829
2555	10	Explore	10	1	0.1589	0.2828
2556	10	Explore	10	1	0.1589	0.2828
2557	10	Explore	10	1	0.1589	0.2828
2558	10	Explore	10	1	0.1589	0.2828
2559	10	Explore	10	1	0.1588	0.2828
2560	10	Explore	10	1	0.1588	0.2828
2561	10	Explore	10	1	0.1588	0.2828
2562	10	Explore	10	1	0.1588	0.2827
2563	10	Explore	10	1	0.1588	0.2827
2564	10	Explore	10	1	0.1588	0.2827
2565	10	Explore	10	1	0.1587	0.2827
2566	10	Explore	10	1	0.1587	0.2827
2567	10	Explore	10	1	0.1587	0.2827
2568	10	Explore	10	1	0.1587	0.2826
2569	10	Explore	10	1	0.1587	0.2826
2570	10	Explore	10	1	0.1587	0.2826
2571	10	Explore	10	1	0.1587	0.2826
2572	10	Explore	10	1	0.1586	0.2826
2573	10	Explore	10	1	0.1586	0.2826
2574	10	Explore	10	1	0.1563	0.2837
2575	10	Explore	10	1	0.1539	0.2849
2576	10	Explore	10	1	0.1516	0.2861
2577	10	Explore	10	1	0.1492	0.2873
2578	10	Explore	10	1	0.1469	0.2884
2579	10	Explore	10	1	0.1445	0.2896
2580	10	Explore	10	1	0.1422	0.2908
2581	10	Explore	10	1	0.1398	0.2920
2582	10	Explore	10	1	0.1375	0.2931
2583	10	Explore	10	1	0.1352	0.2943
2584	10	Explore	10	1	0.1328	0.2955
2585	10	Explore	10	1	0.1305	0.2967
2586	10	Explore	10	1	0.1281	0.2978
2587	10	Explore	10	1	0.1258	0.2990
2588	10	Explore	10	1	0.1234	0.3002
2589	10	Explore	10	1	0.1211	0.3014
2590	10	Explore	10	1	0.1211	0.3014
2591	10	Explore	10	1	0.1211	0.3014
2592	10	Explore	10	1	0.1211	0.3014
2593	10	Explore	10	1	0.1211	0.3014
2594	10	Explore	10	1	0.1211	0.3015
2595	10	Explore	10	1	0.1211	0.3015
2596	10	Explore	10	1	0.1212	0.3015
2597	10	Explore	10	1	0.1212	0.3015
2598	10	Explore	10	1	0.1212	0.3015
2599	10	Explore	10	1	0.1212	0.3015
2600	10	Explore	10	1	0.1212	0.3015
2601	10	Explore	10	1	0.1212	0.3016
2602	10	Explore	10	1	0.1212	0.3016
2603	10	Explore	10	1	0.1213	0.3016
2604	10	Explore	10	1	0.1199	0.3038
2605	10	Explore	10	1	0.1185	0.3060
2606	10	Explore	10	1	0.1171	0.3082
2607	10	Explore	10	1	0.1157	0.3105
2608	10	Explore	10	1	0.1142	0.3127
2609	10	Explore	10	1	0.1128	0.3149
2610	10	Explore	10	1	0.1114	0.3171
2611	10	Explore	10	1	0.1100	0.3193
2612	10	Explore	10	1	0.1086	0.3215
2613	10	Explore	10	1	0.1072	0.3238
2614	10	Explore	10	1	0.1058	0.3260
2615	10	Explore	10	1	0.1044	0.3282
2616	10	Explore	10	1	0.1030	0.3304
2617	10	Explore	10	1	0.1016	0.3326
2618	10	Explore	10	1	0.1002	0.3349
2619	10	Explore	10	1	0.0988	0.3371
2620	10	Explore	10	1	0.0974	0.3393
2621	10	Explore	10	1	0.0960	0.3415
2622	10	Explore	10	1	0.0946	0.3437
2623	10	Explore	10	1	0.0932	0.3460
2624	10	Explore	10	1	0.0918	0.3482
2625	10	Explore	10	1	0.0904	0.3504
2626	10	Explore	10	1	0.0890	0.3526
2627	10	Explore	10	1	0.0876	0.3548
2628	10	Explore	10	1	0.0862	0.3570
2629	10	Explore	10	1	0.0848	0.3593
2630	10	Explore	10	1	0.0834	0.3615
2631	10	Explore	10	1	0.0820	0.3637
2632	10	Explore	10	1	0.0806	0.3659
2633	10	Explore	10	1	0.0792	0.3681
2634	10	Explore	10	1	0.0778	0.3704
2635	10	Explore	10	1	0.0764	0.3726
2636	10	Explore	10	1	0.0764	0.3726
2637	10	Explore	10	1	0.0764	0.3726
2638	10	Explore	10	1	0.0764	0.3726
2639	10	Explore	10	1	0.0764	0.3726
2640	10	Explore	10	1	0.0765	0.3726
2641	10	Explore	10	1	0.0765	0.3726
2642	10	Explore	10	1	0.0765	0.3726
2643	10	Explore	10	1	0.0765	0.3726
2644	10	Explore	10	1	0.0765	0.3726
2645	10	Explore	10	1	0.0766	0.3726
2646	10	Explore	10	1	0.0766	0.3726
2647	10	Explore	10	1	0.0766	0.3726
2648	10	Explore	10	1	0.0766	0.3726
2649	10	Explore	10	1	0.0765	0.3752
2650	10	Explore	10	1	0.0763	0.3778
2651	10	Explore	10	1	0.0762	0.3805
2652	10	Explore	10	1	0.0760	0.3831
2653	10	Explore	10	1	0.0759	0.3857
2654	10	Explore	10	1	0.0757	0.3883
2655	10	Explore	10	1	0.0756	0.3909
2656	10	Explore	10	1	0.0754	0.3936
2657	10	Explore	10	1	0.0753	0.3962
2658	10	Explore	10	1	0.0751	0.3988
2659	10	Explore	10	1	0.0750	0.4014
2660	10	Explore	10	1	0.0748	0.4040
2661	10	Explore	10	1	0.0747	0.4067
2662	10	Explore	10	1	0.0745	0.4093
2663	10	Explore	10	1	0.0744	0.4119
2664	10	Explore	10	1	0.0744	0.4119
2665	10	Explore	10	1	0.0744	0.4119
2666	10	Explore	10	1	0.0744	0.4119
2667	10	Explore	10	1	0.0745	0.4119
2668	10	Explore	10	1	0.0745	0.4119
2669	10	Explore	10	1	0.0745	0.4119
2670	10	Explore	10	1	0.0745	0.4119
2671	10	Explore	10	1	0.0745	0.4119
2672	10	Explore	10	1	0.0746	0.4118
2673	10	Explore	10	1	0.0746	0.4118
2674	10	Explore	10	1	0.0746	0.4118
2675	10	Explore	10	1	0.0746	0.4118
2676	10	Explore	10	1	0.0746	0.4118
2677	10	Explore	10	1	0.0747	0.4118
2678	10	Explore	10	1	0.0747	0.4118
2679	10	Explore	10	1	0.0747	0.4117
2680	10	Explore	10	1	0.0747	0.4117
2681	10	Explore	10	1	0.0747	0.4117
2682	10	Explore	10	1	0.0747	0.4117
2683	10	Explore	10	1	0.0748	0.4117
2684	10	Explore	10	1	0.0748	0.4117
2685	10	Explore	10	1	0.0748	0.4117
2686	10	Explore	10	1	0.0748	0.4116
2687	10	Explore	10	1	0.0768	0.4134
2688	10	Explore	10	1	0.0787	0.4152
2689	10	Explore	10	1	0.0806	0.4169
2690	10	Explore	10	1	0.0826	0.4187
2691	10	Explore	10	1	0.0845	0.4204
2692	10	Explore	10	1	0.0865	0.4222
2693	10	Explore	10	1	0.0884	0.4240
2694	10	Explore	10	1	0.0904	0.4257
2695	10	Explore	10	1	0.0923	0.4275
2696	10	Explore	10	1	0.0943	0.4292
2697	10	Explore	10	1	0.0962	0.4310
2698	10	Explore	10	1	0.0982	0.4328
2699	10	Explore	10	1	0.1001	0.4345
2700	10	Explore	10	1	0.1021	0.4363
2701	10	Explore	10	1	0.1040	0.4380
2702	10	Explore	10	1	0.1060	0.4398
2703	10	Explore	10	1	0.1079	0.4416
2704	10	Explore	10	1	0.1099	0.4433
2705	10	Explore	10	1	0.1118	0.4451
2706	10	Explore	10	1	0.1138	0.4468
2707	10	Explore	10	1	0.1157	0.4486
2708	10	Explore	10	1	0.1176	0.4504
2709	10	Explore	10	1	0.1196	0.4521
2710	10	Explore	10	1	0.1215	0.4539
2711	10	Explore	10	1	0.1235	0.4556
2712	10	Explore	10	1	0.1235	0.4556
2713	10	Explore	10	1	0.1235	0.4556
2714	10	Explore	10	1	0.1235	0.4556
2715	10	Explore	10	1	0.1236	0.4556
2716	10	Explore	10	1	0.1236	0.4556
2717	10	Explore	10	1	0.1258	0.4569
2718	10	Explore	10	1	0.1258	0.4569
2719	10	Explore	10	1	0.1258	0.4569
2720	10	Explore	10	1	0.1259	0.4569
2721	10	Explore	10	1	0.1259	0.4568
2722	10	Explore	10	1	0.1259	0.4568
2723	10	Explore	10	1	0.1259	0.4568
2724	10	Explore	10	1	0.1259	0.4568
2725	10	Explore	10	1	0.1259	0.4568
2726	10	Explore	10	1	0.1260	0.4567
2727	10	Explore	10	1	0.1260	0.4567
2728	10	Explore	10	1	0.1260	0.4567
2729	10	Explore	10	1	0.1260	0.4567
2730	10	Explore	10	1	0.1260	0.4567
2731	10	Explore	10	1	0.1260	0.4566
2732	10	Explore	10	1	0.1286	0.4566
2733	10	Explore	10	1	0.1313	0.4566
2734	10	Explore	10	1	0.1339	0.4566
2735	10	Explore	10	1	0.1365	0.4566
2736	10	Explore	10	1	0.1391	0.4566
2737	10	Explore	10	1	0.1418	0.4566
2738	10	Explore	10	1	0.1444	0.4565
2739	10	Explore	10	1	0.1470	0.4565
2740	10	Explore	10	1	0.1496	0.4565
2741	10	Explore	10	1	0.1523	0.4565
2742	10	Explore	10	1	0.1549	0.4565
2743	10	Explore	10	1	0.1575	0.4565
2744	10	Explore	10	1	0.1575	0.4565
2745	10	Explore	10	1	0.1575	0.4564
2746	10	Explore	10	1	0.1575	0.4564
2747	10	Explore	10	1	0.1575	0.4564
2748	10	Explore	10	1	0.1574	0.4564
2749	10	Explore	10	1	0.1574	0.4564
2750	10	Explore	10	1	0.1574	0.4563
2751	10	Explore	10	1	0.1574	0.4563
2752	10	Explore	10	1	0.1573	0.4563
2753	10	Explore	10	1	0.1573	0.4563
2754	10	Explore	10	1	0.1573	0.4563
2755	10	Explore	10	1	0.1573	0.4562
2756	10	Explore	10	1	0.1573	0.4562
2757	10	Explore	10	1	0.1573	0.4562
2758	10	Explore	10	1	0.1573	0.4562
2759	10	Explore	10	1	0.1572	0.4562
2760	10	Explore	10	1	0.1572	0.4562
2761	10	Explore	10	1	0.1572	0.4561
2762	10	Explore	10	1	0.1572	0.4561
2763	10	Explore	10	1	0.1572	0.4561
2764	10	Explore	10	1	0.1572	0.4561
2765	10	Explore	10	1	0.1572	0.4561
2766	10	Explore	10	1	0.1571	0.4561
2767	10	Explore	10	1	0.1571	0.4560
2768	10	Explore	10	1	0.1571	0.4560
2769	10	Explore	10	1	0.1571	0.4560
2770	10	Explore	10	1	0.1571	0.4560
2771	10	Explore	10	1	0.1571	0.4560
2772	10	Explore	10	1	0.1570	0.4560
2773	10	Explore	10	1	0.1582	0.4536
2774	10	Explore	10	1	0.1593	0.4512
2775	10	Explore	10	1	0.1604	0.4488
2776	10	Explore	10	1	0.1615	0.4465
2777	10	Explore	10	1	0.1626	0.4441
2778	10	Explore	10	1	0.1637	0.4417
2779	10	Explore	10	1	0.1648	0.4393
2780	10	Explore	10	1	0.1659	0.4369
2781	10	Explore	10	1	0.1670	0.4346
2782	10	Explore	10	1	0.1681	0.4322
2783	10	Explore	10	1	0.1693	0.4298
2784	10	Explore	10	1	0.1704	0.4274
2785	10	Explore	10	1	0.1715	0.4250
2786	10	Explore	10	1	0.1726	0.4227
2787	10	Explore	10	1	0.1737	0.4203
2788	10	Explore	10	1	0.1748	0.4179
2789	10	Explore	10	1	0.1759	0.4155
2790	10	Explore	10	1	0.1770	0.4132
2791	10	Explore	10	1	0.1781	0.4108
2792	10	Explore	10	1	0.1792	0.4084
2793	10	Explore	10	1	0.1804	0.4060
2794	10	Explore	10	1	0.1815	0.4036
2795	10	Explore	10	1	0.1826	0.4013
2796	10	Explore	10	1	0.1837	0.3989
2797	10	Explore	10	1	0.1848	0.3965
2798	10	Explore	10	1	0.1859	0.3941
2799	10	Explore	10	1	0.1870	0.3918
2800	10	Explore	10	1	0.1881	0.3894
2801	10	Explore	10	1	0.1892	0.3870
2802	10	Explore	10	1	0.1903	0.3846
2803	10	Explore	10	1	0.1915	0.3822
2804	10	Explore	10	1	0.1926	0.3799
2805	10	Explore	10	1	0.1937	0.3775
2806	10	Explore	10	1	0.1937	0.3775
2807	10	Explore	10	1	0.1937	0.3775
2808	10	Explore	10	1	0.1937	0.3775
2809	10	Explore	10	1	0.1938	0.3775
2810	10	Explore	10	1	0.1938	0.3775
2811	10	Explore	10	1	0.1938	0.3776
2812	10	Explore	10	1	0.1938	0.3776
2813	10	Explore	10	1	0.1938	0.3776
2814	10	Explore	10	1	0.1938	0.3776
2815	10	Explore	10	1	0.1938	0.3776
2816	10	Explore	10	1	0.1939	0.3776
2817	10	Explore	10	1	0.1939	0.3776
2818	10	Explore	10	1	0.1939	0.3777
2819	10	Explore	10	1	0.1939	0.3777
2820	10	Explore	10	1	0.1939	0.3777
2821	10	Explore	10	1	0.1939	0.3777
2822	10	Explore	10	1	0.1939	0.3777
2823	10	Explore	10	1	0.1940	0.3778
2824	10	Explore	10	1	0.1963	0.3766
2825	10	Explore	10	1	0.1987	0.3755
2826	10	Explore	10	1	0.2011	0.3744
2827	10	Explore	10	1	0.2035	0.3733
2828	10	Explore	10	1	0.2058	0.3722
2829	10	Explore	10	1	0.2082	0.3711
2830	10	Explore	10	1	0.2106	0.3700
2831	10	Explore	10	1	0.2130	0.3689
2832	10	Explore	10	1	0.2154	0.3678
2833	10	Explore	10	1	0.2177	0.3667
2834	10	Explore	10	1	0.2201	0.3656
2835	10	Explore	10	1	0.2225	0.3645
2836	10	Explore	10	1	0.2249	0.3634
2837	10	Explore	10	1	0.2273	0.3622
2838	10	Explore	10	1	0.2296	0.3611
2839	10	Explore	10	1	0.2320	0.3600
2840	10	Explore	10	1	0.2344	0.3589
2841	10	Explore	10	1	0.2368	0.3578
2842	10	Explore	10	1	0.2392	0.3567
2843	10	Explore	10	1	0.2415	0.3556
2844	10	Explore	10	1	0.2439	0.3545
2845	10	Explore	10	1	0.2463	0.3534
2846	10	Explore	10	1	0.2487	0.3523
2847	10	Explore	10	1	0.2511	0.3512
2848	10	Explore	10	1	0.2534	0.3501
2849	10	Explore	10	1	0.2558	0.3490
2850	10	Explore	10	1	0.2582	0.3478
2851	10	Explore	10	1	0.2606	0.3467
2852	10	Explore	10	1	0.2630	0.3456
2853	10	Explore	10	1	0.2653	0.3445
2854	10	Explore	10	1	0.2677	0.3434
2855	10	Explore	10	1	0.2701	0.3423
2856	10	Explore	10	1	0.2725	0.3412
2857	10	Explore	10	1	0.2749	0.3401
2858	10	Explore	10	1	0.2772	0.3390
2859	10	Explore	10	1	0.2796	0.3379
2860	10	Explore	10	1	0.2820	0.3368
2861	10	Explore	10	1	0.2844	0.3357
2862	10	Explore	10	1	0.2868	0.3346
2863	10	Explore	10	1	0.2891	0.3334
2864	10	Explore	10	1	0.2915	0.3323
2865	10	Explore	10	1	0.2939	0.3312
2866	10	Explore	10	1	0.2963	0.3301
2867	10	Explore	10	1	0.2987	0.3290
2868	10	Explore	10	1	0.3010	0.3279
2869	10	Explore	10	1	0.3034	0.3268
2870	10	Explore	10	1	0.3058	0.3257
2871	10	Explore	10	1	0.3082	0.3246
2872	10	Explore	10	1	0.3106	0.3235
2873	10	Explore	10	1	0.3129	0.3224
2874	10	Explore	10	1	0.3153	0.3213
2875	10	Explore	10	1	0.3177	0.3202
2876	10	Explore	10	1	0.3201	0.3190
2877	10	Explore	10	1	0.3225	0.3179
2878	10	Explore	10	1	0.3248	0.3168
2879	10	Explore	10	1	0.3272	0.3157
2880	10	Explore	10	1	0.3296	0.3146
2881	10	Explore	10	1	0.3296	0.3146
2882	10	Explore	10	1	0.3296	0.3147
2883	10	Explore	10	1	0.3297	0.3147
2884	10	Explore	10	1	0.3297	0.3147
2885	10	Explore	10	1	0.3297	0.3147
2886	10	Explore	10	1	0.3297	0.3147
2887	10	Explore	10	1	0.3298	0.3148
2888	10	Explore	10	1	0.3298	0.3148
2889	10	Explore	10	1	0.3298	0.3148
2890	10	Explore	10	1	0.3298	0.3148
2891	10	Explore	10	1	0.3298	0.3148
2892	10	Explore	10	1	0.3298	0.3149
2893	10	Explore	10	1	0.3298	0.3149
2894	10	Explore	10	1	0.3298	0.3149
2895	10	Explore	10	1	0.3298	0.3149
2896	10	Explore	10	1	0.3298	0.3149
2897	10	Explore	10	1	0.3298	0.3150
2898	10	Explore	10	1	0.3298	0.3150
2899	10	Explore	10	1	0.3298	0.3150
2900	10	Explore	10	1	0.3323	0.3158
2901	10	Explore	10	1	0.3348	0.3166
2902	10	Explore	10	1	0.3373	0.3174
2903	10	Explore	10	1	0.3398	0.3182
2904	10	Explore	10	1	0.3423	0.3190
2905	10	Explore	10	1	0.3448	0.3198
2906	10	Explore	10	1	0.3473	0.3206
2907	10	Explore	10	1	0.3498	0.3214
2908	10	Explore	10	1	0.3523	0.3221
2909	10	Explore	10	1	0.3548	0.3229
2910	10	Explore	10	1	0.3573	0.3237
2911	10	Explore	10	1	0.3598	0.3245
2912	10	Explore	10	1	0.3623	0.3253
2913	10	Explore	10	1	0.3648	0.3261
2914	10	Explore	10	1	0.3673	0.3269
2915	10	Explore	10	1	0.3698	0.3277
2916	10	Explore	10	1	0.3723	0.3285
2917	10	Explore	10	1	0.3748	0.3293
2918	10	Explore	10	1	0.3773	0.3301
2919	10	Explore	10	1	0.3798	0.3309
2920	10	Explore	10	1	0.3823	0.3317
2921	10	Explore	10	1	0.3848	0.3325
2922	10	Explore	10	1	0.3873	0.3333
2923	10	Explore	10	1	0.3898	0.3341
2924	10	Explore	10	1	0.3923	0.3348
2925	10	Explore	10	1	0.3948	0.3356
2926	10	Explore	10	1	0.3973	0.3364
2927	10	Explore	10	1	0.3998	0.3372
2928	10	Explore	10	1	0.4023	0.3380
2929	10	Explore	10	1	0.4048	0.3388
2930	10	Explore	10	1	0.4074	0.3396
2931	10	Explore	10	1	0.4099	0.3404
2932	10	Explore	10	1	0.4124	0.3412
2933	10	Explore	10	1	0.4149	0.3420
2934	10	Explore	10	1	0.4174	0.3428
2935	10	Explore	10	1	0.4174	0.3428
2936	10	Explore	10	1	0.4174	0.3427
2937	10	Explore	10	1	0.4174	0.3427
2938	10	Explore	10	1	0.4174	0.3427
2939	10	Explore	10	1	0.4174	0.3427
2940	10	Explore	10	1	0.4174	0.3427
2941	10	Explore	10	1	0.4175	0.3426
2942	10	Explore	10	1	0.4175	0.3426
2943	10	Explore	10	1	0.4174	0.3426
2944	10	Explore	10	1	0.4174	0.3426
2945	10	Explore	10	1	0.4174	0.3426
2946	10	Explore	10	1	0.4174	0.3425
2947	10	Explore	10	1	0.4174	0.3425
2948	10	Explore	10	1	0.4174	0.3425
2949	10	Explore	10	1	0.4173	0.3425
2950	10	Explore	10	1	0.4173	0.3425
2951	10	Explore	10	1	0.4173	0.3424
2952	10	Explore	10	1	0.4173	0.3424
2953	10	Explore	10	1	0.4173	0.3424
2954	10	Explore	10	1	0.4172	0.3424
2955	10	Explore	10	1	0.4172	0.3424
2956	10	Explore	10	1	0.4172	0.3423
2957	10	Explore	10	1	0.4172	0.3423
2958	10	Explore	10	1	0.4172	0.3423
2959	10	Explore	10	1	0.4172	0.3423
2960	10	Explore	10	1	0.4172	0.3423
2961	10	Explore	10	1	0.4192	0.3406
2962	10	Explore	10	1	0.4212	0.3389
2963	10	Explore	10	1	0.4232	0.3372
2964	10	Explore	10	1	0.4252	0.3355
2965	10	Explore	10	1	0.4272	0.3338
2966	10	Explore	10	1	0.4292	0.3321
2967	10	Explore	10	1	0.4312	0.3304
2968	10	Explore	10	1	0.4332	0.3287
2969	10	Explore	10	1	0.4352	0.3270
2970	10	Explore	10	1	0.4372	0.3253
2971	10	Explore	10	1	0.4391	0.3236
2972	10	Explore	10	1	0.4411	0.3219
2973	10	Explore	10	1	0.4431	0.3202
2974	10	Explore	10	1	0.4451	0.3185
2975	10	Explore	10	1	0.4471	0.3168
2976	10	Explore	10	1	0.4491	0.3151
2977	10	Explore	10	1	0.4511	0.3134
2978	10	Explore	10	1	0.4531	0.3117
2979	10	Explore	10	1	0.4551	0.3100
2980	10	Explore	10	1	0.4551	0.3099
2981	10	Explore	10	1	0.4551	0.3099
2982	10	Explore	10	1	0.4551	0.3099
2983	10	Explore	10	1	0.4551	0.3099
2984	10	Explore	10	1	0.4551	0.3099
2985	10	Explore	10	1	0.4551	0.3099
2986	10	Explore	10	1	0.4550	0.3098
2987	10	Explore	10	1	0.4565	0.3077
2988	10	Explore	10	1	0.4565	0.3076
2989	10	Explore	10	1	0.4565	0.3076
2990	10	Explore	10	1	0.4565	0.3076
2991	10	Explore	10	1	0.4564	0.3076
2992	10	Explore	10	1	0.4564	0.3076
2993	10	Explore	10	1	0.4564	0.3076
2994	10	Explore	10	1	0.4564	0.3075
2995	10	Explore	10	1	0.4564	0.3075
2996	10	Explore	10	1	0.4563	0.3075
2997	10	Explore	10	1	0.4563	0.3075
2998	10	Explore	10	1	0.4563	0.3075
2999	10	Explore	10	1	0.4563	0.3075
3000	10	Explore	10	1	0.4563	0.3074
3001	10	Explore	10	1	0.4562	0.3074
3002	10	Explore	10	1	0.4562	0.3074
3003	10	Explore	10	1	0.4562	0.3074
3004	10	Explore	10	1	0.4562	0.3074
3005	10	Explore	10	1	0.4562	0.3075
3006	10	Explore	10	1	0.4561	0.3075
3007	10	Explore	10	1	0.4561	0.3075
3008	10	Explore	10	1	0.4561	0.3076
3009	10	Explore	10	1	0.4561	0.3076
3010	10	Explore	10	1	0.4561	0.3076
3011	10	Explore	10	1	0.4560	0.3077
3012	10	Explore	10	1	0.4560	0.3077
3013	10	Explore	10	1	0.4560	0.3077
3014	10	Explore	10	1	0.4560	0.3077
3015	10	Explore	10	1	0.4560	0.3077
3016	10	Explore	10	1	0.4559	0.3078
3017	10	Explore	10	1	0.4559	0.3078
3018	10	Explore	10	1	0.4559	0.3078
3019	10	Explore	10	1	0.4559	0.3078
3020	10	Explore	10	1	0.4559	0.3078
3021	10	Explore	10	1	0.4559	0.3078
3022	10	Explore	10	1	0.4558	0.3078
