TimeStep	Transitions	State	FearLevel	HungerLevel	PosX	posZ
1351	11	Eat	9	4	-0.4484	0.1232
1352	11	Eat	9	4	-0.4467	0.1211
1353	11	Eat	9	4	-0.4450	0.1191
1354	11	Eat	9	4	-0.4433	0.1171
1355	11	Eat	9	4	-0.4416	0.1151
1356	11	Eat	9	4	-0.4398	0.1132
1357	11	Eat	9	4	-0.4380	0.1113
1358	11	Eat	9	4	-0.4362	0.1094
1359	11	Eat	9	4	-0.4343	0.1076
1360	11	Eat	9	4	-0.4324	0.1057
1361	11	Eat	9	4	-0.4305	0.1040
1362	11	Eat	9	4	-0.4286	0.1022
1363	11	Eat	9	4	-0.4266	0.1004
1364	11	Eat	9	4	-0.4246	0.0987
1365	11	Eat	9	4	-0.4226	0.0970
1366	11	Eat	9	4	-0.4206	0.0953
1367	11	Eat	9	4	-0.4186	0.0937
1368	11	Eat	9	4	-0.4165	0.0921
1369	11	Eat	9	4	-0.4144	0.0904
1370	11	Eat	9	4	-0.4123	0.0888
1371	11	Eat	9	4	-0.4102	0.0873
1372	11	Eat	9	4	-0.4081	0.0857
1373	11	Eat	9	4	-0.4060	0.0842
1374	11	Eat	9	4	-0.4039	0.0827
1375	11	Eat	9	4	-0.4017	0.0812
1376	11	Eat	9	4	-0.3995	0.0797
1377	11	Eat	9	4	-0.3974	0.0782
1378	11	Eat	9	4	-0.3952	0.0767
1379	11	Eat	9	4	-0.3930	0.0753
1380	11	Eat	9	4	-0.3908	0.0739
1381	11	Eat	9	4	-0.3886	0.0725
1382	11	Eat	9	4	-0.3864	0.0711
1383	11	Eat	9	4	-0.3841	0.0697
1384	11	Eat	9	4	-0.3819	0.0683
1385	11	Eat	9	4	-0.3796	0.0669
1386	11	Eat	9	4	-0.3774	0.0656
1387	11	Eat	9	4	-0.3751	0.0642
1388	11	Eat	9	4	-0.3729	0.0629
1389	11	Eat	9	4	-0.3706	0.0616
1390	11	Eat	9	4	-0.3683	0.0603
1391	11	Eat	9	4	-0.3661	0.0590
1392	11	Eat	9	4	-0.3638	0.0577
1393	11	Eat	9	4	-0.3615	0.0564
1394	11	Eat	9	4	-0.3592	0.0552
1395	11	Eat	9	4	-0.3569	0.0539
1396	11	Eat	9	4	-0.3546	0.0526
1397	11	Eat	9	4	-0.3523	0.0514
1398	11	Eat	9	4	-0.3499	0.0502
1399	11	Eat	9	4	-0.3476	0.0489
1400	11	Eat	9	4	-0.3453	0.0477
1401	11	Eat	9	4	-0.3430	0.0465
1402	11	Eat	9	4	-0.3406	0.0453
1403	11	Eat	9	4	-0.3383	0.0441
1404	11	Eat	9	4	-0.3360	0.0429
1405	11	Eat	9	4	-0.3336	0.0417
1406	11	Eat	9	4	-0.3313	0.0405
1407	11	Eat	9	4	-0.3289	0.0393
1408	11	Eat	9	4	-0.3266	0.0382
1409	11	Eat	9	4	-0.3242	0.0370
1410	11	Eat	9	4	-0.3219	0.0358
1411	11	Eat	9	4	-0.3195	0.0347
1412	11	Eat	9	4	-0.3172	0.0335
1413	11	Eat	9	4	-0.3148	0.0324
1414	11	Eat	9	4	-0.3124	0.0313
1415	11	Eat	9	4	-0.3101	0.0301
1416	11	Eat	9	4	-0.3077	0.0290
1417	11	Eat	9	4	-0.3053	0.0279
1418	11	Eat	9	4	-0.3030	0.0267
1419	11	Eat	9	4	-0.3006	0.0256
1420	11	Eat	9	4	-0.2982	0.0245
1421	11	Eat	9	4	-0.2958	0.0234
1422	11	Eat	9	4	-0.2935	0.0223
1423	11	Eat	9	4	-0.2911	0.0212
1424	11	Eat	9	4	-0.2887	0.0201
1425	11	Eat	9	4	-0.2863	0.0190
1426	11	Eat	9	4	-0.2839	0.0179
1427	11	Eat	9	4	-0.2815	0.0168
1428	11	Eat	9	4	-0.2791	0.0157
1429	11	Eat	9	4	-0.2767	0.0147
1430	11	Eat	9	4	-0.2743	0.0136
1431	11	Eat	9	4	-0.2719	0.0125
1432	11	Eat	9	4	-0.2695	0.0115
1433	11	Eat	9	4	-0.2672	0.0104
1434	11	Eat	9	4	-0.2648	0.0093
1435	11	Eat	9	4	-0.2623	0.0083
1436	11	Eat	9	4	-0.2599	0.0072
1437	11	Eat	9	4	-0.2575	0.0062
1438	11	Eat	9	4	-0.2551	0.0051
1439	11	Eat	9	4	-0.2527	0.0041
1440	11	Eat	9	4	-0.2503	0.0030
1441	11	Eat	9	4	-0.2479	0.0020
1442	11	Eat	9	4	-0.2455	0.0009
1443	11	Eat	9	4	-0.2431	-0.0001
1444	11	Eat	9	4	-0.2407	-0.0011
1445	11	Eat	9	4	-0.2383	-0.0022
1446	11	Eat	9	4	-0.2358	-0.0032
1447	11	Eat	9	4	-0.2334	-0.0042
1448	11	Eat	9	4	-0.2310	-0.0052
1449	11	Eat	9	4	-0.2286	-0.0063
1450	11	Eat	9	4	-0.2262	-0.0073
1451	11	Eat	9	4	-0.2237	-0.0083
1452	11	Eat	9	4	-0.2213	-0.0093
1453	11	Eat	9	4	-0.2189	-0.0103
1454	11	Eat	9	4	-0.2165	-0.0113
1455	11	Eat	9	4	-0.2140	-0.0123
1456	11	Eat	9	4	-0.2116	-0.0133
1457	11	Eat	9	4	-0.2116	-0.0133
1458	11	Eat	9	4	-0.2116	-0.0133
1459	11	Eat	9	4	-0.2116	-0.0133
1460	11	Eat	9	4	-0.2116	-0.0133
1461	11	Eat	9	4	-0.2116	-0.0133
1462	11	Eat	9	4	-0.2116	-0.0133
1463	11	Eat	9	4	-0.2116	-0.0133
1464	11	Eat	9	4	-0.2116	-0.0133
1465	11	Eat	9	4	-0.2116	-0.0133
1466	11	Eat	9	4	-0.2116	-0.0133
1467	11	Eat	9	4	-0.2116	-0.0133
1468	11	Eat	9	4	-0.2116	-0.0133
1469	11	Eat	9	4	-0.2116	-0.0133
1470	11	Eat	9	4	-0.2116	-0.0133
1471	11	Eat	9	4	-0.2116	-0.0133
1472	11	Eat	9	4	-0.2116	-0.0133
1473	11	Eat	9	4	-0.2116	-0.0133
1474	11	Eat	9	4	-0.2116	-0.0133
1475	11	Eat	9	4	-0.2116	-0.0133
1476	11	Eat	9	4	-0.2116	-0.0133
1477	11	Eat	9	4	-0.2116	-0.0133
1478	11	Eat	9	4	-0.2116	-0.0133
1479	11	Eat	9	4	-0.2116	-0.0133
1480	11	Eat	9	4	-0.2116	-0.0133
1481	11	Eat	9	4	-0.2116	-0.0133
1482	11	Eat	9	4	-0.2116	-0.0133
1483	11	Eat	9	4	-0.2116	-0.0133
1484	11	Eat	9	4	-0.2116	-0.0133
1485	11	Eat	9	4	-0.2116	-0.0133
1486	11	Eat	9	4	-0.2116	-0.0133
1487	11	Eat	9	4	-0.2116	-0.0133
1488	11	Eat	9	4	-0.2116	-0.0133
1489	11	Eat	9	4	-0.2116	-0.0133
1490	11	Eat	9	4	-0.2116	-0.0133
1491	11	Eat	9	4	-0.2116	-0.0133
1492	11	Eat	9	4	-0.2116	-0.0133
1493	11	Eat	9	4	-0.2116	-0.0133
1494	11	Eat	9	4	-0.2116	-0.0133
1495	11	Eat	9	4	-0.2116	-0.0133
1496	11	Eat	9	4	-0.2116	-0.0133
1497	11	Eat	9	4	-0.2116	-0.0133
1498	11	Eat	9	4	-0.2116	-0.0133
1499	11	Eat	9	4	-0.2116	-0.0133
1500	11	Eat	9	4	-0.2116	-0.0133
1501	11	Eat	9	4	-0.2116	-0.0133
1502	11	Eat	9	4	-0.2116	-0.0133
1503	11	Eat	9	4	-0.2116	-0.0133
1504	11	Eat	9	4	-0.2116	-0.0133
1505	11	Eat	9	4	-0.2116	-0.0133
1506	11	Eat	9	4	-0.2116	-0.0133
1507	11	Eat	9	4	-0.2116	-0.0133
1508	11	Eat	9	4	-0.2116	-0.0133
1509	11	Eat	9	4	-0.2116	-0.0133
1510	11	Eat	9	4	-0.2116	-0.0133
1511	11	Eat	9	4	-0.2116	-0.0133
1512	11	Eat	9	4	-0.2116	-0.0133
1513	11	Eat	9	4	-0.2116	-0.0133
1514	11	Eat	9	4	-0.2116	-0.0133
1515	11	Eat	9	4	-0.2116	-0.0133
1516	11	Eat	9	4	-0.2116	-0.0133
1517	11	Eat	9	4	-0.2116	-0.0133
1518	11	Eat	9	4	-0.2116	-0.0133
1519	11	Eat	9	4	-0.2116	-0.0133
1520	11	Eat	9	4	-0.2116	-0.0133
1521	11	Eat	9	4	-0.2116	-0.0133
1522	11	Eat	9	4	-0.2116	-0.0133
1523	11	Eat	9	4	-0.2116	-0.0133
1524	11	Eat	9	4	-0.2116	-0.0133
1525	11	Eat	9	4	-0.2116	-0.0133
1526	11	Eat	9	4	-0.2116	-0.0133
1527	11	Eat	9	4	-0.2116	-0.0133
1528	11	Eat	9	4	-0.2116	-0.0133
1529	11	Eat	9	4	-0.2116	-0.0133
1530	11	Eat	9	4	-0.2116	-0.0133
1531	11	Eat	9	4	-0.2116	-0.0133
1532	11	Eat	9	4	-0.2116	-0.0133
1533	11	Eat	9	4	-0.2116	-0.0133
1534	11	Eat	9	4	-0.2116	-0.0133
1535	11	Eat	9	4	-0.2116	-0.0133
1536	11	Eat	9	4	-0.2116	-0.0133
1537	11	Eat	9	4	-0.2116	-0.0133
1538	11	Eat	9	4	-0.2116	-0.0133
1539	11	Eat	9	4	-0.2116	-0.0133
1540	11	Eat	9	4	-0.2116	-0.0133
1541	11	Eat	9	4	-0.2116	-0.0133
1542	11	Eat	9	4	-0.2116	-0.0133
1543	11	Eat	9	4	-0.2116	-0.0133
1544	11	Eat	9	4	-0.2116	-0.0133
1545	11	Eat	9	4	-0.2116	-0.0133
1546	11	Eat	9	4	-0.2116	-0.0133
1547	11	Eat	9	4	-0.2116	-0.0133
1548	11	Eat	9	4	-0.2116	-0.0133
1549	11	Eat	9	4	-0.2116	-0.0133
1550	11	Eat	9	4	-0.2116	-0.0133
1551	11	Eat	9	4	-0.2116	-0.0133
1552	11	Eat	9	4	-0.2116	-0.0133
1553	11	Eat	9	4	-0.2116	-0.0133
1554	11	Eat	9	4	-0.2116	-0.0133
1555	11	Eat	9	4	-0.2116	-0.0133
1556	11	Eat	9	4	-0.2116	-0.0133
1557	11	Eat	9	4	-0.2116	-0.0133
1558	11	Eat	9	4	-0.2116	-0.0133
1559	11	Eat	9	4	-0.2116	-0.0133
1560	11	Eat	9	4	-0.2116	-0.0133
1561	11	Eat	9	4	-0.2116	-0.0133
1562	11	Eat	9	4	-0.2116	-0.0133
1563	11	Eat	9	4	-0.2116	-0.0133
1564	11	Eat	9	4	-0.2116	-0.0133
1565	11	Eat	9	4	-0.2116	-0.0133
1566	11	Eat	9	4	-0.2116	-0.0133
1567	11	Eat	9	4	-0.2116	-0.0133
1568	11	Eat	9	4	-0.2116	-0.0133
1569	11	Eat	9	4	-0.2116	-0.0133
1570	11	Eat	9	4	-0.2116	-0.0133
1571	11	Eat	9	4	-0.2116	-0.0133
1572	11	Eat	9	4	-0.2116	-0.0133
1573	11	Eat	9	4	-0.2116	-0.0133
1574	11	Eat	9	4	-0.2116	-0.0133
1575	11	Eat	9	4	-0.2116	-0.0133
1576	11	Eat	9	4	-0.2116	-0.0133
1577	11	Eat	9	4	-0.2116	-0.0133
1578	11	Eat	9	4	-0.2116	-0.0133
1579	11	Eat	9	4	-0.2116	-0.0133
1580	11	Eat	9	4	-0.2116	-0.0133
1581	11	Eat	9	4	-0.2116	-0.0133
1582	11	Eat	9	4	-0.2116	-0.0133
1583	11	Eat	9	4	-0.2116	-0.0133
1584	11	Eat	9	4	-0.2116	-0.0133
1585	11	Eat	9	4	-0.2116	-0.0133
1586	11	Eat	9	4	-0.2116	-0.0133
1587	11	Eat	9	4	-0.2116	-0.0133
1588	11	Eat	9	4	-0.2116	-0.0133
1589	11	Eat	9	4	-0.2116	-0.0133
1590	11	Eat	9	4	-0.2116	-0.0133
1591	11	Eat	9	4	-0.2116	-0.0133
1592	11	Eat	9	4	-0.2116	-0.0133
1593	11	Eat	9	4	-0.2116	-0.0133
1594	11	Eat	9	4	-0.2116	-0.0133
1595	11	Eat	9	4	-0.2116	-0.0133
1596	11	Eat	9	4	-0.2116	-0.0133
1597	11	Eat	9	4	-0.2116	-0.0133
1598	11	Eat	9	4	-0.2116	-0.0133
1599	11	Eat	9	4	-0.2116	-0.0133
1600	11	Eat	9	4	-0.2116	-0.0133
1601	11	Eat	9	4	-0.2116	-0.0133
1602	11	Eat	9	4	-0.2116	-0.0133
1603	11	Eat	9	4	-0.2116	-0.0133
1604	11	Eat	9	4	-0.2116	-0.0133
1605	11	Eat	9	4	-0.2116	-0.0133
1606	11	Eat	9	4	-0.2116	-0.0133
1607	11	Eat	9	4	-0.2116	-0.0133
1608	11	Eat	9	4	-0.2116	-0.0133
1609	11	Eat	9	4	-0.2116	-0.0133
1610	11	Eat	9	4	-0.2116	-0.0133
1611	11	Eat	9	4	-0.2116	-0.0133
1612	11	Eat	9	4	-0.2116	-0.0133
1613	11	Eat	9	4	-0.2116	-0.0133
1614	11	Eat	9	4	-0.2116	-0.0133
1615	11	Eat	9	4	-0.2116	-0.0133
1616	11	Explore	9	0	-0.2116	-0.0133
1617	12	Hide	8	1	-0.2092	-0.0143
1618	13	Hide	7	2	-0.2092	-0.0143
1619	13	Hide	7	2	-0.2092	-0.0143
1620	13	Hide	7	2	-0.2092	-0.0143
1621	13	Hide	7	2	-0.2092	-0.0144
1622	13	Hide	7	2	-0.2093	-0.0144
1623	13	Hide	7	2	-0.2093	-0.0144
1624	13	Hide	7	2	-0.2093	-0.0144
1625	13	Hide	7	2	-0.2093	-0.0144
1626	13	Hide	7	2	-0.2093	-0.0144
1627	13	Hide	7	2	-0.2093	-0.0145
1628	13	Hide	7	2	-0.2093	-0.0145
1629	13	Hide	7	2	-0.2094	-0.0145
1630	13	Hide	7	2	-0.2094	-0.0145
1631	13	Hide	7	2	-0.2077	-0.0165
1632	13	Hide	7	2	-0.2061	-0.0186
1633	13	Hide	7	2	-0.2044	-0.0206
1634	13	Hide	7	2	-0.2028	-0.0227
1635	13	Hide	7	2	-0.2011	-0.0247
1636	13	Hide	7	2	-0.1995	-0.0268
1637	13	Hide	7	2	-0.1979	-0.0288
1638	13	Hide	7	2	-0.1962	-0.0309
1639	13	Hide	7	2	-0.1946	-0.0329
1640	13	Hide	7	2	-0.1929	-0.0349
1641	13	Hide	7	2	-0.1913	-0.0370
1642	13	Hide	7	2	-0.1896	-0.0390
1643	13	Hide	7	2	-0.1880	-0.0411
1644	13	Hide	7	2	-0.1863	-0.0431
1645	13	Hide	7	2	-0.1847	-0.0452
1646	13	Hide	7	2	-0.1830	-0.0472
1647	13	Hide	7	2	-0.1814	-0.0493
1648	13	Hide	7	2	-0.1798	-0.0513
1649	13	Hide	7	2	-0.1781	-0.0533
1650	13	Hide	7	2	-0.1765	-0.0554
1651	13	Hide	7	2	-0.1748	-0.0574
1652	13	Hide	7	2	-0.1732	-0.0595
1653	13	Hide	7	2	-0.1715	-0.0615
1654	13	Hide	7	2	-0.1699	-0.0636
1655	13	Hide	7	2	-0.1682	-0.0656
1656	13	Hide	7	2	-0.1666	-0.0677
1657	13	Hide	7	2	-0.1649	-0.0697
1658	13	Hide	7	2	-0.1633	-0.0718
1659	13	Hide	7	2	-0.1616	-0.0738
1660	13	Hide	7	2	-0.1600	-0.0758
1661	13	Hide	7	2	-0.1584	-0.0779
1662	13	Hide	7	2	-0.1567	-0.0799
1663	13	Hide	7	2	-0.1551	-0.0820
1664	13	Hide	7	2	-0.1534	-0.0840
1665	13	Hide	7	2	-0.1518	-0.0861
1666	13	Hide	7	2	-0.1501	-0.0881
1667	13	Hide	7	2	-0.1485	-0.0902
1668	13	Hide	7	2	-0.1468	-0.0922
1669	13	Hide	7	2	-0.1452	-0.0942
1670	13	Hide	7	2	-0.1435	-0.0963
1671	13	Hide	7	2	-0.1419	-0.0983
1672	13	Hide	7	2	-0.1403	-0.1004
1673	13	Hide	7	2	-0.1386	-0.1024
1674	13	Hide	7	2	-0.1370	-0.1045
1675	13	Hide	7	2	-0.1353	-0.1065
1676	13	Hide	7	2	-0.1337	-0.1086
1677	13	Hide	7	2	-0.1320	-0.1106
1678	13	Hide	7	2	-0.1304	-0.1126
1679	13	Hide	7	2	-0.1287	-0.1147
1680	13	Hide	7	2	-0.1271	-0.1167
1681	13	Hide	7	2	-0.1254	-0.1188
1682	13	Hide	7	2	-0.1238	-0.1208
1683	13	Hide	7	2	-0.1222	-0.1229
1684	13	Hide	7	2	-0.1205	-0.1249
1685	13	Hide	7	2	-0.1189	-0.1270
1686	13	Hide	7	2	-0.1172	-0.1290
1687	13	Hide	7	2	-0.1156	-0.1311
1688	13	Hide	7	2	-0.1139	-0.1331
1689	13	Hide	7	2	-0.1123	-0.1351
1690	13	Hide	7	2	-0.1106	-0.1372
1691	13	Hide	7	2	-0.1090	-0.1392
1692	13	Hide	7	2	-0.1073	-0.1413
1693	13	Hide	7	2	-0.1057	-0.1433
1694	13	Hide	7	2	-0.1041	-0.1454
1695	13	Hide	7	2	-0.1024	-0.1474
1696	13	Hide	7	2	-0.1008	-0.1495
1697	13	Hide	7	2	-0.0991	-0.1515
1698	13	Hide	7	2	-0.0975	-0.1535
1699	13	Hide	7	2	-0.0958	-0.1556
1700	13	Hide	7	2	-0.0942	-0.1576
1701	13	Hide	7	2	-0.0925	-0.1597
1702	13	Hide	7	2	-0.0909	-0.1617
1703	13	Hide	7	2	-0.0892	-0.1638
1704	13	Hide	7	2	-0.0876	-0.1658
1705	13	Hide	7	2	-0.0859	-0.1679
1706	13	Hide	7	2	-0.0843	-0.1699
1707	13	Hide	7	2	-0.0827	-0.1719
1708	13	Hide	7	2	-0.0810	-0.1740
1709	13	Hide	7	2	-0.0794	-0.1760
1710	13	Hide	7	2	-0.0777	-0.1781
1711	13	Hide	7	2	-0.0761	-0.1801
1712	13	Hide	7	2	-0.0744	-0.1822
1713	13	Hide	7	2	-0.0728	-0.1842
1714	13	Hide	7	2	-0.0711	-0.1863
1715	13	Hide	7	2	-0.0695	-0.1883
1716	13	Hide	7	2	-0.0678	-0.1903
1717	13	Hide	7	2	-0.0662	-0.1924
1718	13	Hide	7	2	-0.0646	-0.1944
1719	13	Hide	7	2	-0.0629	-0.1965
1720	13	Hide	7	2	-0.0613	-0.1985
1721	13	Hide	7	2	-0.0596	-0.2006
1722	13	Hide	7	2	-0.0580	-0.2026
1723	13	Hide	7	2	-0.0563	-0.2047
1724	13	Hide	7	2	-0.0547	-0.2067
1725	13	Hide	7	2	-0.0530	-0.2088
1726	13	Hide	7	2	-0.0514	-0.2108
1727	13	Hide	7	2	-0.0497	-0.2128
1728	13	Hide	7	2	-0.0481	-0.2149
1729	13	Hide	7	2	-0.0465	-0.2169
1730	13	Hide	7	2	-0.0448	-0.2190
1731	13	Hide	7	2	-0.0432	-0.2210
1732	13	Hide	7	2	-0.0415	-0.2231
1733	13	Hide	7	2	-0.0399	-0.2251
1734	13	Hide	7	2	-0.0382	-0.2272
1735	13	Hide	7	2	-0.0366	-0.2292
1736	13	Hide	7	2	-0.0349	-0.2312
1737	13	Hide	7	2	-0.0333	-0.2333
1738	13	Hide	7	2	-0.0316	-0.2353
1739	13	Hide	7	2	-0.0300	-0.2374
1740	13	Hide	7	2	-0.0283	-0.2394
1741	13	Hide	7	2	-0.0267	-0.2415
1742	13	Hide	7	2	-0.0251	-0.2435
1743	13	Hide	7	2	-0.0234	-0.2456
1744	13	Hide	7	2	-0.0218	-0.2476
1745	13	Hide	7	2	-0.0201	-0.2496
1746	13	Hide	7	2	-0.0185	-0.2517
1747	13	Hide	7	2	-0.0168	-0.2537
1748	13	Hide	7	2	-0.0152	-0.2558
1749	13	Hide	7	2	-0.0135	-0.2578
1750	13	Hide	7	2	-0.0119	-0.2599
1751	13	Hide	7	2	-0.0102	-0.2619
1752	13	Hide	7	2	-0.0086	-0.2640
1753	13	Hide	7	2	-0.0070	-0.2660
1754	13	Hide	7	2	-0.0053	-0.2680
1755	13	Hide	7	2	-0.0037	-0.2701
1756	13	Hide	7	2	-0.0020	-0.2721
1757	13	Hide	7	2	-0.0004	-0.2742
1758	13	Hide	7	2	0.0013	-0.2762
1759	13	Hide	7	2	0.0029	-0.2783
1760	13	Hide	7	2	0.0046	-0.2803
1761	13	Hide	7	2	0.0062	-0.2824
1762	13	Hide	7	2	0.0079	-0.2844
1763	13	Hide	7	2	0.0095	-0.2865
1764	13	Hide	7	2	0.0112	-0.2885
1765	13	Hide	7	2	0.0128	-0.2905
1766	13	Hide	7	2	0.0144	-0.2926
1767	13	Hide	7	2	0.0161	-0.2946
1768	13	Hide	7	2	0.0177	-0.2967
1769	13	Hide	7	2	0.0194	-0.2987
1770	13	Hide	7	2	0.0210	-0.3008
1771	13	Hide	7	2	0.0227	-0.3028
1772	13	Hide	7	2	0.0243	-0.3049
1773	13	Hide	7	2	0.0260	-0.3069
1774	13	Hide	7	2	0.0276	-0.3089
1775	13	Hide	7	2	0.0293	-0.3110
1776	13	Hide	7	2	0.0309	-0.3130
1777	13	Hide	7	2	0.0325	-0.3151
1778	13	Hide	7	2	0.0342	-0.3171
1779	13	Hide	7	2	0.0358	-0.3192
1780	13	Hide	7	2	0.0375	-0.3212
1781	13	Hide	7	2	0.0391	-0.3233
1782	13	Hide	7	2	0.0408	-0.3253
1783	13	Hide	7	2	0.0424	-0.3273
1784	13	Hide	7	2	0.0441	-0.3294
1785	13	Hide	7	2	0.0457	-0.3314
1786	13	Hide	7	2	0.0474	-0.3335
1787	13	Hide	7	2	0.0490	-0.3355
1788	13	Hide	7	2	0.0507	-0.3376
1789	13	Hide	7	2	0.0523	-0.3396
1790	13	Hide	7	2	0.0539	-0.3417
1791	13	Hide	7	2	0.0556	-0.3437
1792	13	Hide	7	2	0.0572	-0.3457
1793	13	Hide	7	2	0.0589	-0.3478
1794	13	Hide	7	2	0.0605	-0.3498
1795	13	Hide	7	2	0.0622	-0.3519
1796	13	Hide	7	2	0.0638	-0.3539
1797	13	Hide	7	2	0.0655	-0.3560
1798	13	Hide	7	2	0.0671	-0.3580
1799	13	Hide	7	2	0.0688	-0.3601
1800	13	Hide	7	2	0.0704	-0.3621
1801	13	Hide	7	2	0.0721	-0.3641
1802	13	Hide	7	2	0.0737	-0.3662
1803	13	Hide	7	2	0.0753	-0.3682
1804	13	Hide	7	2	0.0770	-0.3703
1805	13	Hide	7	2	0.0786	-0.3723
1806	13	Hide	7	2	0.0803	-0.3744
1807	13	Hide	7	2	0.0819	-0.3764
1808	13	Hide	7	2	0.0836	-0.3785
1809	13	Hide	7	2	0.0852	-0.3805
1810	13	Hide	7	2	0.0869	-0.3825
1811	13	Hide	7	2	0.0885	-0.3846
1812	13	Hide	7	2	0.0902	-0.3866
1813	13	Hide	7	2	0.0918	-0.3887
1814	13	Hide	7	2	0.0934	-0.3907
1815	13	Hide	7	2	0.0951	-0.3928
1816	13	Hide	7	2	0.0967	-0.3948
1817	13	Hide	7	2	0.0984	-0.3969
1818	13	Hide	7	2	0.1000	-0.3989
1819	13	Hide	7	2	0.1017	-0.4009
1820	13	Hide	7	2	0.1033	-0.4030
1821	13	Hide	7	2	0.1050	-0.4050
1822	13	Hide	7	2	0.1066	-0.4071
1823	13	Hide	7	2	0.1083	-0.4091
1824	13	Hide	7	2	0.1099	-0.4112
1825	13	Hide	7	2	0.1116	-0.4132
1826	13	Hide	7	2	0.1132	-0.4153
1827	13	Hide	7	2	0.1148	-0.4173
1828	13	Hide	7	2	0.1165	-0.4194
1829	13	Hide	7	2	0.1181	-0.4214
1830	13	Hide	7	2	0.1198	-0.4234
1831	13	Hide	7	2	0.1214	-0.4255
1832	13	Hide	7	2	0.1231	-0.4275
1833	13	Hide	7	2	0.1247	-0.4296
1834	13	Hide	7	2	0.1264	-0.4316
1835	13	Hide	7	2	0.1280	-0.4337
1836	13	Hide	7	2	0.1297	-0.4357
1837	13	Hide	7	2	0.1313	-0.4378
1838	13	Hide	7	2	0.1330	-0.4398
1839	13	Hide	7	2	0.1346	-0.4418
1840	13	Hide	7	2	0.1362	-0.4439
1841	13	Hide	7	2	0.1379	-0.4459
1842	13	Hide	7	2	0.1395	-0.4480
1843	13	Hide	7	2	0.1412	-0.4500
1844	13	Hide	7	2	0.1428	-0.4521
1845	13	Hide	7	2	0.1445	-0.4541
1846	13	Hide	7	2	0.1461	-0.4562
1847	13	Hide	7	2	0.1478	-0.4582
1848	13	Hide	7	2	0.1494	-0.4602
1849	13	Hide	7	2	0.1511	-0.4623
1850	13	Hide	7	2	0.1527	-0.4643
1851	13	Hide	7	2	0.1543	-0.4664
1852	13	Hide	7	2	0.1560	-0.4684
1853	13	Hide	7	2	0.1560	-0.4684
1854	13	Hide	7	2	0.1560	-0.4684
1855	13	Hide	7	2	0.1560	-0.4684
1856	13	Hide	7	2	0.1560	-0.4684
1857	13	Hide	7	2	0.1560	-0.4684
1858	13	Hide	7	2	0.1560	-0.4684
1859	13	Hide	7	2	0.1560	-0.4684
1860	13	Hide	7	2	0.1560	-0.4684
1861	13	Hide	7	2	0.1560	-0.4684
1862	13	Hide	7	2	0.1560	-0.4684
1863	13	Hide	7	2	0.1560	-0.4684
1864	13	Hide	7	2	0.1560	-0.4684
1865	13	Hide	7	2	0.1560	-0.4684
1866	13	Hide	7	2	0.1560	-0.4684
1867	13	Hide	7	2	0.1560	-0.4684
1868	13	Hide	7	2	0.1560	-0.4684
1869	13	Hide	7	2	0.1560	-0.4684
1870	13	Hide	7	2	0.1560	-0.4684
1871	13	Hide	7	2	0.1560	-0.4684
1872	13	Hide	7	2	0.1560	-0.4684
1873	13	Hide	7	2	0.1560	-0.4684
1874	13	Hide	7	2	0.1560	-0.4684
1875	13	Hide	7	2	0.1560	-0.4684
1876	13	Hide	7	2	0.1560	-0.4684
1877	13	Hide	7	2	0.1560	-0.4684
1878	13	Hide	7	2	0.1560	-0.4684
1879	13	Hide	7	2	0.1560	-0.4684
1880	13	Hide	7	2	0.1560	-0.4684
1881	13	Hide	7	2	0.1560	-0.4684
1882	13	Hide	7	2	0.1560	-0.4684
1883	13	Hide	7	2	0.1560	-0.4684
1884	13	Hide	7	2	0.1560	-0.4684
1885	13	Hide	7	2	0.1560	-0.4684
1886	13	Hide	7	2	0.1560	-0.4684
1887	13	Hide	7	2	0.1560	-0.4684
1888	13	Hide	7	2	0.1560	-0.4684
1889	13	Hide	7	2	0.1560	-0.4684
1890	13	Hide	7	2	0.1560	-0.4684
1891	13	Hide	7	2	0.1560	-0.4684
1892	13	Hide	7	2	0.1560	-0.4684
1893	13	Hide	7	2	0.1560	-0.4684
1894	13	Hide	7	2	0.1560	-0.4684
1895	13	Hide	7	2	0.1560	-0.4684
1896	13	Hide	7	2	0.1560	-0.4684
1897	13	Hide	7	2	0.1560	-0.4684
1898	13	Hide	7	2	0.1560	-0.4684
1899	13	Hide	7	2	0.1560	-0.4684
1900	13	Hide	7	2	0.1560	-0.4684
1901	13	Hide	7	2	0.1560	-0.4684
1902	13	Hide	7	2	0.1560	-0.4684
1903	13	Hide	7	2	0.1560	-0.4684
1904	13	Hide	7	2	0.1560	-0.4684
1905	13	Hide	7	2	0.1560	-0.4684
1906	13	Hide	7	2	0.1560	-0.4684
1907	13	Hide	7	2	0.1560	-0.4684
1908	13	Hide	7	2	0.1560	-0.4684
1909	13	Hide	7	2	0.1560	-0.4684
1910	13	Hide	7	2	0.1560	-0.4684
1911	13	Hide	7	2	0.1560	-0.4684
1912	13	Hide	7	2	0.1560	-0.4684
1913	13	Hide	7	2	0.1560	-0.4684
1914	13	Hide	7	2	0.1560	-0.4684
1915	13	Hide	7	2	0.1560	-0.4684
1916	13	Hide	7	2	0.1560	-0.4684
1917	13	Hide	7	2	0.1560	-0.4684
1918	13	Hide	7	2	0.1560	-0.4684
1919	13	Hide	7	2	0.1560	-0.4684
1920	13	Hide	7	2	0.1560	-0.4684
1921	13	Hide	7	2	0.1560	-0.4684
1922	13	Hide	7	2	0.1560	-0.4684
1923	13	Hide	7	2	0.1560	-0.4684
1924	13	Hide	7	2	0.1560	-0.4684
1925	13	Hide	7	2	0.1560	-0.4684
1926	13	Hide	7	2	0.1560	-0.4684
1927	13	Hide	7	2	0.1560	-0.4684
1928	13	Hide	7	2	0.1560	-0.4684
1929	13	Hide	7	2	0.1560	-0.4684
1930	13	Hide	7	2	0.1560	-0.4684
1931	13	Hide	7	2	0.1560	-0.4684
1932	13	Hide	7	2	0.1560	-0.4684
1933	13	Hide	7	2	0.1560	-0.4684
1934	13	Hide	7	2	0.1560	-0.4684
1935	13	Hide	7	2	0.1560	-0.4684
1936	13	Hide	7	2	0.1560	-0.4684
1937	13	Hide	7	2	0.1560	-0.4684
1938	13	Hide	7	2	0.1560	-0.4684
1939	13	Hide	7	2	0.1560	-0.4684
1940	13	Hide	7	2	0.1560	-0.4684
1941	13	Hide	7	2	0.1560	-0.4684
1942	13	Hide	7	2	0.1560	-0.4684
1943	13	Hide	7	2	0.1560	-0.4684
1944	13	Hide	7	2	0.1560	-0.4684
1945	13	Hide	7	2	0.1560	-0.4684
1946	13	Hide	7	2	0.1560	-0.4684
1947	13	Hide	7	2	0.1560	-0.4684
1948	13	Hide	7	2	0.1560	-0.4684
1949	13	Hide	7	2	0.1560	-0.4684
1950	13	Hide	7	2	0.1560	-0.4684
1951	13	Hide	7	2	0.1560	-0.4684
1952	13	Explore	7	2	0.1560	-0.4684
1953	14	Explore	6	3	0.1560	-0.4684
1954	14	Explore	6	3	0.1560	-0.4684
1955	14	Explore	6	3	0.1560	-0.4684
1956	14	Explore	6	3	0.1561	-0.4684
1957	14	Explore	6	3	0.1561	-0.4683
1958	14	Explore	6	3	0.1561	-0.4683
1959	14	Explore	6	3	0.1561	-0.4683
1960	14	Explore	6	3	0.1561	-0.4683
1961	14	Explore	6	3	0.1561	-0.4683
1962	14	Explore	6	3	0.1561	-0.4683
1963	14	Explore	6	3	0.1562	-0.4682
1964	14	Explore	6	3	0.1562	-0.4682
1965	14	Explore	6	3	0.1562	-0.4682
1966	14	Explore	6	3	0.1562	-0.4682
1967	14	Explore	6	3	0.1562	-0.4682
1968	14	Explore	6	3	0.1562	-0.4681
1969	14	Explore	6	3	0.1562	-0.4681
1970	14	Explore	6	3	0.1563	-0.4681
1971	14	Explore	6	3	0.1563	-0.4677
1972	14	Explore	6	3	0.1563	-0.4672
1973	14	Explore	6	3	0.1563	-0.4668
1974	14	Explore	6	3	0.1563	-0.4664
1975	14	Explore	6	3	0.1563	-0.4661
1976	14	Explore	6	3	0.1563	-0.4655
1977	14	Explore	6	3	0.1563	-0.4650
1978	14	Explore	6	3	0.1563	-0.4645
1979	14	Explore	6	3	0.1563	-0.4641
1980	14	Explore	6	3	0.1563	-0.4637
1981	14	Explore	6	3	0.1563	-0.4633
1982	14	Explore	6	3	0.1562	-0.4631
1983	14	Explore	6	3	0.1562	-0.4629
1984	14	Explore	6	3	0.1562	-0.4629
1985	14	Explore	6	3	0.1587	-0.4620
1986	14	Explore	6	3	0.1612	-0.4611
1987	14	Explore	6	3	0.1636	-0.4602
1988	14	Explore	6	3	0.1661	-0.4594
1989	14	Explore	6	3	0.1686	-0.4585
1990	14	Explore	6	3	0.1711	-0.4576
1991	14	Explore	6	3	0.1735	-0.4567
1992	14	Explore	6	3	0.1760	-0.4559
1993	14	Explore	6	3	0.1785	-0.4550
1994	14	Explore	6	3	0.1809	-0.4541
1995	14	Explore	6	3	0.1834	-0.4532
1996	14	Explore	6	3	0.1859	-0.4523
1997	14	Explore	6	3	0.1884	-0.4515
1998	14	Explore	6	3	0.1908	-0.4506
1999	14	Explore	6	3	0.1933	-0.4497
2000	14	Explore	6	3	0.1958	-0.4488
2001	14	Explore	6	3	0.1983	-0.4479
2002	14	Explore	6	3	0.2007	-0.4471
2003	14	Explore	6	3	0.2032	-0.4462
2004	14	Explore	6	3	0.2057	-0.4453
2005	14	Explore	6	3	0.2082	-0.4444
2006	14	Explore	6	3	0.2106	-0.4435
2007	14	Explore	6	3	0.2131	-0.4427
2008	14	Explore	6	3	0.2156	-0.4418
2009	14	Explore	6	3	0.2180	-0.4409
2010	14	Explore	6	3	0.2205	-0.4400
2011	14	Explore	6	3	0.2230	-0.4391
2012	14	Explore	6	3	0.2255	-0.4383
2013	14	Explore	6	3	0.2279	-0.4374
2014	14	Explore	6	3	0.2304	-0.4365
2015	14	Explore	6	3	0.2329	-0.4356
2016	14	Explore	6	3	0.2354	-0.4347
2017	14	Explore	6	3	0.2378	-0.4339
2018	14	Explore	6	3	0.2403	-0.4330
2019	14	Explore	6	3	0.2428	-0.4321
2020	14	Explore	6	3	0.2452	-0.4312
2021	14	Explore	6	3	0.2477	-0.4303
2022	14	Explore	6	3	0.2477	-0.4303
2023	14	Explore	6	3	0.2477	-0.4303
2024	14	Explore	6	3	0.2477	-0.4303
2025	14	Explore	6	3	0.2477	-0.4303
2026	14	Explore	6	3	0.2477	-0.4302
2027	14	Explore	6	3	0.2476	-0.4302
2028	14	Explore	6	3	0.2476	-0.4302
2029	14	Explore	6	3	0.2476	-0.4302
2030	14	Explore	6	3	0.2476	-0.4302
2031	14	Explore	6	3	0.2476	-0.4302
2032	14	Explore	6	3	0.2476	-0.4301
2033	14	Explore	6	3	0.2475	-0.4301
2034	14	Explore	6	3	0.2475	-0.4301
2035	14	Explore	6	3	0.2475	-0.4301
2036	14	Explore	6	3	0.2475	-0.4301
2037	14	Explore	6	3	0.2475	-0.4301
2038	14	Explore	6	3	0.2475	-0.4300
2039	14	Explore	6	3	0.2475	-0.4300
2040	14	Explore	6	3	0.2474	-0.4300
2041	14	Explore	6	3	0.2474	-0.4300
2042	14	Explore	6	3	0.2486	-0.4276
2043	14	Explore	6	3	0.2497	-0.4253
2044	14	Explore	6	3	0.2509	-0.4229
2045	14	Explore	6	3	0.2520	-0.4206
2046	14	Explore	6	3	0.2531	-0.4182
2047	14	Explore	6	3	0.2543	-0.4158
2048	14	Explore	6	3	0.2554	-0.4135
2049	14	Explore	6	3	0.2566	-0.4111
2050	14	Explore	6	3	0.2577	-0.4088
2051	14	Explore	6	3	0.2589	-0.4064
2052	14	Explore	6	3	0.2600	-0.4040
2053	14	Explore	6	3	0.2612	-0.4017
2054	14	Explore	6	3	0.2623	-0.3993
2055	14	Explore	6	3	0.2635	-0.3969
2056	14	Explore	6	3	0.2646	-0.3946
2057	14	Explore	6	3	0.2646	-0.3946
2058	14	Explore	6	3	0.2646	-0.3945
2059	14	Explore	6	3	0.2646	-0.3945
2060	14	Explore	6	3	0.2645	-0.3945
2061	14	Eat	6	3	0.2645	-0.3945
2062	15	Eat	5	4	0.2651	-0.3919
2063	15	Eat	5	4	0.2657	-0.3894
2064	15	Eat	5	4	0.2663	-0.3868
2065	15	Eat	5	4	0.2668	-0.3842
2066	15	Eat	5	4	0.2672	-0.3816
2067	15	Eat	5	4	0.2676	-0.3790
2068	15	Eat	5	4	0.2679	-0.3764
2069	15	Eat	5	4	0.2683	-0.3738
2070	15	Eat	5	4	0.2685	-0.3712
2071	15	Eat	5	4	0.2687	-0.3686
2072	15	Eat	5	4	0.2689	-0.3660
2073	15	Eat	5	4	0.2691	-0.3634
2074	15	Eat	5	4	0.2692	-0.3607
2075	15	Eat	5	4	0.2692	-0.3581
2076	15	Eat	5	4	0.2692	-0.3555
2077	15	Eat	5	4	0.2692	-0.3529
2078	15	Eat	5	4	0.2691	-0.3502
2079	15	Eat	5	4	0.2690	-0.3476
2080	15	Eat	5	4	0.2689	-0.3450
2081	15	Eat	5	4	0.2687	-0.3424
2082	15	Eat	5	4	0.2685	-0.3398
2083	15	Eat	5	4	0.2683	-0.3371
2084	15	Eat	5	4	0.2680	-0.3345
2085	15	Eat	5	4	0.2677	-0.3319
2086	15	Eat	5	4	0.2674	-0.3293
2087	15	Eat	5	4	0.2670	-0.3267
2088	15	Eat	5	4	0.2666	-0.3241
2089	15	Eat	5	4	0.2661	-0.3216
2090	15	Eat	5	4	0.2656	-0.3190
2091	15	Eat	5	4	0.2651	-0.3164
2092	15	Eat	5	4	0.2646	-0.3138
2093	15	Eat	5	4	0.2640	-0.3113
2094	15	Eat	5	4	0.2635	-0.3087
2095	15	Eat	5	4	0.2628	-0.3062
2096	15	Eat	5	4	0.2622	-0.3036
2097	15	Eat	5	4	0.2615	-0.3011
2098	15	Eat	5	4	0.2608	-0.2985
2099	15	Eat	5	4	0.2601	-0.2960
2100	15	Eat	5	4	0.2593	-0.2935
2101	15	Eat	5	4	0.2586	-0.2910
2102	15	Eat	5	4	0.2578	-0.2885
2103	15	Eat	5	4	0.2569	-0.2860
2104	15	Eat	5	4	0.2561	-0.2835
2105	15	Eat	5	4	0.2552	-0.2810
2106	15	Eat	5	4	0.2543	-0.2786
2107	15	Eat	5	4	0.2534	-0.2761
2108	15	Eat	5	4	0.2525	-0.2737
2109	15	Eat	5	4	0.2515	-0.2712
2110	15	Eat	5	4	0.2515	-0.2712
2111	15	Eat	5	4	0.2515	-0.2712
2112	15	Eat	5	4	0.2515	-0.2712
2113	15	Eat	5	4	0.2515	-0.2712
2114	15	Eat	5	4	0.2515	-0.2712
2115	15	Eat	5	4	0.2515	-0.2712
2116	15	Eat	5	4	0.2515	-0.2712
2117	15	Eat	5	4	0.2515	-0.2712
2118	15	Eat	5	4	0.2515	-0.2712
2119	15	Eat	5	4	0.2515	-0.2712
2120	15	Eat	5	4	0.2515	-0.2712
2121	15	Eat	5	4	0.2515	-0.2712
2122	15	Eat	5	4	0.2515	-0.2712
2123	15	Eat	5	4	0.2515	-0.2712
2124	15	Eat	5	4	0.2515	-0.2712
2125	15	Eat	5	4	0.2515	-0.2712
2126	15	Eat	5	4	0.2515	-0.2712
2127	15	Eat	5	4	0.2515	-0.2712
2128	15	Eat	5	4	0.2515	-0.2712
2129	15	Eat	5	4	0.2515	-0.2712
2130	15	Eat	5	4	0.2515	-0.2712
2131	15	Eat	5	4	0.2515	-0.2712
2132	15	Eat	5	4	0.2515	-0.2712
2133	15	Eat	5	4	0.2515	-0.2712
2134	15	Eat	5	4	0.2515	-0.2712
2135	15	Eat	5	4	0.2515	-0.2712
2136	15	Eat	5	4	0.2515	-0.2712
2137	15	Eat	5	4	0.2515	-0.2712
2138	15	Eat	5	4	0.2515	-0.2712
2139	15	Eat	5	4	0.2515	-0.2712
2140	15	Eat	5	4	0.2515	-0.2712
2141	15	Eat	5	4	0.2515	-0.2712
2142	15	Eat	5	4	0.2515	-0.2712
2143	15	Eat	5	4	0.2515	-0.2712
2144	15	Eat	5	4	0.2515	-0.2712
2145	15	Eat	5	4	0.2515	-0.2712
2146	15	Eat	5	4	0.2515	-0.2712
2147	15	Eat	5	4	0.2515	-0.2712
2148	15	Eat	5	4	0.2515	-0.2712
2149	15	Eat	5	4	0.2515	-0.2712
2150	15	Eat	5	4	0.2515	-0.2712
2151	15	Eat	5	4	0.2515	-0.2712
2152	15	Eat	5	4	0.2515	-0.2712
2153	15	Eat	5	4	0.2515	-0.2712
2154	15	Eat	5	4	0.2515	-0.2712
2155	15	Eat	5	4	0.2515	-0.2712
2156	15	Eat	5	4	0.2515	-0.2712
2157	15	Eat	5	4	0.2515	-0.2712
2158	15	Eat	5	4	0.2515	-0.2712
2159	15	Eat	5	4	0.2515	-0.2712
2160	15	Eat	5	4	0.2515	-0.2712
2161	15	Eat	5	4	0.2515	-0.2712
2162	15	Eat	5	4	0.2515	-0.2712
2163	15	Eat	5	4	0.2515	-0.2712
2164	15	Eat	5	4	0.2515	-0.2712
2165	15	Eat	5	4	0.2515	-0.2712
2166	15	Eat	5	4	0.2515	-0.2712
2167	15	Eat	5	4	0.2515	-0.2712
2168	15	Eat	5	4	0.2515	-0.2712
2169	15	Eat	5	4	0.2515	-0.2712
2170	15	Eat	5	4	0.2515	-0.2712
2171	15	Eat	5	4	0.2515	-0.2712
2172	15	Eat	5	4	0.2515	-0.2712
2173	15	Eat	5	4	0.2515	-0.2712
2174	15	Eat	5	4	0.2515	-0.2712
2175	15	Eat	5	4	0.2515	-0.2712
2176	15	Eat	5	4	0.2515	-0.2712
2177	15	Eat	5	4	0.2515	-0.2712
2178	15	Eat	5	4	0.2515	-0.2712
2179	15	Eat	5	4	0.2515	-0.2712
2180	15	Eat	5	4	0.2515	-0.2712
2181	15	Eat	5	4	0.2515	-0.2712
2182	15	Eat	5	4	0.2515	-0.2712
2183	15	Eat	5	4	0.2515	-0.2712
2184	15	Eat	5	4	0.2515	-0.2712
2185	15	Eat	5	4	0.2515	-0.2712
2186	15	Eat	5	4	0.2515	-0.2712
2187	15	Eat	5	4	0.2515	-0.2712
2188	15	Eat	5	4	0.2515	-0.2712
2189	15	Eat	5	4	0.2515	-0.2712
2190	15	Eat	5	4	0.2515	-0.2712
2191	15	Eat	5	4	0.2515	-0.2712
2192	15	Eat	5	4	0.2515	-0.2712
2193	15	Eat	5	4	0.2515	-0.2712
2194	15	Eat	5	4	0.2515	-0.2712
2195	15	Eat	5	4	0.2515	-0.2712
2196	15	Eat	5	4	0.2515	-0.2712
2197	15	Eat	5	4	0.2515	-0.2712
2198	15	Eat	5	4	0.2515	-0.2712
2199	15	Eat	5	4	0.2515	-0.2712
2200	15	Eat	5	4	0.2515	-0.2712
2201	15	Eat	5	4	0.2515	-0.2712
2202	15	Eat	5	4	0.2515	-0.2712
2203	15	Eat	5	4	0.2515	-0.2712
2204	15	Eat	5	4	0.2515	-0.2712
2205	15	Eat	5	4	0.2515	-0.2712
2206	15	Eat	5	4	0.2515	-0.2712
2207	15	Eat	5	4	0.2515	-0.2712
2208	15	Eat	5	4	0.2515	-0.2712
2209	15	Eat	5	4	0.2515	-0.2712
2210	15	Eat	5	4	0.2515	-0.2712
2211	15	Eat	5	4	0.2515	-0.2712
2212	15	Eat	5	4	0.2515	-0.2712
2213	15	Eat	5	4	0.2515	-0.2712
2214	15	Eat	5	4	0.2515	-0.2712
2215	15	Eat	5	4	0.2515	-0.2712
2216	15	Eat	5	4	0.2515	-0.2712
2217	15	Eat	5	4	0.2515	-0.2712
2218	15	Eat	5	4	0.2515	-0.2712
2219	15	Eat	5	4	0.2515	-0.2712
2220	15	Eat	5	4	0.2515	-0.2712
2221	15	Eat	5	4	0.2515	-0.2712
2222	15	Eat	5	4	0.2515	-0.2712
2223	15	Eat	5	4	0.2515	-0.2712
2224	15	Eat	5	4	0.2515	-0.2712
2225	15	Eat	5	4	0.2515	-0.2712
2226	15	Eat	5	4	0.2515	-0.2712
2227	15	Eat	5	4	0.2515	-0.2712
2228	15	Eat	5	4	0.2515	-0.2712
2229	15	Eat	5	4	0.2515	-0.2712
2230	15	Eat	5	4	0.2515	-0.2712
2231	15	Eat	5	4	0.2515	-0.2712
2232	15	Eat	5	4	0.2515	-0.2712
2233	15	Eat	5	4	0.2515	-0.2712
2234	15	Eat	5	4	0.2515	-0.2712
2235	15	Eat	5	4	0.2515	-0.2712
2236	15	Eat	5	4	0.2515	-0.2712
2237	15	Eat	5	4	0.2515	-0.2712
2238	15	Eat	5	4	0.2515	-0.2712
2239	15	Eat	5	4	0.2515	-0.2712
2240	15	Eat	5	4	0.2515	-0.2712
2241	15	Eat	5	4	0.2515	-0.2712
2242	15	Eat	5	4	0.2515	-0.2712
2243	15	Eat	5	4	0.2515	-0.2712
2244	15	Eat	5	4	0.2515	-0.2712
2245	15	Eat	5	4	0.2515	-0.2712
2246	15	Eat	5	4	0.2515	-0.2712
2247	15	Eat	5	4	0.2515	-0.2712
2248	15	Eat	5	4	0.2515	-0.2712
2249	15	Eat	5	4	0.2515	-0.2712
2250	15	Eat	5	4	0.2515	-0.2712
2251	15	Eat	5	4	0.2515	-0.2712
2252	15	Eat	5	4	0.2515	-0.2712
2253	15	Eat	5	4	0.2515	-0.2712
2254	15	Eat	5	4	0.2515	-0.2712
2255	15	Eat	5	4	0.2515	-0.2712
2256	15	Eat	5	4	0.2515	-0.2712
2257	15	Eat	5	4	0.2515	-0.2712
2258	15	Eat	5	4	0.2515	-0.2712
2259	15	Eat	5	4	0.2515	-0.2712
2260	15	Eat	5	4	0.2515	-0.2712
2261	15	Eat	5	4	0.2515	-0.2712
2262	15	Eat	5	4	0.2515	-0.2712
2263	15	Eat	5	4	0.2515	-0.2712
2264	15	Eat	5	4	0.2515	-0.2712
2265	15	Eat	5	4	0.2515	-0.2712
2266	15	Eat	5	4	0.2515	-0.2712
2267	15	Eat	5	4	0.2515	-0.2712
2268	15	Eat	5	4	0.2515	-0.2712
2269	15	Explore	5	0	0.2515	-0.2712
2270	16	Hide	4	1	0.2505	-0.2688
2271	17	Hide	3	2	0.2506	-0.2688
2272	17	Hide	3	2	0.2506	-0.2688
2273	17	Hide	3	2	0.2498	-0.2662
2274	17	Hide	3	2	0.2490	-0.2637
2275	17	Hide	3	2	0.2483	-0.2612
2276	17	Hide	3	2	0.2475	-0.2587
2277	17	Hide	3	2	0.2467	-0.2562
2278	17	Hide	3	2	0.2459	-0.2537
2279	17	Hide	3	2	0.2452	-0.2512
2280	17	Hide	3	2	0.2444	-0.2487
2281	17	Hide	3	2	0.2436	-0.2462
2282	17	Hide	3	2	0.2429	-0.2437
2283	17	Hide	3	2	0.2421	-0.2412
2284	17	Hide	3	2	0.2413	-0.2387
2285	17	Hide	3	2	0.2405	-0.2361
2286	17	Hide	3	2	0.2398	-0.2336
2287	17	Hide	3	2	0.2390	-0.2311
2288	17	Hide	3	2	0.2382	-0.2286
2289	17	Hide	3	2	0.2374	-0.2261
2290	17	Hide	3	2	0.2367	-0.2236
2291	17	Hide	3	2	0.2359	-0.2211
2292	17	Hide	3	2	0.2351	-0.2186
2293	17	Hide	3	2	0.2344	-0.2161
2294	17	Hide	3	2	0.2336	-0.2136
2295	17	Hide	3	2	0.2328	-0.2111
2296	17	Hide	3	2	0.2320	-0.2085
2297	17	Hide	3	2	0.2313	-0.2060
2298	17	Hide	3	2	0.2305	-0.2035
2299	17	Hide	3	2	0.2297	-0.2010
2300	17	Hide	3	2	0.2290	-0.1985
2301	17	Hide	3	2	0.2282	-0.1960
2302	17	Hide	3	2	0.2274	-0.1935
2303	17	Hide	3	2	0.2266	-0.1910
2304	17	Hide	3	2	0.2259	-0.1885
2305	17	Hide	3	2	0.2251	-0.1860
2306	17	Hide	3	2	0.2243	-0.1835
2307	17	Hide	3	2	0.2235	-0.1810
2308	17	Hide	3	2	0.2228	-0.1784
2309	17	Hide	3	2	0.2220	-0.1759
2310	17	Hide	3	2	0.2212	-0.1734
2311	17	Hide	3	2	0.2205	-0.1709
2312	17	Hide	3	2	0.2197	-0.1684
2313	17	Hide	3	2	0.2189	-0.1659
2314	17	Hide	3	2	0.2181	-0.1634
2315	17	Hide	3	2	0.2174	-0.1609
2316	17	Hide	3	2	0.2166	-0.1584
2317	17	Hide	3	2	0.2158	-0.1559
2318	17	Hide	3	2	0.2150	-0.1534
2319	17	Hide	3	2	0.2143	-0.1509
2320	17	Hide	3	2	0.2135	-0.1483
2321	17	Hide	3	2	0.2127	-0.1458
2322	17	Hide	3	2	0.2120	-0.1433
2323	17	Hide	3	2	0.2112	-0.1408
2324	17	Hide	3	2	0.2104	-0.1383
2325	17	Hide	3	2	0.2096	-0.1358
2326	17	Hide	3	2	0.2089	-0.1333
2327	17	Hide	3	2	0.2081	-0.1308
2328	17	Hide	3	2	0.2073	-0.1283
2329	17	Hide	3	2	0.2065	-0.1258
2330	17	Hide	3	2	0.2058	-0.1233
2331	17	Hide	3	2	0.2050	-0.1207
2332	17	Hide	3	2	0.2042	-0.1182
2333	17	Hide	3	2	0.2035	-0.1157
2334	17	Hide	3	2	0.2027	-0.1132
2335	17	Hide	3	2	0.2019	-0.1107
2336	17	Hide	3	2	0.2011	-0.1082
2337	17	Hide	3	2	0.2004	-0.1057
2338	17	Hide	3	2	0.1996	-0.1032
2339	17	Hide	3	2	0.1988	-0.1007
2340	17	Hide	3	2	0.1980	-0.0982
2341	17	Hide	3	2	0.1973	-0.0957
2342	17	Hide	3	2	0.1965	-0.0932
2343	17	Hide	3	2	0.1957	-0.0906
2344	17	Hide	3	2	0.1950	-0.0881
2345	17	Hide	3	2	0.1942	-0.0856
2346	17	Hide	3	2	0.1934	-0.0831
2347	17	Hide	3	2	0.1926	-0.0806
2348	17	Hide	3	2	0.1919	-0.0781
2349	17	Hide	3	2	0.1911	-0.0756
2350	17	Hide	3	2	0.1903	-0.0731
2351	17	Hide	3	2	0.1895	-0.0706
2352	17	Hide	3	2	0.1888	-0.0681
2353	17	Hide	3	2	0.1880	-0.0656
2354	17	Hide	3	2	0.1872	-0.0631
2355	17	Hide	3	2	0.1864	-0.0605
2356	17	Hide	3	2	0.1857	-0.0580
2357	17	Hide	3	2	0.1849	-0.0555
2358	17	Hide	3	2	0.1841	-0.0530
2359	17	Hide	3	2	0.1834	-0.0505
2360	17	Hide	3	2	0.1826	-0.0480
2361	17	Hide	3	2	0.1818	-0.0455
2362	17	Hide	3	2	0.1810	-0.0430
2363	17	Hide	3	2	0.1803	-0.0405
2364	17	Hide	3	2	0.1795	-0.0380
2365	17	Hide	3	2	0.1787	-0.0355
2366	17	Hide	3	2	0.1779	-0.0330
2367	17	Hide	3	2	0.1772	-0.0304
2368	17	Hide	3	2	0.1764	-0.0279
2369	17	Hide	3	2	0.1756	-0.0254
2370	17	Hide	3	2	0.1749	-0.0229
2371	17	Hide	3	2	0.1741	-0.0204
2372	17	Hide	3	2	0.1733	-0.0179
2373	17	Hide	3	2	0.1725	-0.0154
2374	17	Hide	3	2	0.1718	-0.0129
2375	17	Hide	3	2	0.1710	-0.0104
2376	17	Hide	3	2	0.1702	-0.0079
2377	17	Hide	3	2	0.1694	-0.0054
2378	17	Hide	3	2	0.1687	-0.0029
2379	17	Hide	3	2	0.1679	-0.0003
2380	17	Hide	3	2	0.1671	0.0022
2381	17	Hide	3	2	0.1663	0.0047
2382	17	Hide	3	2	0.1656	0.0072
2383	17	Hide	3	2	0.1648	0.0097
2384	17	Hide	3	2	0.1640	0.0122
2385	17	Hide	3	2	0.1633	0.0147
2386	17	Hide	3	2	0.1625	0.0172
2387	17	Hide	3	2	0.1617	0.0197
2388	17	Hide	3	2	0.1609	0.0222
2389	17	Hide	3	2	0.1602	0.0247
2390	17	Hide	3	2	0.1594	0.0272
2391	17	Hide	3	2	0.1586	0.0298
2392	17	Hide	3	2	0.1578	0.0323
2393	17	Hide	3	2	0.1571	0.0348
2394	17	Hide	3	2	0.1563	0.0373
2395	17	Hide	3	2	0.1555	0.0398
2396	17	Hide	3	2	0.1547	0.0423
2397	17	Hide	3	2	0.1540	0.0448
2398	17	Hide	3	2	0.1532	0.0473
2399	17	Hide	3	2	0.1524	0.0498
2400	17	Hide	3	2	0.1516	0.0523
2401	17	Hide	3	2	0.1509	0.0548
2402	17	Hide	3	2	0.1501	0.0573
2403	17	Hide	3	2	0.1493	0.0599
2404	17	Hide	3	2	0.1486	0.0624
2405	17	Hide	3	2	0.1478	0.0649
2406	17	Hide	3	2	0.1470	0.0674
2407	17	Hide	3	2	0.1462	0.0699
2408	17	Hide	3	2	0.1455	0.0724
2409	17	Hide	3	2	0.1447	0.0749
2410	17	Hide	3	2	0.1439	0.0774
2411	17	Hide	3	2	0.1431	0.0799
2412	17	Hide	3	2	0.1424	0.0824
2413	17	Hide	3	2	0.1416	0.0849
2414	17	Hide	3	2	0.1408	0.0874
2415	17	Hide	3	2	0.1400	0.0899
2416	17	Hide	3	2	0.1393	0.0925
2417	17	Hide	3	2	0.1385	0.0950
2418	17	Hide	3	2	0.1377	0.0975
2419	17	Hide	3	2	0.1369	0.1000
2420	17	Hide	3	2	0.1362	0.1025
2421	17	Hide	3	2	0.1354	0.1050
2422	17	Hide	3	2	0.1346	0.1075
2423	17	Hide	3	2	0.1339	0.1100
2424	17	Hide	3	2	0.1331	0.1125
2425	17	Hide	3	2	0.1323	0.1150
2426	17	Hide	3	2	0.1315	0.1175
2427	17	Hide	3	2	0.1308	0.1200
2428	17	Hide	3	2	0.1300	0.1226
2429	17	Hide	3	2	0.1292	0.1251
2430	17	Hide	3	2	0.1284	0.1276
2431	17	Hide	3	2	0.1277	0.1301
2432	17	Hide	3	2	0.1269	0.1326
2433	17	Hide	3	2	0.1261	0.1351
2434	17	Hide	3	2	0.1253	0.1376
2435	17	Hide	3	2	0.1246	0.1401
2436	17	Hide	3	2	0.1238	0.1426
2437	17	Hide	3	2	0.1230	0.1451
2438	17	Hide	3	2	0.1222	0.1476
2439	17	Hide	3	2	0.1215	0.1501
2440	17	Hide	3	2	0.1207	0.1527
2441	17	Hide	3	2	0.1199	0.1552
2442	17	Hide	3	2	0.1191	0.1577
2443	17	Hide	3	2	0.1184	0.1602
2444	17	Hide	3	2	0.1176	0.1627
2445	17	Hide	3	2	0.1168	0.1652
2446	17	Hide	3	2	0.1161	0.1677
2447	17	Hide	3	2	0.1153	0.1702
2448	17	Hide	3	2	0.1145	0.1727
2449	17	Hide	3	2	0.1137	0.1752
2450	17	Hide	3	2	0.1130	0.1777
2451	17	Hide	3	2	0.1122	0.1802
2452	17	Hide	3	2	0.1114	0.1827
2453	17	Hide	3	2	0.1106	0.1853
2454	17	Hide	3	2	0.1099	0.1878
2455	17	Hide	3	2	0.1091	0.1903
2456	17	Hide	3	2	0.1083	0.1928
2457	17	Hide	3	2	0.1075	0.1953
2458	17	Hide	3	2	0.1068	0.1978
2459	17	Hide	3	2	0.1060	0.2003
2460	17	Hide	3	2	0.1052	0.2028
2461	17	Hide	3	2	0.1044	0.2053
2462	17	Hide	3	2	0.1037	0.2078
2463	17	Hide	3	2	0.1029	0.2103
2464	17	Hide	3	2	0.1021	0.2128
2465	17	Hide	3	2	0.1013	0.2154
2466	17	Hide	3	2	0.1006	0.2179
2467	17	Hide	3	2	0.0998	0.2204
2468	17	Hide	3	2	0.0990	0.2229
2469	17	Hide	3	2	0.0982	0.2254
2470	17	Hide	3	2	0.0975	0.2279
2471	17	Hide	3	2	0.0967	0.2304
2472	17	Hide	3	2	0.0959	0.2329
2473	17	Hide	3	2	0.0951	0.2354
2474	17	Hide	3	2	0.0944	0.2379
2475	17	Hide	3	2	0.0936	0.2404
2476	17	Hide	3	2	0.0928	0.2429
2477	17	Hide	3	2	0.0921	0.2454
2478	17	Hide	3	2	0.0913	0.2480
2479	17	Hide	3	2	0.0905	0.2505
2480	17	Hide	3	2	0.0897	0.2530
2481	17	Hide	3	2	0.0890	0.2555
2482	17	Hide	3	2	0.0882	0.2580
2483	17	Hide	3	2	0.0874	0.2605
2484	17	Hide	3	2	0.0866	0.2630
2485	17	Hide	3	2	0.0859	0.2655
2486	17	Hide	3	2	0.0851	0.2680
2487	17	Hide	3	2	0.0843	0.2705
2488	17	Hide	3	2	0.0835	0.2730
2489	17	Hide	3	2	0.0828	0.2755
2490	17	Hide	3	2	0.0820	0.2781
2491	17	Hide	3	2	0.0812	0.2806
2492	17	Hide	3	2	0.0804	0.2831
2493	17	Hide	3	2	0.0797	0.2856
2494	17	Hide	3	2	0.0789	0.2881
2495	17	Hide	3	2	0.0781	0.2906
2496	17	Hide	3	2	0.0773	0.2931
2497	17	Hide	3	2	0.0766	0.2956
2498	17	Hide	3	2	0.0758	0.2981
2499	17	Hide	3	2	0.0750	0.3006
2500	17	Hide	3	2	0.0742	0.3031
2501	17	Hide	3	2	0.0735	0.3056
2502	17	Hide	3	2	0.0727	0.3081
2503	17	Hide	3	2	0.0719	0.3107
2504	17	Hide	3	2	0.0711	0.3132
2505	17	Hide	3	2	0.0704	0.3157
2506	17	Hide	3	2	0.0696	0.3182
2507	17	Hide	3	2	0.0688	0.3207
2508	17	Hide	3	2	0.0680	0.3232
2509	17	Hide	3	2	0.0673	0.3257
2510	17	Hide	3	2	0.0665	0.3282
2511	17	Hide	3	2	0.0657	0.3307
2512	17	Hide	3	2	0.0649	0.3332
2513	17	Hide	3	2	0.0642	0.3357
2514	17	Hide	3	2	0.0634	0.3382
2515	17	Hide	3	2	0.0626	0.3408
2516	17	Hide	3	2	0.0618	0.3433
2517	17	Hide	3	2	0.0611	0.3458
2518	17	Hide	3	2	0.0603	0.3483
2519	17	Hide	3	2	0.0595	0.3508
2520	17	Hide	3	2	0.0587	0.3533
2521	17	Hide	3	2	0.0580	0.3558
2522	17	Hide	3	2	0.0572	0.3583
2523	17	Hide	3	2	0.0564	0.3608
2524	17	Hide	3	2	0.0556	0.3633
2525	17	Hide	3	2	0.0549	0.3658
2526	17	Hide	3	2	0.0541	0.3683
2527	17	Hide	3	2	0.0533	0.3708
2528	17	Hide	3	2	0.0525	0.3734
2529	17	Hide	3	2	0.0518	0.3759
2530	17	Hide	3	2	0.0510	0.3784
2531	17	Hide	3	2	0.0502	0.3809
2532	17	Hide	3	2	0.0494	0.3834
2533	17	Hide	3	2	0.0487	0.3859
2534	17	Hide	3	2	0.0479	0.3884
2535	17	Hide	3	2	0.0471	0.3909
2536	17	Hide	3	2	0.0463	0.3934
2537	17	Hide	3	2	0.0456	0.3959
2538	17	Hide	3	2	0.0448	0.3984
2539	17	Hide	3	2	0.0440	0.4009
2540	17	Hide	3	2	0.0432	0.4034
2541	17	Hide	3	2	0.0425	0.4060
2542	17	Hide	3	2	0.0417	0.4085
2543	17	Hide	3	2	0.0409	0.4110
2544	17	Hide	3	2	0.0401	0.4135
2545	17	Hide	3	2	0.0394	0.4160
2546	17	Hide	3	2	0.0386	0.4185
2547	17	Hide	3	2	0.0378	0.4210
2548	17	Hide	3	2	0.0370	0.4235
2549	17	Hide	3	2	0.0363	0.4260
2550	17	Hide	3	2	0.0355	0.4285
2551	17	Hide	3	2	0.0347	0.4310
2552	17	Hide	3	2	0.0339	0.4335
2553	17	Hide	3	2	0.0332	0.4360
2554	17	Hide	3	2	0.0324	0.4386
2555	17	Hide	3	2	0.0316	0.4411
2556	17	Hide	3	2	0.0308	0.4436
2557	17	Hide	3	2	0.0301	0.4461
2558	17	Hide	3	2	0.0293	0.4486
2559	17	Hide	3	2	0.0285	0.4511
2560	17	Hide	3	2	0.0277	0.4536
2561	17	Hide	3	2	0.0270	0.4561
2562	17	Hide	3	2	0.0262	0.4586
2563	17	Hide	3	2	0.0254	0.4611
2564	17	Hide	3	2	0.0246	0.4636
2565	17	Hide	3	2	0.0239	0.4661
2566	17	Hide	3	2	0.0231	0.4686
2567	17	Hide	3	2	0.0231	0.4686
2568	17	Hide	3	2	0.0231	0.4686
2569	17	Hide	3	2	0.0231	0.4686
2570	17	Hide	3	2	0.0231	0.4686
2571	17	Hide	3	2	0.0231	0.4686
2572	17	Hide	3	2	0.0231	0.4686
2573	17	Hide	3	2	0.0231	0.4686
2574	17	Hide	3	2	0.0231	0.4686
2575	17	Hide	3	2	0.0231	0.4686
2576	17	Hide	3	2	0.0231	0.4686
2577	17	Hide	3	2	0.0231	0.4686
2578	17	Hide	3	2	0.0231	0.4686
2579	17	Hide	3	2	0.0231	0.4686
2580	17	Hide	3	2	0.0231	0.4686
2581	17	Hide	3	2	0.0231	0.4686
2582	17	Hide	3	2	0.0231	0.4686
2583	17	Hide	3	2	0.0231	0.4686
2584	17	Hide	3	2	0.0231	0.4686
2585	17	Hide	3	2	0.0231	0.4686
2586	17	Hide	3	2	0.0231	0.4686
2587	17	Hide	3	2	0.0231	0.4686
2588	17	Hide	3	2	0.0231	0.4686
2589	17	Hide	3	2	0.0231	0.4686
2590	17	Hide	3	2	0.0231	0.4686
2591	17	Hide	3	2	0.0231	0.4686
2592	17	Hide	3	2	0.0231	0.4686
2593	17	Hide	3	2	0.0231	0.4686
2594	17	Hide	3	2	0.0231	0.4686
2595	17	Hide	3	2	0.0231	0.4686
2596	17	Hide	3	2	0.0231	0.4686
2597	17	Hide	3	2	0.0231	0.4686
2598	17	Hide	3	2	0.0231	0.4686
2599	17	Hide	3	2	0.0231	0.4686
2600	17	Hide	3	2	0.0231	0.4686
2601	17	Hide	3	2	0.0231	0.4686
2602	17	Hide	3	2	0.0231	0.4686
2603	17	Hide	3	2	0.0231	0.4686
2604	17	Hide	3	2	0.0231	0.4686
2605	17	Hide	3	2	0.0231	0.4686
2606	17	Hide	3	2	0.0231	0.4686
2607	17	Hide	3	2	0.0231	0.4686
2608	17	Hide	3	2	0.0231	0.4686
2609	17	Hide	3	2	0.0231	0.4686
2610	17	Hide	3	2	0.0231	0.4686
2611	17	Hide	3	2	0.0231	0.4686
2612	17	Hide	3	2	0.0231	0.4686
2613	17	Hide	3	2	0.0231	0.4686
2614	17	Hide	3	2	0.0231	0.4686
2615	17	Hide	3	2	0.0231	0.4686
2616	17	Hide	3	2	0.0231	0.4686
2617	17	Hide	3	2	0.0231	0.4686
2618	17	Hide	3	2	0.0231	0.4686
2619	17	Hide	3	2	0.0231	0.4686
2620	17	Hide	3	2	0.0231	0.4686
2621	17	Hide	3	2	0.0231	0.4686
2622	17	Hide	3	2	0.0231	0.4686
2623	17	Hide	3	2	0.0231	0.4686
2624	17	Hide	3	2	0.0231	0.4686
2625	17	Hide	3	2	0.0231	0.4686
2626	17	Hide	3	2	0.0231	0.4686
2627	17	Hide	3	2	0.0231	0.4686
2628	17	Hide	3	2	0.0231	0.4686
2629	17	Hide	3	2	0.0231	0.4686
2630	17	Hide	3	2	0.0231	0.4686
2631	17	Hide	3	2	0.0231	0.4686
2632	17	Hide	3	2	0.0231	0.4686
2633	17	Hide	3	2	0.0231	0.4686
2634	17	Hide	3	2	0.0231	0.4686
2635	17	Hide	3	2	0.0231	0.4686
2636	17	Hide	3	2	0.0231	0.4686
2637	17	Hide	3	2	0.0231	0.4686
2638	17	Hide	3	2	0.0231	0.4686
2639	17	Hide	3	2	0.0231	0.4686
2640	17	Hide	3	2	0.0231	0.4686
2641	17	Hide	3	2	0.0231	0.4686
2642	17	Hide	3	2	0.0231	0.4686
2643	17	Hide	3	2	0.0231	0.4686
2644	17	Hide	3	2	0.0231	0.4686
2645	17	Hide	3	2	0.0231	0.4686
2646	17	Hide	3	2	0.0231	0.4686
2647	17	Hide	3	2	0.0231	0.4686
2648	17	Hide	3	2	0.0231	0.4686
2649	17	Hide	3	2	0.0231	0.4686
2650	17	Hide	3	2	0.0231	0.4686
2651	17	Hide	3	2	0.0231	0.4686
2652	17	Hide	3	2	0.0231	0.4686
2653	17	Hide	3	2	0.0231	0.4686
2654	17	Hide	3	2	0.0231	0.4686
2655	17	Hide	3	2	0.0231	0.4686
2656	17	Hide	3	2	0.0231	0.4686
2657	17	Hide	3	2	0.0231	0.4686
2658	17	Hide	3	2	0.0231	0.4686
2659	17	Hide	3	2	0.0231	0.4686
2660	17	Hide	3	2	0.0231	0.4686
2661	17	Hide	3	2	0.0231	0.4686
2662	17	Hide	3	2	0.0231	0.4686
2663	17	Hide	3	2	0.0231	0.4686
2664	17	Hide	3	2	0.0231	0.4686
2665	17	Hide	3	2	0.0231	0.4686
2666	17	Explore	3	2	0.0231	0.4686
2667	18	Explore	2	3	0.0231	0.4686
2668	18	Explore	2	3	0.0230	0.4686
2669	18	Explore	2	3	0.0230	0.4686
2670	18	Explore	2	3	0.0230	0.4686
2671	18	Explore	2	3	0.0230	0.4685
2672	18	Explore	2	3	0.0230	0.4685
2673	18	Explore	2	3	0.0230	0.4685
2674	18	Explore	2	3	0.0229	0.4685
2675	18	Explore	2	3	0.0229	0.4685
2676	18	Explore	2	3	0.0229	0.4685
2677	18	Explore	2	3	0.0229	0.4685
2678	18	Explore	2	3	0.0229	0.4684
2679	18	Explore	2	3	0.0229	0.4684
2680	18	Explore	2	3	0.0228	0.4684
2681	18	Explore	2	3	0.0228	0.4684
2682	18	Explore	2	3	0.0228	0.4684
2683	18	Explore	2	3	0.0228	0.4684
2684	18	Explore	2	3	0.0228	0.4683
2685	18	Explore	2	3	0.0228	0.4683
2686	18	Explore	2	3	0.0228	0.4683
2687	18	Explore	2	3	0.0227	0.4683
2688	18	Explore	2	3	0.0227	0.4683
2689	18	Explore	2	3	0.0227	0.4683
2690	18	Explore	2	3	0.0227	0.4682
2691	18	Explore	2	3	0.0227	0.4682
2692	18	Explore	2	3	0.0226	0.4682
2693	18	Explore	2	3	0.0226	0.4682
2694	18	Explore	2	3	0.0226	0.4680
2695	18	Explore	2	3	0.0226	0.4675
2696	18	Explore	2	3	0.0226	0.4670
2697	18	Explore	2	3	0.0226	0.4666
2698	18	Explore	2	3	0.0226	0.4663
2699	18	Explore	2	3	0.0226	0.4659
2700	18	Hide	2	3	0.0226	0.4653
2701	19	Hide	1	4	0.0226	0.4654
2702	19	Hide	1	4	0.0200	0.4653
2703	19	Hide	1	4	0.0173	0.4653
2704	19	Hide	1	4	0.0147	0.4653
2705	19	Hide	1	4	0.0121	0.4653
2706	19	Hide	1	4	0.0095	0.4652
2707	19	Hide	1	4	0.0068	0.4652
2708	19	Hide	1	4	0.0042	0.4652
2709	19	Hide	1	4	0.0016	0.4652
2710	19	Hide	1	4	-0.0010	0.4651
2711	19	Hide	1	4	-0.0037	0.4651
2712	19	Hide	1	4	-0.0063	0.4651
2713	19	Hide	1	4	-0.0089	0.4651
2714	19	Hide	1	4	-0.0115	0.4650
2715	19	Hide	1	4	-0.0142	0.4650
2716	19	Hide	1	4	-0.0168	0.4650
2717	19	Hide	1	4	-0.0194	0.4650
2718	19	Hide	1	4	-0.0220	0.4650
2719	19	Hide	1	4	-0.0247	0.4649
2720	19	Hide	1	4	-0.0273	0.4649
2721	19	Hide	1	4	-0.0299	0.4649
2722	19	Hide	1	4	-0.0325	0.4649
2723	19	Hide	1	4	-0.0352	0.4648
2724	19	Hide	1	4	-0.0378	0.4648
2725	19	Hide	1	4	-0.0404	0.4648
2726	19	Hide	1	4	-0.0430	0.4648
2727	19	Hide	1	4	-0.0457	0.4647
2728	19	Hide	1	4	-0.0483	0.4647
2729	19	Hide	1	4	-0.0509	0.4647
2730	19	Hide	1	4	-0.0535	0.4647
2731	19	Hide	1	4	-0.0561	0.4646
2732	19	Hide	1	4	-0.0588	0.4646
2733	19	Hide	1	4	-0.0614	0.4646
2734	19	Hide	1	4	-0.0640	0.4646
2735	19	Hide	1	4	-0.0666	0.4645
2736	19	Hide	1	4	-0.0693	0.4645
2737	19	Hide	1	4	-0.0719	0.4645
2738	19	Hide	1	4	-0.0745	0.4645
2739	19	Hide	1	4	-0.0771	0.4644
2740	19	Hide	1	4	-0.0798	0.4644
2741	19	Hide	1	4	-0.0824	0.4644
2742	19	Hide	1	4	-0.0850	0.4644
2743	19	Hide	1	4	-0.0876	0.4643
2744	19	Hide	1	4	-0.0903	0.4643
2745	19	Hide	1	4	-0.0929	0.4643
2746	19	Hide	1	4	-0.0955	0.4643
2747	19	Hide	1	4	-0.0981	0.4643
2748	19	Hide	1	4	-0.1008	0.4642
2749	19	Hide	1	4	-0.1034	0.4642
2750	19	Hide	1	4	-0.1060	0.4642
2751	19	Hide	1	4	-0.1086	0.4642
2752	19	Hide	1	4	-0.1113	0.4641
2753	19	Hide	1	4	-0.1139	0.4641
2754	19	Hide	1	4	-0.1165	0.4641
2755	19	Hide	1	4	-0.1191	0.4641
2756	19	Hide	1	4	-0.1218	0.4640
2757	19	Hide	1	4	-0.1218	0.4641
2758	19	Hide	1	4	-0.1218	0.4641
2759	19	Hide	1	4	-0.1244	0.4643
2760	19	Hide	1	4	-0.1270	0.4644
2761	19	Hide	1	4	-0.1296	0.4646
2762	19	Hide	1	4	-0.1323	0.4648
2763	19	Hide	1	4	-0.1349	0.4650
2764	19	Hide	1	4	-0.1375	0.4652
2765	19	Hide	1	4	-0.1401	0.4653
2766	19	Hide	1	4	-0.1427	0.4655
2767	19	Hide	1	4	-0.1453	0.4657
2768	19	Hide	1	4	-0.1480	0.4659
2769	19	Hide	1	4	-0.1506	0.4661
2770	19	Hide	1	4	-0.1532	0.4662
2771	19	Hide	1	4	-0.1558	0.4664
2772	19	Hide	1	4	-0.1584	0.4666
2773	19	Hide	1	4	-0.1611	0.4667
2774	19	Hide	1	4	-0.1637	0.4667
2775	19	Hide	1	4	-0.1663	0.4667
2776	19	Hide	1	4	-0.1689	0.4667
2777	19	Hide	1	4	-0.1715	0.4667
2778	19	Hide	1	4	-0.1742	0.4667
2779	19	Hide	1	4	-0.1768	0.4667
2780	19	Hide	1	4	-0.1794	0.4667
2781	19	Hide	1	4	-0.1820	0.4667
2782	19	Hide	1	4	-0.1846	0.4667
2783	19	Hide	1	4	-0.1872	0.4667
2784	19	Hide	1	4	-0.1899	0.4667
2785	19	Hide	1	4	-0.1925	0.4667
2786	19	Hide	1	4	-0.1951	0.4667
2787	19	Hide	1	4	-0.1977	0.4667
2788	19	Hide	1	4	-0.2003	0.4667
2789	19	Hide	1	4	-0.2030	0.4667
2790	19	Hide	1	4	-0.2056	0.4667
2791	19	Hide	1	4	-0.2082	0.4667
2792	19	Hide	1	4	-0.2108	0.4667
2793	19	Hide	1	4	-0.2134	0.4667
2794	19	Hide	1	4	-0.2160	0.4667
2795	19	Hide	1	4	-0.2187	0.4667
2796	19	Hide	1	4	-0.2213	0.4667
2797	19	Hide	1	4	-0.2239	0.4667
2798	19	Hide	1	4	-0.2265	0.4667
2799	19	Hide	1	4	-0.2291	0.4667
2800	19	Hide	1	4	-0.2317	0.4667
2801	19	Hide	1	4	-0.2344	0.4667
2802	19	Hide	1	4	-0.2370	0.4667
2803	19	Hide	1	4	-0.2396	0.4667
2804	19	Hide	1	4	-0.2422	0.4667
2805	19	Hide	1	4	-0.2448	0.4667
2806	19	Hide	1	4	-0.2475	0.4667
2807	19	Hide	1	4	-0.2501	0.4667
2808	19	Hide	1	4	-0.2527	0.4667
2809	19	Hide	1	4	-0.2553	0.4667
2810	19	Hide	1	4	-0.2579	0.4667
2811	19	Hide	1	4	-0.2605	0.4667
2812	19	Hide	1	4	-0.2632	0.4667
2813	19	Hide	1	4	-0.2658	0.4667
2814	19	Hide	1	4	-0.2684	0.4667
2815	19	Hide	1	4	-0.2710	0.4667
2816	19	Hide	1	4	-0.2736	0.4667
2817	19	Hide	1	4	-0.2762	0.4667
2818	19	Hide	1	4	-0.2789	0.4667
2819	19	Hide	1	4	-0.2815	0.4667
2820	19	Hide	1	4	-0.2841	0.4667
2821	19	Hide	1	4	-0.2867	0.4667
2822	19	Hide	1	4	-0.2893	0.4667
2823	19	Hide	1	4	-0.2919	0.4667
2824	19	Hide	1	4	-0.2946	0.4668
2825	19	Hide	1	4	-0.2972	0.4668
2826	19	Hide	1	4	-0.2998	0.4668
2827	19	Hide	1	4	-0.3024	0.4668
2828	19	Hide	1	4	-0.3050	0.4668
2829	19	Hide	1	4	-0.3076	0.4668
2830	19	Hide	1	4	-0.3103	0.4668
2831	19	Hide	1	4	-0.3129	0.4668
2832	19	Hide	1	4	-0.3155	0.4668
2833	19	Hide	1	4	-0.3181	0.4668
2834	19	Hide	1	4	-0.3207	0.4668
2835	19	Hide	1	4	-0.3233	0.4668
2836	19	Hide	1	4	-0.3260	0.4668
2837	19	Hide	1	4	-0.3286	0.4668
2838	19	Hide	1	4	-0.3312	0.4668
2839	19	Hide	1	4	-0.3338	0.4668
2840	19	Hide	1	4	-0.3364	0.4668
2841	19	Hide	1	4	-0.3390	0.4668
2842	19	Hide	1	4	-0.3417	0.4668
2843	19	Hide	1	4	-0.3443	0.4668
2844	19	Hide	1	4	-0.3469	0.4668
2845	19	Hide	1	4	-0.3495	0.4668
2846	19	Hide	1	4	-0.3521	0.4668
2847	19	Hide	1	4	-0.3547	0.4668
2848	19	Hide	1	4	-0.3574	0.4668
2849	19	Hide	1	4	-0.3600	0.4668
2850	19	Hide	1	4	-0.3626	0.4668
2851	19	Hide	1	4	-0.3652	0.4668
2852	19	Hide	1	4	-0.3678	0.4668
2853	19	Hide	1	4	-0.3704	0.4668
2854	19	Hide	1	4	-0.3730	0.4668
2855	19	Hide	1	4	-0.3757	0.4668
2856	19	Hide	1	4	-0.3783	0.4668
2857	19	Hide	1	4	-0.3809	0.4668
2858	19	Hide	1	4	-0.3835	0.4668
2859	19	Hide	1	4	-0.3861	0.4668
2860	19	Hide	1	4	-0.3887	0.4668
2861	19	Hide	1	4	-0.3914	0.4668
2862	19	Hide	1	4	-0.3940	0.4668
2863	19	Hide	1	4	-0.3966	0.4668
2864	19	Hide	1	4	-0.3992	0.4668
2865	19	Hide	1	4	-0.4018	0.4668
2866	19	Hide	1	4	-0.4044	0.4668
2867	19	Hide	1	4	-0.4070	0.4668
2868	19	Hide	1	4	-0.4097	0.4668
2869	19	Hide	1	4	-0.4123	0.4668
2870	19	Hide	1	4	-0.4149	0.4668
2871	19	Hide	1	4	-0.4175	0.4668
2872	19	Hide	1	4	-0.4201	0.4668
2873	19	Hide	1	4	-0.4227	0.4668
2874	19	Hide	1	4	-0.4254	0.4668
2875	19	Hide	1	4	-0.4280	0.4668
2876	19	Hide	1	4	-0.4306	0.4668
2877	19	Hide	1	4	-0.4332	0.4668
2878	19	Hide	1	4	-0.4358	0.4668
2879	19	Hide	1	4	-0.4384	0.4668
2880	19	Hide	1	4	-0.4410	0.4668
2881	19	Hide	1	4	-0.4437	0.4669
2882	19	Hide	1	4	-0.4463	0.4669
2883	19	Hide	1	4	-0.4489	0.4669
2884	19	Hide	1	4	-0.4515	0.4669
2885	19	Hide	1	4	-0.4541	0.4669
2886	19	Hide	1	4	-0.4567	0.4669
2887	19	Hide	1	4	-0.4593	0.4669
2888	19	Hide	1	4	-0.4620	0.4669
2889	19	Hide	1	4	-0.4646	0.4669
2890	19	Hide	1	4	-0.4672	0.4669
2891	19	Hide	1	4	-0.4698	0.4669
2892	19	Hide	1	4	-0.4698	0.4669
2893	19	Hide	1	4	-0.4698	0.4669
2894	19	Hide	1	4	-0.4698	0.4668
2895	19	Hide	1	4	-0.4698	0.4668
2896	19	Hide	1	4	-0.4698	0.4668
2897	19	Hide	1	4	-0.4698	0.4668
2898	19	Hide	1	4	-0.4698	0.4668
2899	19	Hide	1	4	-0.4698	0.4668
2900	19	Hide	1	4	-0.4698	0.4668
2901	19	Hide	1	4	-0.4698	0.4668
2902	19	Hide	1	4	-0.4698	0.4668
2903	19	Hide	1	4	-0.4698	0.4668
2904	19	Hide	1	4	-0.4698	0.4668
2905	19	Hide	1	4	-0.4698	0.4668
2906	19	Hide	1	4	-0.4698	0.4668
2907	19	Hide	1	4	-0.4698	0.4668
2908	19	Hide	1	4	-0.4698	0.4668
2909	19	Hide	1	4	-0.4698	0.4668
2910	19	Hide	1	4	-0.4698	0.4668
2911	19	Hide	1	4	-0.4698	0.4668
2912	19	Hide	1	4	-0.4698	0.4668
2913	19	Hide	1	4	-0.4698	0.4668
2914	19	Hide	1	4	-0.4698	0.4668
2915	19	Hide	1	4	-0.4698	0.4668
2916	19	Hide	1	4	-0.4698	0.4668
2917	19	Hide	1	4	-0.4698	0.4668
2918	19	Hide	1	4	-0.4698	0.4668
2919	19	Hide	1	4	-0.4698	0.4668
2920	19	Hide	1	4	-0.4698	0.4668
2921	19	Hide	1	4	-0.4698	0.4668
2922	19	Hide	1	4	-0.4698	0.4668
2923	19	Hide	1	4	-0.4698	0.4668
2924	19	Hide	1	4	-0.4698	0.4668
2925	19	Hide	1	4	-0.4698	0.4668
2926	19	Hide	1	4	-0.4698	0.4668
2927	19	Hide	1	4	-0.4698	0.4668
2928	19	Hide	1	4	-0.4698	0.4668
2929	19	Hide	1	4	-0.4698	0.4668
2930	19	Hide	1	4	-0.4698	0.4668
2931	19	Hide	1	4	-0.4698	0.4668
2932	19	Hide	1	4	-0.4698	0.4668
2933	19	Hide	1	4	-0.4698	0.4668
2934	19	Hide	1	4	-0.4698	0.4668
2935	19	Hide	1	4	-0.4698	0.4668
2936	19	Hide	1	4	-0.4698	0.4668
2937	19	Hide	1	4	-0.4698	0.4668
2938	19	Hide	1	4	-0.4698	0.4668
2939	19	Hide	1	4	-0.4698	0.4668
2940	19	Hide	1	4	-0.4698	0.4668
2941	19	Hide	1	4	-0.4698	0.4668
2942	19	Hide	1	4	-0.4698	0.4668
2943	19	Hide	1	4	-0.4698	0.4668
2944	19	Hide	1	4	-0.4698	0.4668
2945	19	Hide	1	4	-0.4698	0.4668
2946	19	Hide	1	4	-0.4698	0.4668
2947	19	Hide	1	4	-0.4698	0.4668
2948	19	Hide	1	4	-0.4698	0.4668
2949	19	Hide	1	4	-0.4698	0.4668
2950	19	Hide	1	4	-0.4698	0.4668
2951	19	Hide	1	4	-0.4698	0.4668
2952	19	Hide	1	4	-0.4698	0.4668
2953	19	Hide	1	4	-0.4698	0.4668
2954	19	Hide	1	4	-0.4698	0.4668
2955	19	Hide	1	4	-0.4698	0.4668
2956	19	Hide	1	4	-0.4698	0.4668
2957	19	Hide	1	4	-0.4698	0.4668
2958	19	Hide	1	4	-0.4698	0.4668
2959	19	Hide	1	4	-0.4698	0.4668
2960	19	Hide	1	4	-0.4698	0.4668
2961	19	Hide	1	4	-0.4698	0.4668
2962	19	Hide	1	4	-0.4698	0.4668
2963	19	Hide	1	4	-0.4698	0.4668
2964	19	Hide	1	4	-0.4698	0.4668
2965	19	Hide	1	4	-0.4698	0.4668
2966	19	Hide	1	4	-0.4698	0.4668
2967	19	Hide	1	4	-0.4698	0.4668
2968	19	Hide	1	4	-0.4698	0.4668
2969	19	Hide	1	4	-0.4698	0.4668
2970	19	Hide	1	4	-0.4698	0.4668
2971	19	Hide	1	4	-0.4698	0.4668
2972	19	Hide	1	4	-0.4698	0.4668
2973	19	Hide	1	4	-0.4698	0.4668
2974	19	Hide	1	4	-0.4698	0.4668
2975	19	Hide	1	4	-0.4698	0.4668
2976	19	Hide	1	4	-0.4698	0.4668
2977	19	Hide	1	4	-0.4698	0.4668
2978	19	Hide	1	4	-0.4698	0.4668
2979	19	Hide	1	4	-0.4698	0.4668
2980	19	Hide	1	4	-0.4698	0.4668
2981	19	Hide	1	4	-0.4698	0.4668
2982	19	Hide	1	4	-0.4698	0.4668
2983	19	Hide	1	4	-0.4698	0.4668
2984	19	Hide	1	4	-0.4698	0.4668
2985	19	Hide	1	4	-0.4698	0.4668
2986	19	Hide	1	4	-0.4698	0.4668
2987	19	Hide	1	4	-0.4698	0.4668
2988	19	Hide	1	4	-0.4698	0.4668
2989	19	Hide	1	4	-0.4698	0.4668
2990	19	Hide	1	4	-0.4698	0.4668
2991	19	Explore	1	4	-0.4698	0.4668
