TimeStep	Transitions	State	FearLevel	HungerLevel	PosX	posZ
0	0	Hide	20	0	0.1863	-0.1251
1	1	Hide	19	1	0.1863	-0.1251
2	1	Hide	19	1	0.1864	-0.1251
3	1	Hide	19	1	0.1864	-0.1251
4	1	Hide	19	1	0.1864	-0.1251
5	1	Hide	19	1	0.1864	-0.1251
6	1	Hide	19	1	0.1859	-0.1225
7	1	Hide	19	1	0.1854	-0.1200
8	1	Hide	19	1	0.1849	-0.1174
9	1	Hide	19	1	0.1844	-0.1148
10	1	Hide	19	1	0.1840	-0.1122
11	1	Hide	19	1	0.1835	-0.1096
12	1	Hide	19	1	0.1830	-0.1071
13	1	Hide	19	1	0.1825	-0.1045
14	1	Hide	19	1	0.1820	-0.1019
15	1	Hide	19	1	0.1815	-0.0993
16	1	Hide	19	1	0.1810	-0.0968
17	1	Hide	19	1	0.1805	-0.0942
18	1	Hide	19	1	0.1800	-0.0916
19	1	Hide	19	1	0.1795	-0.0890
20	1	Hide	19	1	0.1790	-0.0864
21	1	Hide	19	1	0.1785	-0.0839
22	1	Hide	19	1	0.1780	-0.0813
23	1	Hide	19	1	0.1776	-0.0787
24	1	Hide	19	1	0.1771	-0.0761
25	1	Hide	19	1	0.1766	-0.0736
26	1	Hide	19	1	0.1761	-0.0710
27	1	Hide	19	1	0.1756	-0.0684
28	1	Hide	19	1	0.1751	-0.0658
29	1	Hide	19	1	0.1746	-0.0632
30	1	Hide	19	1	0.1741	-0.0607
31	1	Hide	19	1	0.1736	-0.0581
32	1	Hide	19	1	0.1731	-0.0555
33	1	Hide	19	1	0.1726	-0.0529
34	1	Hide	19	1	0.1721	-0.0503
35	1	Hide	19	1	0.1716	-0.0478
36	1	Hide	19	1	0.1712	-0.0452
37	1	Hide	19	1	0.1707	-0.0426
38	1	Hide	19	1	0.1702	-0.0400
39	1	Hide	19	1	0.1697	-0.0375
40	1	Hide	19	1	0.1692	-0.0349
41	1	Hide	19	1	0.1687	-0.0323
42	1	Hide	19	1	0.1682	-0.0297
43	1	Hide	19	1	0.1677	-0.0271
44	1	Hide	19	1	0.1672	-0.0246
45	1	Hide	19	1	0.1667	-0.0220
46	1	Hide	19	1	0.1662	-0.0194
47	1	Hide	19	1	0.1657	-0.0168
48	1	Hide	19	1	0.1652	-0.0143
49	1	Hide	19	1	0.1648	-0.0117
50	1	Hide	19	1	0.1643	-0.0091
51	1	Hide	19	1	0.1638	-0.0065
52	1	Hide	19	1	0.1633	-0.0039
53	1	Hide	19	1	0.1628	-0.0014
54	1	Hide	19	1	0.1623	0.0012
55	1	Hide	19	1	0.1618	0.0038
56	1	Hide	19	1	0.1613	0.0064
57	1	Hide	19	1	0.1608	0.0090
58	1	Hide	19	1	0.1603	0.0115
59	1	Hide	19	1	0.1598	0.0141
60	1	Hide	19	1	0.1593	0.0167
61	1	Hide	19	1	0.1588	0.0193
62	1	Hide	19	1	0.1583	0.0218
63	1	Hide	19	1	0.1579	0.0244
64	1	Hide	19	1	0.1574	0.0270
65	1	Hide	19	1	0.1569	0.0296
66	1	Hide	19	1	0.1564	0.0322
67	1	Hide	19	1	0.1559	0.0347
68	1	Hide	19	1	0.1554	0.0373
69	1	Hide	19	1	0.1549	0.0399
70	1	Hide	19	1	0.1544	0.0425
71	1	Hide	19	1	0.1539	0.0450
72	1	Hide	19	1	0.1534	0.0476
73	1	Hide	19	1	0.1529	0.0502
74	1	Hide	19	1	0.1524	0.0528
75	1	Hide	19	1	0.1519	0.0554
76	1	Hide	19	1	0.1514	0.0579
77	1	Hide	19	1	0.1510	0.0605
78	1	Hide	19	1	0.1505	0.0631
79	1	Hide	19	1	0.1500	0.0657
80	1	Hide	19	1	0.1495	0.0682
81	1	Hide	19	1	0.1490	0.0708
82	1	Hide	19	1	0.1485	0.0734
83	1	Hide	19	1	0.1480	0.0760
84	1	Hide	19	1	0.1475	0.0786
85	1	Hide	19	1	0.1470	0.0811
86	1	Hide	19	1	0.1465	0.0837
87	1	Hide	19	1	0.1460	0.0863
88	1	Hide	19	1	0.1455	0.0889
89	1	Hide	19	1	0.1450	0.0915
90	1	Hide	19	1	0.1445	0.0940
91	1	Hide	19	1	0.1440	0.0966
92	1	Hide	19	1	0.1436	0.0992
93	1	Hide	19	1	0.1431	0.1018
94	1	Hide	19	1	0.1426	0.1043
95	1	Hide	19	1	0.1421	0.1069
96	1	Hide	19	1	0.1416	0.1095
97	1	Hide	19	1	0.1411	0.1121
98	1	Hide	19	1	0.1406	0.1147
99	1	Hide	19	1	0.1401	0.1172
100	1	Hide	19	1	0.1396	0.1198
101	1	Hide	19	1	0.1391	0.1224
102	1	Hide	19	1	0.1386	0.1250
103	1	Hide	19	1	0.1381	0.1275
104	1	Hide	19	1	0.1376	0.1301
105	1	Hide	19	1	0.1371	0.1327
106	1	Hide	19	1	0.1367	0.1353
107	1	Hide	19	1	0.1362	0.1379
108	1	Hide	19	1	0.1357	0.1404
109	1	Hide	19	1	0.1352	0.1430
110	1	Hide	19	1	0.1347	0.1456
111	1	Hide	19	1	0.1342	0.1482
112	1	Hide	19	1	0.1337	0.1507
113	1	Hide	19	1	0.1332	0.1533
114	1	Hide	19	1	0.1327	0.1559
115	1	Hide	19	1	0.1322	0.1585
116	1	Hide	19	1	0.1317	0.1611
117	1	Hide	19	1	0.1312	0.1636
118	1	Hide	19	1	0.1307	0.1662
119	1	Hide	19	1	0.1302	0.1688
120	1	Hide	19	1	0.1297	0.1714
121	1	Hide	19	1	0.1292	0.1739
122	1	Hide	19	1	0.1288	0.1765
123	1	Hide	19	1	0.1283	0.1791
124	1	Hide	19	1	0.1278	0.1817
125	1	Hide	19	1	0.1273	0.1843
126	1	Hide	19	1	0.1268	0.1868
127	1	Hide	19	1	0.1263	0.1894
128	1	Hide	19	1	0.1258	0.1920
129	1	Hide	19	1	0.1253	0.1946
130	1	Hide	19	1	0.1248	0.1971
131	1	Hide	19	1	0.1243	0.1997
132	1	Hide	19	1	0.1238	0.2023
133	1	Hide	19	1	0.1233	0.2049
134	1	Hide	19	1	0.1228	0.2075
135	1	Hide	19	1	0.1223	0.2100
136	1	Hide	19	1	0.1218	0.2126
137	1	Hide	19	1	0.1213	0.2152
138	1	Hide	19	1	0.1209	0.2178
139	1	Hide	19	1	0.1204	0.2204
140	1	Hide	19	1	0.1199	0.2229
141	1	Hide	19	1	0.1194	0.2255
142	1	Hide	19	1	0.1189	0.2281
143	1	Hide	19	1	0.1184	0.2307
144	1	Hide	19	1	0.1179	0.2332
145	1	Hide	19	1	0.1174	0.2358
146	1	Hide	19	1	0.1169	0.2384
147	1	Hide	19	1	0.1164	0.2410
148	1	Hide	19	1	0.1159	0.2436
149	1	Hide	19	1	0.1154	0.2461
150	1	Hide	19	1	0.1149	0.2487
151	1	Hide	19	1	0.1144	0.2513
152	1	Hide	19	1	0.1139	0.2539
153	1	Hide	19	1	0.1134	0.2564
154	1	Hide	19	1	0.1130	0.2590
155	1	Hide	19	1	0.1125	0.2616
156	1	Hide	19	1	0.1120	0.2642
157	1	Hide	19	1	0.1115	0.2668
158	1	Hide	19	1	0.1110	0.2693
159	1	Hide	19	1	0.1105	0.2719
160	1	Hide	19	1	0.1100	0.2745
161	1	Hide	19	1	0.1095	0.2771
162	1	Hide	19	1	0.1090	0.2796
163	1	Hide	19	1	0.1085	0.2822
164	1	Hide	19	1	0.1080	0.2848
165	1	Hide	19	1	0.1075	0.2874
166	1	Hide	19	1	0.1070	0.2900
167	1	Hide	19	1	0.1065	0.2925
168	1	Hide	19	1	0.1060	0.2951
169	1	Hide	19	1	0.1055	0.2977
170	1	Hide	19	1	0.1050	0.3003
171	1	Hide	19	1	0.1046	0.3028
172	1	Hide	19	1	0.1041	0.3054
173	1	Hide	19	1	0.1036	0.3080
174	1	Hide	19	1	0.1031	0.3106
175	1	Hide	19	1	0.1026	0.3132
176	1	Hide	19	1	0.1021	0.3157
177	1	Hide	19	1	0.1016	0.3183
178	1	Hide	19	1	0.1011	0.3209
179	1	Hide	19	1	0.1006	0.3235
180	1	Hide	19	1	0.1001	0.3260
181	1	Hide	19	1	0.0996	0.3286
182	1	Hide	19	1	0.0991	0.3312
183	1	Hide	19	1	0.0986	0.3338
184	1	Hide	19	1	0.0981	0.3364
185	1	Hide	19	1	0.0976	0.3389
186	1	Hide	19	1	0.0971	0.3415
187	1	Hide	19	1	0.0966	0.3441
188	1	Hide	19	1	0.0961	0.3467
189	1	Hide	19	1	0.0957	0.3492
190	1	Hide	19	1	0.0952	0.3518
191	1	Hide	19	1	0.0947	0.3544
192	1	Hide	19	1	0.0942	0.3570
193	1	Hide	19	1	0.0937	0.3596
194	1	Hide	19	1	0.0932	0.3621
195	1	Hide	19	1	0.0927	0.3647
196	1	Hide	19	1	0.0922	0.3673
197	1	Hide	19	1	0.0917	0.3699
198	1	Hide	19	1	0.0912	0.3724
199	1	Hide	19	1	0.0907	0.3750
200	1	Hide	19	1	0.0902	0.3776
201	1	Hide	19	1	0.0897	0.3802
202	1	Hide	19	1	0.0892	0.3828
203	1	Hide	19	1	0.0887	0.3853
204	1	Hide	19	1	0.0882	0.3879
205	1	Hide	19	1	0.0877	0.3905
206	1	Hide	19	1	0.0872	0.3931
207	1	Hide	19	1	0.0868	0.3956
208	1	Hide	19	1	0.0863	0.3982
209	1	Hide	19	1	0.0858	0.4008
210	1	Hide	19	1	0.0853	0.4034
211	1	Hide	19	1	0.0848	0.4060
212	1	Hide	19	1	0.0843	0.4085
213	1	Hide	19	1	0.0838	0.4111
214	1	Hide	19	1	0.0833	0.4137
215	1	Hide	19	1	0.0828	0.4163
216	1	Hide	19	1	0.0823	0.4188
217	1	Hide	19	1	0.0818	0.4214
218	1	Hide	19	1	0.0813	0.4240
219	1	Hide	19	1	0.0808	0.4266
220	1	Hide	19	1	0.0803	0.4292
221	1	Hide	19	1	0.0798	0.4317
222	1	Hide	19	1	0.0793	0.4343
223	1	Hide	19	1	0.0788	0.4369
224	1	Hide	19	1	0.0783	0.4395
225	1	Hide	19	1	0.0778	0.4420
226	1	Hide	19	1	0.0773	0.4446
227	1	Hide	19	1	0.0769	0.4472
228	1	Hide	19	1	0.0764	0.4498
229	1	Hide	19	1	0.0759	0.4524
230	1	Hide	19	1	0.0754	0.4549
231	1	Hide	19	1	0.0749	0.4575
232	1	Hide	19	1	0.0744	0.4601
233	1	Hide	19	1	0.0739	0.4627
234	1	Hide	19	1	0.0734	0.4652
235	1	Hide	19	1	0.0729	0.4678
236	1	Hide	19	1	0.0729	0.4678
237	1	Hide	19	1	0.0729	0.4678
238	1	Hide	19	1	0.0729	0.4678
239	1	Hide	19	1	0.0729	0.4678
240	1	Hide	19	1	0.0729	0.4678
241	1	Hide	19	1	0.0729	0.4678
242	1	Hide	19	1	0.0729	0.4678
243	1	Hide	19	1	0.0729	0.4678
244	1	Hide	19	1	0.0729	0.4678
245	1	Hide	19	1	0.0729	0.4678
246	1	Hide	19	1	0.0729	0.4678
247	1	Hide	19	1	0.0729	0.4678
248	1	Hide	19	1	0.0729	0.4678
249	1	Hide	19	1	0.0729	0.4678
250	1	Hide	19	1	0.0729	0.4678
251	1	Hide	19	1	0.0729	0.4678
252	1	Hide	19	1	0.0729	0.4678
253	1	Hide	19	1	0.0729	0.4678
254	1	Hide	19	1	0.0729	0.4678
255	1	Hide	19	1	0.0729	0.4678
256	1	Hide	19	1	0.0729	0.4678
257	1	Hide	19	1	0.0729	0.4678
258	1	Hide	19	1	0.0729	0.4678
259	1	Hide	19	1	0.0729	0.4678
260	1	Hide	19	1	0.0729	0.4678
261	1	Hide	19	1	0.0729	0.4678
262	1	Hide	19	1	0.0729	0.4678
263	1	Hide	19	1	0.0729	0.4678
264	1	Hide	19	1	0.0729	0.4678
265	1	Hide	19	1	0.0729	0.4678
266	1	Hide	19	1	0.0729	0.4678
267	1	Hide	19	1	0.0729	0.4678
268	1	Hide	19	1	0.0729	0.4678
269	1	Hide	19	1	0.0729	0.4678
270	1	Hide	19	1	0.0729	0.4678
271	1	Hide	19	1	0.0729	0.4678
272	1	Hide	19	1	0.0729	0.4678
273	1	Hide	19	1	0.0729	0.4678
274	1	Hide	19	1	0.0729	0.4678
275	1	Hide	19	1	0.0729	0.4678
276	1	Hide	19	1	0.0729	0.4678
277	1	Hide	19	1	0.0729	0.4678
278	1	Hide	19	1	0.0729	0.4678
279	1	Hide	19	1	0.0729	0.4678
280	1	Hide	19	1	0.0729	0.4678
281	1	Hide	19	1	0.0729	0.4678
282	1	Hide	19	1	0.0729	0.4678
283	1	Hide	19	1	0.0729	0.4678
284	1	Hide	19	1	0.0729	0.4678
285	1	Hide	19	1	0.0729	0.4678
286	1	Hide	19	1	0.0729	0.4678
287	1	Hide	19	1	0.0729	0.4678
288	1	Hide	19	1	0.0729	0.4678
289	1	Hide	19	1	0.0729	0.4678
290	1	Hide	19	1	0.0729	0.4678
291	1	Hide	19	1	0.0729	0.4678
292	1	Hide	19	1	0.0729	0.4678
293	1	Hide	19	1	0.0729	0.4678
294	1	Hide	19	1	0.0729	0.4678
295	1	Hide	19	1	0.0729	0.4678
296	1	Hide	19	1	0.0729	0.4678
297	1	Hide	19	1	0.0729	0.4678
298	1	Hide	19	1	0.0729	0.4678
299	1	Hide	19	1	0.0729	0.4678
300	1	Hide	19	1	0.0729	0.4678
301	1	Hide	19	1	0.0729	0.4678
302	1	Hide	19	1	0.0729	0.4678
303	1	Hide	19	1	0.0729	0.4678
304	1	Hide	19	1	0.0729	0.4678
305	1	Hide	19	1	0.0729	0.4678
306	1	Hide	19	1	0.0729	0.4678
307	1	Hide	19	1	0.0729	0.4678
308	1	Hide	19	1	0.0729	0.4678
309	1	Hide	19	1	0.0729	0.4678
310	1	Hide	19	1	0.0729	0.4678
311	1	Hide	19	1	0.0729	0.4678
312	1	Hide	19	1	0.0729	0.4678
313	1	Hide	19	1	0.0729	0.4678
314	1	Hide	19	1	0.0729	0.4678
315	1	Hide	19	1	0.0729	0.4678
316	1	Hide	19	1	0.0729	0.4678
317	1	Hide	19	1	0.0729	0.4678
318	1	Hide	19	1	0.0729	0.4678
319	1	Hide	19	1	0.0729	0.4678
320	1	Hide	19	1	0.0729	0.4678
321	1	Hide	19	1	0.0729	0.4678
322	1	Hide	19	1	0.0729	0.4678
323	1	Hide	19	1	0.0729	0.4678
324	1	Hide	19	1	0.0729	0.4678
325	1	Hide	19	1	0.0729	0.4678
326	1	Hide	19	1	0.0729	0.4678
327	1	Hide	19	1	0.0729	0.4678
328	1	Hide	19	1	0.0729	0.4678
329	1	Hide	19	1	0.0729	0.4678
330	1	Hide	19	1	0.0729	0.4678
331	1	Hide	19	1	0.0729	0.4678
332	1	Hide	19	1	0.0729	0.4678
333	1	Hide	19	1	0.0729	0.4678
334	1	Hide	19	1	0.0729	0.4678
335	1	Explore	19	1	0.0729	0.4678
336	2	Explore	18	2	0.0729	0.4678
337	2	Explore	18	2	0.0729	0.4678
338	2	Explore	18	2	0.0728	0.4678
339	2	Explore	18	2	0.0728	0.4678
340	2	Explore	18	2	0.0728	0.4677
341	2	Explore	18	2	0.0728	0.4677
342	2	Explore	18	2	0.0728	0.4677
343	2	Explore	18	2	0.0727	0.4677
344	2	Explore	18	2	0.0727	0.4677
345	2	Explore	18	2	0.0727	0.4677
346	2	Explore	18	2	0.0727	0.4676
347	2	Explore	18	2	0.0727	0.4676
348	2	Explore	18	2	0.0726	0.4676
349	2	Explore	18	2	0.0726	0.4676
350	2	Explore	18	2	0.0726	0.4676
351	2	Explore	18	2	0.0726	0.4676
352	2	Explore	18	2	0.0726	0.4676
353	2	Explore	18	2	0.0726	0.4675
354	2	Explore	18	2	0.0726	0.4675
355	2	Explore	18	2	0.0725	0.4675
356	2	Explore	18	2	0.0725	0.4675
357	2	Explore	18	2	0.0725	0.4675
358	2	Explore	18	2	0.0725	0.4675
359	2	Explore	18	2	0.0725	0.4674
360	2	Explore	18	2	0.0725	0.4674
361	2	Explore	18	2	0.0725	0.4674
362	2	Explore	18	2	0.0724	0.4674
363	2	Explore	18	2	0.0724	0.4674
364	2	Explore	18	2	0.0724	0.4673
365	2	Explore	18	2	0.0724	0.4673
366	2	Explore	18	2	0.0724	0.4673
367	2	Explore	18	2	0.0724	0.4673
368	2	Explore	18	2	0.0724	0.4670
369	2	Explore	18	2	0.0724	0.4666
370	2	Explore	18	2	0.0724	0.4662
371	2	Explore	18	2	0.0724	0.4658
372	2	Explore	18	2	0.0724	0.4652
373	2	Hide	18	2	0.0724	0.4647
374	3	Hide	17	3	0.0724	0.4648
375	3	Hide	17	3	0.0698	0.4646
376	3	Hide	17	3	0.0697	0.4646
377	3	Hide	17	3	0.0697	0.4647
378	3	Hide	17	3	0.0697	0.4647
379	3	Hide	17	3	0.0697	0.4647
380	3	Hide	17	3	0.0671	0.4650
381	3	Hide	17	3	0.0645	0.4652
382	3	Hide	17	3	0.0619	0.4655
383	3	Hide	17	3	0.0593	0.4658
384	3	Hide	17	3	0.0567	0.4660
385	3	Hide	17	3	0.0541	0.4663
386	3	Hide	17	3	0.0515	0.4666
387	3	Hide	17	3	0.0514	0.4666
388	3	Hide	17	3	0.0489	0.4670
389	3	Hide	17	3	0.0488	0.4670
390	3	Hide	17	3	0.0463	0.4675
391	3	Hide	17	3	0.0437	0.4679
392	3	Hide	17	3	0.0437	0.4679
393	3	Hide	17	3	0.0437	0.4679
394	3	Hide	17	3	0.0437	0.4679
395	3	Hide	17	3	0.0437	0.4679
396	3	Hide	17	3	0.0437	0.4679
397	3	Hide	17	3	0.0437	0.4679
398	3	Hide	17	3	0.0437	0.4679
399	3	Hide	17	3	0.0437	0.4679
400	3	Hide	17	3	0.0437	0.4679
401	3	Hide	17	3	0.0437	0.4679
402	3	Hide	17	3	0.0437	0.4679
403	3	Hide	17	3	0.0437	0.4679
404	3	Hide	17	3	0.0437	0.4679
405	3	Hide	17	3	0.0437	0.4679
406	3	Hide	17	3	0.0437	0.4679
407	3	Hide	17	3	0.0437	0.4679
408	3	Hide	17	3	0.0437	0.4679
409	3	Hide	17	3	0.0437	0.4679
410	3	Hide	17	3	0.0437	0.4679
411	3	Hide	17	3	0.0437	0.4679
412	3	Hide	17	3	0.0437	0.4679
413	3	Hide	17	3	0.0437	0.4679
414	3	Hide	17	3	0.0437	0.4679
415	3	Hide	17	3	0.0437	0.4679
416	3	Hide	17	3	0.0437	0.4679
417	3	Hide	17	3	0.0437	0.4679
418	3	Hide	17	3	0.0437	0.4679
419	3	Hide	17	3	0.0437	0.4679
420	3	Hide	17	3	0.0437	0.4679
421	3	Hide	17	3	0.0437	0.4679
422	3	Hide	17	3	0.0437	0.4679
423	3	Hide	17	3	0.0437	0.4679
424	3	Hide	17	3	0.0437	0.4679
425	3	Hide	17	3	0.0437	0.4679
426	3	Hide	17	3	0.0437	0.4679
427	3	Hide	17	3	0.0437	0.4679
428	3	Hide	17	3	0.0437	0.4679
429	3	Hide	17	3	0.0437	0.4679
430	3	Hide	17	3	0.0437	0.4679
431	3	Hide	17	3	0.0437	0.4679
432	3	Hide	17	3	0.0437	0.4679
433	3	Hide	17	3	0.0437	0.4679
434	3	Hide	17	3	0.0437	0.4679
435	3	Hide	17	3	0.0437	0.4679
436	3	Hide	17	3	0.0437	0.4679
437	3	Hide	17	3	0.0437	0.4679
438	3	Hide	17	3	0.0437	0.4679
439	3	Hide	17	3	0.0437	0.4679
440	3	Hide	17	3	0.0437	0.4679
441	3	Hide	17	3	0.0437	0.4679
442	3	Hide	17	3	0.0437	0.4679
443	3	Hide	17	3	0.0437	0.4679
444	3	Hide	17	3	0.0437	0.4679
445	3	Hide	17	3	0.0437	0.4679
446	3	Hide	17	3	0.0437	0.4679
447	3	Hide	17	3	0.0437	0.4679
448	3	Hide	17	3	0.0437	0.4679
449	3	Hide	17	3	0.0437	0.4679
450	3	Hide	17	3	0.0437	0.4679
451	3	Hide	17	3	0.0437	0.4679
452	3	Hide	17	3	0.0437	0.4679
453	3	Hide	17	3	0.0437	0.4679
454	3	Hide	17	3	0.0437	0.4679
455	3	Hide	17	3	0.0437	0.4679
456	3	Hide	17	3	0.0437	0.4679
457	3	Hide	17	3	0.0437	0.4679
458	3	Hide	17	3	0.0437	0.4679
459	3	Hide	17	3	0.0437	0.4679
460	3	Hide	17	3	0.0437	0.4679
461	3	Hide	17	3	0.0437	0.4679
462	3	Hide	17	3	0.0437	0.4679
463	3	Hide	17	3	0.0437	0.4679
464	3	Hide	17	3	0.0437	0.4679
465	3	Hide	17	3	0.0437	0.4679
466	3	Hide	17	3	0.0437	0.4679
467	3	Hide	17	3	0.0437	0.4679
468	3	Hide	17	3	0.0437	0.4679
469	3	Hide	17	3	0.0437	0.4679
470	3	Hide	17	3	0.0437	0.4679
471	3	Hide	17	3	0.0437	0.4679
472	3	Hide	17	3	0.0437	0.4679
473	3	Hide	17	3	0.0437	0.4679
474	3	Hide	17	3	0.0437	0.4679
475	3	Hide	17	3	0.0437	0.4679
476	3	Hide	17	3	0.0437	0.4679
477	3	Hide	17	3	0.0437	0.4679
478	3	Hide	17	3	0.0437	0.4679
479	3	Hide	17	3	0.0437	0.4679
480	3	Hide	17	3	0.0437	0.4679
481	3	Hide	17	3	0.0437	0.4679
482	3	Hide	17	3	0.0437	0.4679
483	3	Hide	17	3	0.0437	0.4679
484	3	Hide	17	3	0.0437	0.4679
485	3	Hide	17	3	0.0437	0.4679
486	3	Hide	17	3	0.0437	0.4679
487	3	Hide	17	3	0.0437	0.4679
488	3	Hide	17	3	0.0437	0.4679
489	3	Hide	17	3	0.0437	0.4679
490	3	Hide	17	3	0.0437	0.4679
491	3	Explore	17	3	0.0437	0.4679
492	4	Hide	16	4	0.0437	0.4675
493	5	Hide	15	5	0.0437	0.4675
494	5	Hide	15	5	0.0437	0.4675
495	5	Hide	15	5	0.0438	0.4676
496	5	Hide	15	5	0.0438	0.4676
497	5	Hide	15	5	0.0438	0.4676
498	5	Hide	15	5	0.0438	0.4676
499	5	Hide	15	5	0.0438	0.4676
500	5	Hide	15	5	0.0438	0.4676
501	5	Hide	15	5	0.0438	0.4676
502	5	Hide	15	5	0.0438	0.4676
503	5	Hide	15	5	0.0438	0.4676
504	5	Hide	15	5	0.0438	0.4676
505	5	Hide	15	5	0.0438	0.4676
506	5	Hide	15	5	0.0438	0.4676
507	5	Hide	15	5	0.0438	0.4676
508	5	Hide	15	5	0.0438	0.4676
509	5	Hide	15	5	0.0438	0.4676
510	5	Hide	15	5	0.0438	0.4676
511	5	Hide	15	5	0.0438	0.4676
512	5	Hide	15	5	0.0438	0.4676
513	5	Hide	15	5	0.0438	0.4676
514	5	Hide	15	5	0.0438	0.4676
515	5	Hide	15	5	0.0438	0.4676
516	5	Hide	15	5	0.0438	0.4676
517	5	Hide	15	5	0.0438	0.4676
518	5	Hide	15	5	0.0438	0.4676
519	5	Hide	15	5	0.0438	0.4676
520	5	Hide	15	5	0.0438	0.4676
521	5	Hide	15	5	0.0438	0.4676
522	5	Hide	15	5	0.0438	0.4676
523	5	Hide	15	5	0.0438	0.4676
524	5	Hide	15	5	0.0438	0.4676
525	5	Hide	15	5	0.0438	0.4676
526	5	Hide	15	5	0.0438	0.4676
527	5	Hide	15	5	0.0438	0.4676
528	5	Hide	15	5	0.0438	0.4676
529	5	Hide	15	5	0.0438	0.4676
530	5	Hide	15	5	0.0438	0.4676
531	5	Hide	15	5	0.0438	0.4676
532	5	Hide	15	5	0.0438	0.4676
533	5	Hide	15	5	0.0438	0.4676
534	5	Hide	15	5	0.0438	0.4676
535	5	Hide	15	5	0.0438	0.4676
536	5	Hide	15	5	0.0438	0.4676
537	5	Hide	15	5	0.0438	0.4676
538	5	Hide	15	5	0.0438	0.4676
539	5	Hide	15	5	0.0438	0.4676
540	5	Hide	15	5	0.0438	0.4676
541	5	Hide	15	5	0.0438	0.4676
542	5	Hide	15	5	0.0438	0.4676
543	5	Hide	15	5	0.0438	0.4676
544	5	Hide	15	5	0.0438	0.4676
545	5	Hide	15	5	0.0438	0.4676
546	5	Hide	15	5	0.0438	0.4676
547	5	Hide	15	5	0.0438	0.4676
548	5	Hide	15	5	0.0438	0.4676
549	5	Hide	15	5	0.0438	0.4676
550	5	Hide	15	5	0.0438	0.4676
551	5	Hide	15	5	0.0438	0.4676
552	5	Hide	15	5	0.0438	0.4676
553	5	Hide	15	5	0.0438	0.4676
554	5	Hide	15	5	0.0438	0.4676
555	5	Hide	15	5	0.0438	0.4676
556	5	Hide	15	5	0.0438	0.4676
557	5	Hide	15	5	0.0438	0.4676
558	5	Hide	15	5	0.0438	0.4676
559	5	Hide	15	5	0.0438	0.4676
560	5	Hide	15	5	0.0438	0.4676
561	5	Hide	15	5	0.0438	0.4676
562	5	Hide	15	5	0.0438	0.4676
563	5	Hide	15	5	0.0438	0.4676
564	5	Hide	15	5	0.0438	0.4676
565	5	Hide	15	5	0.0438	0.4676
566	5	Hide	15	5	0.0438	0.4676
567	5	Hide	15	5	0.0438	0.4676
568	5	Hide	15	5	0.0438	0.4676
569	5	Hide	15	5	0.0438	0.4676
570	5	Hide	15	5	0.0438	0.4676
571	5	Hide	15	5	0.0438	0.4676
572	5	Hide	15	5	0.0438	0.4676
573	5	Hide	15	5	0.0438	0.4676
574	5	Hide	15	5	0.0438	0.4676
575	5	Hide	15	5	0.0438	0.4676
576	5	Hide	15	5	0.0438	0.4676
577	5	Hide	15	5	0.0438	0.4676
578	5	Hide	15	5	0.0438	0.4676
579	5	Hide	15	5	0.0438	0.4676
580	5	Hide	15	5	0.0438	0.4676
581	5	Hide	15	5	0.0438	0.4676
582	5	Hide	15	5	0.0438	0.4676
583	5	Hide	15	5	0.0438	0.4676
584	5	Hide	15	5	0.0438	0.4676
585	5	Hide	15	5	0.0438	0.4676
586	5	Hide	15	5	0.0438	0.4676
587	5	Hide	15	5	0.0438	0.4676
588	5	Hide	15	5	0.0438	0.4676
589	5	Hide	15	5	0.0438	0.4676
590	5	Hide	15	5	0.0438	0.4676
591	5	Hide	15	5	0.0438	0.4676
592	5	Hide	15	5	0.0438	0.4676
593	5	Hide	15	5	0.0438	0.4676
594	5	Hide	15	5	0.0438	0.4676
595	5	Explore	15	5	0.0438	0.4676
596	6	Explore	14	6	0.0438	0.4675
597	6	Eat	14	6	0.0437	0.4675
598	7	Eat	13	7	0.0411	0.4678
599	7	Eat	13	7	0.0385	0.4677
600	7	Eat	13	7	0.0360	0.4675
601	7	Eat	13	7	0.0334	0.4674
602	7	Eat	13	7	0.0308	0.4672
603	7	Eat	13	7	0.0281	0.4671
604	7	Eat	13	7	0.0255	0.4670
605	7	Eat	13	7	0.0255	0.4666
606	7	Eat	13	7	0.0255	0.4663
607	7	Eat	13	7	0.0229	0.4662
608	7	Eat	13	7	0.0229	0.4657
609	7	Eat	13	7	0.0203	0.4656
610	7	Eat	13	7	0.0203	0.4651
611	7	Eat	13	7	0.0177	0.4649
612	7	Eat	13	7	0.0176	0.4645
613	7	Eat	13	7	0.0150	0.4642
614	7	Eat	13	7	0.0150	0.4640
615	7	Eat	13	7	0.0150	0.4636
616	7	Eat	13	7	0.0150	0.4633
617	7	Eat	13	7	0.0150	0.4630
618	7	Eat	13	7	0.0125	0.4623
619	7	Eat	13	7	0.0100	0.4616
620	7	Eat	13	7	0.0100	0.4615
621	7	Eat	13	7	0.0100	0.4615
622	7	Eat	13	7	0.0076	0.4605
623	7	Eat	13	7	0.0051	0.4595
624	7	Eat	13	7	0.0027	0.4585
625	7	Eat	13	7	0.0027	0.4584
626	7	Eat	13	7	0.0028	0.4584
627	7	Eat	13	7	0.0028	0.4584
628	7	Eat	13	7	0.0005	0.4571
629	7	Eat	13	7	-0.0017	0.4557
630	7	Eat	13	7	-0.0039	0.4543
631	7	Eat	13	7	-0.0039	0.4543
632	7	Eat	13	7	-0.0039	0.4542
633	7	Eat	13	7	-0.0039	0.4542
634	7	Eat	13	7	-0.0039	0.4542
635	7	Eat	13	7	-0.0039	0.4542
636	7	Eat	13	7	-0.0039	0.4542
637	7	Eat	13	7	-0.0038	0.4542
638	7	Eat	13	7	-0.0038	0.4542
639	7	Eat	13	7	-0.0055	0.4521
640	7	Eat	13	7	-0.0055	0.4521
641	7	Eat	13	7	-0.0055	0.4521
642	7	Eat	13	7	-0.0055	0.4521
643	7	Eat	13	7	-0.0055	0.4521
644	7	Eat	13	7	-0.0054	0.4521
645	7	Eat	13	7	-0.0054	0.4520
646	7	Eat	13	7	-0.0054	0.4520
647	7	Eat	13	7	-0.0054	0.4520
648	7	Eat	13	7	-0.0064	0.4496
649	7	Eat	13	7	-0.0073	0.4471
650	7	Eat	13	7	-0.0083	0.4447
651	7	Eat	13	7	-0.0092	0.4422
652	7	Eat	13	7	-0.0101	0.4398
653	7	Eat	13	7	-0.0109	0.4373
654	7	Eat	13	7	-0.0117	0.4348
655	7	Eat	13	7	-0.0125	0.4323
656	7	Eat	13	7	-0.0132	0.4297
657	7	Eat	13	7	-0.0139	0.4272
658	7	Eat	13	7	-0.0145	0.4247
659	7	Eat	13	7	-0.0151	0.4221
660	7	Eat	13	7	-0.0157	0.4195
661	7	Eat	13	7	-0.0162	0.4170
662	7	Eat	13	7	-0.0167	0.4144
663	7	Eat	13	7	-0.0172	0.4118
664	7	Eat	13	7	-0.0176	0.4092
665	7	Eat	13	7	-0.0180	0.4066
666	7	Eat	13	7	-0.0184	0.4040
667	7	Eat	13	7	-0.0187	0.4014
668	7	Eat	13	7	-0.0191	0.3988
669	7	Eat	13	7	-0.0194	0.3962
670	7	Eat	13	7	-0.0196	0.3936
671	7	Eat	13	7	-0.0199	0.3910
672	7	Eat	13	7	-0.0201	0.3884
673	7	Eat	13	7	-0.0203	0.3858
674	7	Eat	13	7	-0.0205	0.3831
675	7	Eat	13	7	-0.0207	0.3805
676	7	Eat	13	7	-0.0208	0.3779
677	7	Eat	13	7	-0.0209	0.3753
678	7	Eat	13	7	-0.0210	0.3727
679	7	Eat	13	7	-0.0211	0.3700
680	7	Eat	13	7	-0.0212	0.3674
681	7	Eat	13	7	-0.0213	0.3648
682	7	Eat	13	7	-0.0213	0.3622
683	7	Eat	13	7	-0.0213	0.3595
684	7	Eat	13	7	-0.0213	0.3569
685	7	Eat	13	7	-0.0213	0.3543
686	7	Eat	13	7	-0.0213	0.3517
687	7	Eat	13	7	-0.0213	0.3490
688	7	Eat	13	7	-0.0213	0.3464
689	7	Eat	13	7	-0.0212	0.3438
690	7	Eat	13	7	-0.0211	0.3412
691	7	Eat	13	7	-0.0211	0.3385
692	7	Eat	13	7	-0.0210	0.3359
693	7	Eat	13	7	-0.0209	0.3333
694	7	Eat	13	7	-0.0208	0.3307
695	7	Eat	13	7	-0.0207	0.3280
696	7	Eat	13	7	-0.0205	0.3254
697	7	Eat	13	7	-0.0204	0.3228
698	7	Eat	13	7	-0.0203	0.3202
699	7	Eat	13	7	-0.0201	0.3176
700	7	Eat	13	7	-0.0199	0.3149
701	7	Eat	13	7	-0.0198	0.3123
702	7	Eat	13	7	-0.0196	0.3097
703	7	Eat	13	7	-0.0194	0.3071
704	7	Eat	13	7	-0.0192	0.3045
705	7	Eat	13	7	-0.0190	0.3019
706	7	Eat	13	7	-0.0188	0.2992
707	7	Eat	13	7	-0.0186	0.2966
708	7	Eat	13	7	-0.0184	0.2940
709	7	Eat	13	7	-0.0182	0.2914
710	7	Eat	13	7	-0.0179	0.2888
711	7	Eat	13	7	-0.0177	0.2862
712	7	Eat	13	7	-0.0175	0.2835
713	7	Eat	13	7	-0.0172	0.2809
714	7	Eat	13	7	-0.0170	0.2783
715	7	Eat	13	7	-0.0167	0.2757
716	7	Eat	13	7	-0.0164	0.2731
717	7	Eat	13	7	-0.0162	0.2705
718	7	Eat	13	7	-0.0159	0.2679
719	7	Eat	13	7	-0.0156	0.2653
720	7	Eat	13	7	-0.0154	0.2627
721	7	Eat	13	7	-0.0151	0.2600
722	7	Eat	13	7	-0.0148	0.2574
723	7	Eat	13	7	-0.0145	0.2548
724	7	Eat	13	7	-0.0142	0.2522
725	7	Eat	13	7	-0.0139	0.2496
726	7	Eat	13	7	-0.0136	0.2470
727	7	Eat	13	7	-0.0133	0.2444
728	7	Eat	13	7	-0.0130	0.2418
729	7	Eat	13	7	-0.0126	0.2392
730	7	Eat	13	7	-0.0123	0.2366
731	7	Eat	13	7	-0.0120	0.2340
732	7	Eat	13	7	-0.0117	0.2314
733	7	Eat	13	7	-0.0114	0.2288
734	7	Eat	13	7	-0.0110	0.2262
735	7	Eat	13	7	-0.0107	0.2236
736	7	Eat	13	7	-0.0103	0.2210
737	7	Eat	13	7	-0.0100	0.2184
738	7	Eat	13	7	-0.0097	0.2158
739	7	Eat	13	7	-0.0093	0.2132
740	7	Eat	13	7	-0.0090	0.2105
741	7	Eat	13	7	-0.0086	0.2079
742	7	Eat	13	7	-0.0082	0.2053
743	7	Eat	13	7	-0.0079	0.2027
744	7	Eat	13	7	-0.0075	0.2001
745	7	Eat	13	7	-0.0071	0.1975
746	7	Eat	13	7	-0.0068	0.1950
747	7	Eat	13	7	-0.0064	0.1924
748	7	Eat	13	7	-0.0060	0.1898
749	7	Eat	13	7	-0.0057	0.1872
750	7	Eat	13	7	-0.0053	0.1846
751	7	Eat	13	7	-0.0049	0.1820
752	7	Eat	13	7	-0.0045	0.1794
753	7	Eat	13	7	-0.0041	0.1768
754	7	Eat	13	7	-0.0037	0.1742
755	7	Eat	13	7	-0.0033	0.1716
756	7	Eat	13	7	-0.0029	0.1690
757	7	Eat	13	7	-0.0025	0.1664
758	7	Eat	13	7	-0.0021	0.1638
759	7	Eat	13	7	-0.0021	0.1638
760	7	Eat	13	7	-0.0021	0.1638
761	7	Eat	13	7	-0.0021	0.1638
762	7	Eat	13	7	-0.0021	0.1638
763	7	Eat	13	7	-0.0021	0.1638
764	7	Eat	13	7	-0.0021	0.1638
765	7	Eat	13	7	-0.0021	0.1638
766	7	Eat	13	7	-0.0021	0.1638
767	7	Eat	13	7	-0.0021	0.1638
768	7	Eat	13	7	-0.0021	0.1638
769	7	Eat	13	7	-0.0021	0.1638
770	7	Eat	13	7	-0.0021	0.1638
771	7	Eat	13	7	-0.0021	0.1638
772	7	Eat	13	7	-0.0021	0.1638
773	7	Eat	13	7	-0.0021	0.1638
774	7	Eat	13	7	-0.0021	0.1638
775	7	Eat	13	7	-0.0021	0.1638
776	7	Eat	13	7	-0.0021	0.1638
777	7	Eat	13	7	-0.0021	0.1638
778	7	Eat	13	7	-0.0021	0.1638
779	7	Eat	13	7	-0.0021	0.1638
780	7	Eat	13	7	-0.0021	0.1638
781	7	Eat	13	7	-0.0021	0.1638
782	7	Eat	13	7	-0.0021	0.1638
783	7	Eat	13	7	-0.0021	0.1638
784	7	Eat	13	7	-0.0021	0.1638
785	7	Eat	13	7	-0.0021	0.1638
786	7	Eat	13	7	-0.0021	0.1638
787	7	Eat	13	7	-0.0021	0.1638
788	7	Eat	13	7	-0.0021	0.1638
789	7	Eat	13	7	-0.0021	0.1638
790	7	Eat	13	7	-0.0021	0.1638
791	7	Eat	13	7	-0.0021	0.1638
792	7	Eat	13	7	-0.0021	0.1638
793	7	Eat	13	7	-0.0021	0.1638
794	7	Eat	13	7	-0.0021	0.1638
795	7	Eat	13	7	-0.0021	0.1638
796	7	Eat	13	7	-0.0021	0.1638
797	7	Eat	13	7	-0.0021	0.1638
798	7	Eat	13	7	-0.0021	0.1638
799	7	Eat	13	7	-0.0021	0.1638
800	7	Eat	13	7	-0.0021	0.1638
801	7	Eat	13	7	-0.0021	0.1638
802	7	Eat	13	7	-0.0021	0.1638
803	7	Eat	13	7	-0.0021	0.1639
804	7	Eat	13	7	-0.0021	0.1639
805	7	Eat	13	7	-0.0022	0.1639
806	7	Eat	13	7	-0.0022	0.1639
807	7	Eat	13	7	-0.0022	0.1639
808	7	Eat	13	7	-0.0022	0.1639
809	7	Eat	13	7	-0.0022	0.1639
810	7	Eat	13	7	-0.0022	0.1639
811	7	Eat	13	7	-0.0022	0.1639
812	7	Eat	13	7	-0.0022	0.1639
813	7	Eat	13	7	-0.0022	0.1639
814	7	Eat	13	7	-0.0022	0.1639
815	7	Eat	13	7	-0.0022	0.1639
816	7	Eat	13	7	-0.0022	0.1639
817	7	Eat	13	7	-0.0022	0.1639
818	7	Eat	13	7	-0.0022	0.1639
819	7	Eat	13	7	-0.0022	0.1639
820	7	Eat	13	7	-0.0022	0.1639
821	7	Eat	13	7	-0.0022	0.1639
822	7	Eat	13	7	-0.0022	0.1639
823	7	Eat	13	7	-0.0022	0.1639
824	7	Eat	13	7	-0.0022	0.1639
825	7	Eat	13	7	-0.0022	0.1639
826	7	Eat	13	7	-0.0022	0.1639
827	7	Eat	13	7	-0.0022	0.1639
828	7	Eat	13	7	-0.0022	0.1639
829	7	Eat	13	7	-0.0022	0.1639
830	7	Eat	13	7	-0.0022	0.1639
831	7	Eat	13	7	-0.0022	0.1639
832	7	Eat	13	7	-0.0022	0.1639
833	7	Eat	13	7	-0.0022	0.1639
834	7	Eat	13	7	-0.0022	0.1639
835	7	Eat	13	7	-0.0022	0.1639
836	7	Eat	13	7	-0.0022	0.1639
837	7	Eat	13	7	-0.0022	0.1639
838	7	Eat	13	7	-0.0022	0.1639
839	7	Eat	13	7	-0.0022	0.1639
840	7	Eat	13	7	-0.0022	0.1639
841	7	Eat	13	7	-0.0022	0.1639
842	7	Eat	13	7	-0.0022	0.1639
843	7	Eat	13	7	-0.0022	0.1639
844	7	Eat	13	7	-0.0022	0.1639
845	7	Eat	13	7	-0.0022	0.1639
846	7	Eat	13	7	-0.0022	0.1639
847	7	Eat	13	7	-0.0022	0.1639
848	7	Eat	13	7	-0.0022	0.1639
849	7	Eat	13	7	-0.0022	0.1639
850	7	Eat	13	7	-0.0022	0.1639
851	7	Eat	13	7	-0.0022	0.1639
852	7	Eat	13	7	-0.0022	0.1639
853	7	Eat	13	7	-0.0022	0.1639
854	7	Eat	13	7	-0.0022	0.1639
855	7	Eat	13	7	-0.0022	0.1639
856	7	Eat	13	7	-0.0022	0.1639
857	7	Eat	13	7	-0.0022	0.1639
858	7	Eat	13	7	-0.0022	0.1639
859	7	Eat	13	7	-0.0022	0.1639
860	7	Eat	13	7	-0.0022	0.1639
861	7	Eat	13	7	-0.0022	0.1639
862	7	Eat	13	7	-0.0022	0.1639
863	7	Eat	13	7	-0.0022	0.1639
864	7	Eat	13	7	-0.0022	0.1639
865	7	Eat	13	7	-0.0022	0.1639
866	7	Eat	13	7	-0.0022	0.1639
867	7	Eat	13	7	-0.0022	0.1639
868	7	Eat	13	7	-0.0022	0.1639
869	7	Eat	13	7	-0.0022	0.1639
870	7	Eat	13	7	-0.0022	0.1639
871	7	Eat	13	7	-0.0022	0.1639
872	7	Eat	13	7	-0.0022	0.1639
873	7	Eat	13	7	-0.0022	0.1639
874	7	Eat	13	7	-0.0022	0.1639
875	7	Eat	13	7	-0.0022	0.1639
876	7	Eat	13	7	-0.0022	0.1639
877	7	Eat	13	7	-0.0022	0.1639
878	7	Eat	13	7	-0.0022	0.1639
879	7	Eat	13	7	-0.0022	0.1639
880	7	Eat	13	7	-0.0022	0.1639
881	7	Eat	13	7	-0.0022	0.1639
882	7	Eat	13	7	-0.0022	0.1639
883	7	Eat	13	7	-0.0022	0.1639
884	7	Eat	13	7	-0.0022	0.1639
885	7	Eat	13	7	-0.0022	0.1639
886	7	Eat	13	7	-0.0022	0.1639
887	7	Eat	13	7	-0.0022	0.1639
888	7	Eat	13	7	-0.0022	0.1639
889	7	Eat	13	7	-0.0022	0.1639
890	7	Eat	13	7	-0.0022	0.1639
891	7	Eat	13	7	-0.0022	0.1639
892	7	Eat	13	7	-0.0022	0.1639
893	7	Eat	13	7	-0.0022	0.1639
894	7	Eat	13	7	-0.0022	0.1639
895	7	Eat	13	7	-0.0022	0.1639
896	7	Eat	13	7	-0.0022	0.1639
897	7	Eat	13	7	-0.0022	0.1639
898	7	Eat	13	7	-0.0022	0.1639
899	7	Eat	13	7	-0.0022	0.1639
900	7	Eat	13	7	-0.0022	0.1639
901	7	Eat	13	7	-0.0022	0.1639
902	7	Eat	13	7	-0.0022	0.1639
903	7	Eat	13	7	-0.0022	0.1639
904	7	Eat	13	7	-0.0022	0.1639
905	7	Eat	13	7	-0.0022	0.1639
906	7	Eat	13	7	-0.0022	0.1639
907	7	Eat	13	7	-0.0022	0.1639
908	7	Eat	13	7	-0.0022	0.1639
909	7	Eat	13	7	-0.0022	0.1639
910	7	Eat	13	7	-0.0022	0.1639
911	7	Eat	13	7	-0.0022	0.1639
912	7	Eat	13	7	-0.0022	0.1639
913	7	Eat	13	7	-0.0022	0.1639
914	7	Eat	13	7	-0.0022	0.1639
915	7	Eat	13	7	-0.0022	0.1639
916	7	Eat	13	7	-0.0022	0.1639
917	7	Eat	13	7	-0.0022	0.1639
918	7	Explore	13	0	-0.0022	0.1639
919	8	Explore	12	1	-0.0017	0.1613
920	8	Explore	12	1	-0.0013	0.1587
921	8	Explore	12	1	-0.0009	0.1561
922	8	Explore	12	1	-0.0005	0.1535
923	8	Explore	12	1	-0.0005	0.1535
924	8	Explore	12	1	-0.0005	0.1535
925	8	Explore	12	1	-0.0004	0.1536
926	8	Explore	12	1	-0.0004	0.1536
927	8	Explore	12	1	-0.0004	0.1536
928	8	Explore	12	1	-0.0004	0.1536
929	8	Explore	12	1	-0.0004	0.1536
930	8	Explore	12	1	-0.0003	0.1537
931	8	Explore	12	1	-0.0003	0.1537
932	8	Explore	12	1	-0.0003	0.1537
933	8	Explore	12	1	-0.0003	0.1537
934	8	Explore	12	1	-0.0003	0.1537
935	8	Explore	12	1	-0.0003	0.1537
936	8	Explore	12	1	-0.0002	0.1537
937	8	Explore	12	1	-0.0002	0.1537
938	8	Explore	12	1	-0.0002	0.1537
939	8	Explore	12	1	-0.0002	0.1538
940	8	Explore	12	1	-0.0002	0.1538
941	8	Explore	12	1	-0.0002	0.1538
942	8	Explore	12	1	-0.0001	0.1538
943	8	Explore	12	1	-0.0001	0.1538
944	8	Explore	12	1	-0.0001	0.1538
945	8	Explore	12	1	-0.0001	0.1539
946	8	Explore	12	1	-0.0001	0.1539
947	8	Explore	12	1	0.0022	0.1527
948	8	Explore	12	1	0.0046	0.1515
949	8	Explore	12	1	0.0069	0.1503
950	8	Explore	12	1	0.0092	0.1490
951	8	Explore	12	1	0.0116	0.1478
952	8	Explore	12	1	0.0139	0.1466
953	8	Explore	12	1	0.0162	0.1454
954	8	Explore	12	1	0.0185	0.1442
955	8	Explore	12	1	0.0209	0.1430
956	8	Explore	12	1	0.0232	0.1418
957	8	Explore	12	1	0.0255	0.1406
958	8	Explore	12	1	0.0279	0.1394
959	8	Explore	12	1	0.0302	0.1381
960	8	Explore	12	1	0.0325	0.1369
961	8	Explore	12	1	0.0348	0.1357
962	8	Explore	12	1	0.0372	0.1345
963	8	Explore	12	1	0.0395	0.1333
964	8	Explore	12	1	0.0418	0.1321
965	8	Explore	12	1	0.0442	0.1309
966	8	Explore	12	1	0.0465	0.1297
967	8	Explore	12	1	0.0488	0.1285
968	8	Explore	12	1	0.0511	0.1272
969	8	Explore	12	1	0.0535	0.1260
970	8	Explore	12	1	0.0535	0.1260
971	8	Explore	12	1	0.0535	0.1260
972	8	Explore	12	1	0.0535	0.1260
973	8	Explore	12	1	0.0534	0.1260
974	8	Explore	12	1	0.0534	0.1259
975	8	Explore	12	1	0.0534	0.1259
976	8	Explore	12	1	0.0534	0.1259
977	8	Explore	12	1	0.0534	0.1259
978	8	Explore	12	1	0.0534	0.1259
979	8	Explore	12	1	0.0534	0.1259
980	8	Explore	12	1	0.0533	0.1259
981	8	Explore	12	1	0.0533	0.1258
982	8	Explore	12	1	0.0533	0.1258
983	8	Explore	12	1	0.0548	0.1236
984	8	Explore	12	1	0.0562	0.1215
985	8	Explore	12	1	0.0577	0.1193
986	8	Explore	12	1	0.0591	0.1171
987	8	Explore	12	1	0.0606	0.1149
988	8	Explore	12	1	0.0620	0.1127
989	8	Explore	12	1	0.0635	0.1105
990	8	Explore	12	1	0.0649	0.1083
991	8	Explore	12	1	0.0664	0.1062
992	8	Explore	12	1	0.0678	0.1040
993	8	Explore	12	1	0.0693	0.1018
994	8	Explore	12	1	0.0708	0.0996
995	8	Explore	12	1	0.0722	0.0974
996	8	Explore	12	1	0.0737	0.0952
997	8	Explore	12	1	0.0751	0.0930
998	8	Explore	12	1	0.0766	0.0909
999	8	Explore	12	1	0.0780	0.0887
1000	8	Explore	12	1	0.0795	0.0865
1001	8	Explore	12	1	0.0809	0.0843
1002	8	Explore	12	1	0.0810	0.0843
1003	8	Explore	12	1	0.0810	0.0843
1004	8	Explore	12	1	0.0810	0.0843
1005	8	Explore	12	1	0.0810	0.0844
1006	8	Explore	12	1	0.0810	0.0844
1007	8	Explore	12	1	0.0810	0.0844
1008	8	Explore	12	1	0.0810	0.0844
1009	8	Explore	12	1	0.0811	0.0844
1010	8	Explore	12	1	0.0811	0.0844
1011	8	Explore	12	1	0.0811	0.0844
1012	8	Explore	12	1	0.0811	0.0845
1013	8	Explore	12	1	0.0811	0.0845
1014	8	Explore	12	1	0.0811	0.0845
1015	8	Explore	12	1	0.0811	0.0845
1016	8	Explore	12	1	0.0811	0.0845
1017	8	Explore	12	1	0.0812	0.0846
1018	8	Explore	12	1	0.0812	0.0846
1019	8	Explore	12	1	0.0812	0.0846
1020	8	Explore	12	1	0.0812	0.0846
1021	8	Explore	12	1	0.0812	0.0846
1022	8	Explore	12	1	0.0813	0.0847
1023	8	Explore	12	1	0.0813	0.0847
1024	8	Explore	12	1	0.0813	0.0847
1025	8	Explore	12	1	0.0813	0.0847
1026	8	Explore	12	1	0.0813	0.0847
1027	8	Explore	12	1	0.0839	0.0847
1028	8	Explore	12	1	0.0866	0.0847
1029	8	Explore	12	1	0.0892	0.0846
1030	8	Explore	12	1	0.0918	0.0846
1031	8	Explore	12	1	0.0944	0.0846
1032	8	Explore	12	1	0.0971	0.0846
1033	8	Explore	12	1	0.0997	0.0845
1034	8	Explore	12	1	0.1023	0.0845
1035	8	Explore	12	1	0.1049	0.0845
1036	8	Explore	12	1	0.1076	0.0844
1037	8	Explore	12	1	0.1102	0.0844
1038	8	Explore	12	1	0.1128	0.0844
1039	8	Explore	12	1	0.1154	0.0843
1040	8	Explore	12	1	0.1181	0.0843
1041	8	Explore	12	1	0.1207	0.0843
1042	8	Explore	12	1	0.1233	0.0842
1043	8	Explore	12	1	0.1259	0.0842
1044	8	Explore	12	1	0.1259	0.0842
1045	8	Explore	12	1	0.1259	0.0842
1046	8	Explore	12	1	0.1259	0.0842
1047	8	Explore	12	1	0.1259	0.0841
1048	8	Explore	12	1	0.1259	0.0841
1049	8	Explore	12	1	0.1259	0.0841
1050	8	Explore	12	1	0.1258	0.0841
1051	8	Explore	12	1	0.1258	0.0840
1052	8	Explore	12	1	0.1258	0.0840
1053	8	Explore	12	1	0.1258	0.0840
1054	8	Explore	12	1	0.1258	0.0840
1055	8	Explore	12	1	0.1258	0.0840
1056	8	Explore	12	1	0.1258	0.0840
1057	8	Explore	12	1	0.1257	0.0839
1058	8	Explore	12	1	0.1257	0.0839
1059	8	Explore	12	1	0.1257	0.0839
1060	8	Explore	12	1	0.1257	0.0839
1061	8	Explore	12	1	0.1257	0.0839
1062	8	Explore	12	1	0.1257	0.0839
1063	8	Explore	12	1	0.1257	0.0838
1064	8	Explore	12	1	0.1256	0.0838
1065	8	Explore	12	1	0.1256	0.0838
1066	8	Explore	12	1	0.1256	0.0838
1067	8	Explore	12	1	0.1256	0.0838
1068	8	Explore	12	1	0.1256	0.0838
1069	8	Explore	12	1	0.1256	0.0838
1070	8	Explore	12	1	0.1269	0.0815
1071	8	Explore	12	1	0.1283	0.0793
1072	8	Explore	12	1	0.1297	0.0770
1073	8	Explore	12	1	0.1310	0.0748
1074	8	Explore	12	1	0.1324	0.0726
1075	8	Explore	12	1	0.1338	0.0703
1076	8	Explore	12	1	0.1351	0.0681
1077	8	Explore	12	1	0.1365	0.0658
1078	8	Explore	12	1	0.1379	0.0636
1079	8	Explore	12	1	0.1392	0.0614
1080	8	Explore	12	1	0.1406	0.0591
1081	8	Explore	12	1	0.1420	0.0569
1082	8	Explore	12	1	0.1434	0.0546
1083	8	Explore	12	1	0.1447	0.0524
1084	8	Explore	12	1	0.1461	0.0502
1085	8	Explore	12	1	0.1475	0.0479
1086	8	Explore	12	1	0.1488	0.0457
1087	8	Explore	12	1	0.1502	0.0434
1088	8	Explore	12	1	0.1516	0.0412
1089	8	Explore	12	1	0.1529	0.0390
1090	8	Explore	12	1	0.1543	0.0367
1091	8	Explore	12	1	0.1557	0.0345
1092	8	Explore	12	1	0.1570	0.0322
1093	8	Explore	12	1	0.1584	0.0300
1094	8	Explore	12	1	0.1598	0.0278
1095	8	Explore	12	1	0.1611	0.0255
1096	8	Explore	12	1	0.1625	0.0233
1097	8	Explore	12	1	0.1639	0.0210
1098	8	Explore	12	1	0.1652	0.0188
1099	8	Explore	12	1	0.1666	0.0166
1100	8	Explore	12	1	0.1680	0.0143
1101	8	Explore	12	1	0.1694	0.0121
1102	8	Explore	12	1	0.1707	0.0098
1103	8	Explore	12	1	0.1721	0.0076
1104	8	Explore	12	1	0.1735	0.0054
1105	8	Explore	12	1	0.1748	0.0031
1106	8	Explore	12	1	0.1762	0.0009
1107	8	Explore	12	1	0.1776	-0.0014
1108	8	Explore	12	1	0.1789	-0.0036
1109	8	Explore	12	1	0.1803	-0.0058
1110	8	Explore	12	1	0.1817	-0.0081
1111	8	Explore	12	1	0.1830	-0.0103
1112	8	Explore	12	1	0.1844	-0.0126
1113	8	Explore	12	1	0.1858	-0.0148
1114	8	Explore	12	1	0.1871	-0.0170
1115	8	Explore	12	1	0.1885	-0.0193
1116	8	Explore	12	1	0.1899	-0.0215
1117	8	Explore	12	1	0.1913	-0.0238
1118	8	Explore	12	1	0.1926	-0.0260
1119	8	Explore	12	1	0.1940	-0.0282
1120	8	Explore	12	1	0.1954	-0.0305
1121	8	Explore	12	1	0.1954	-0.0305
1122	8	Explore	12	1	0.1954	-0.0305
1123	8	Explore	12	1	0.1954	-0.0304
1124	8	Explore	12	1	0.1954	-0.0304
1125	8	Explore	12	1	0.1955	-0.0304
1126	8	Explore	12	1	0.1955	-0.0304
1127	8	Explore	12	1	0.1955	-0.0304
1128	8	Explore	12	1	0.1955	-0.0304
1129	8	Explore	12	1	0.1955	-0.0304
1130	8	Explore	12	1	0.1955	-0.0303
1131	8	Explore	12	1	0.1955	-0.0303
1132	8	Explore	12	1	0.1955	-0.0303
1133	8	Explore	12	1	0.1956	-0.0303
1134	8	Explore	12	1	0.1956	-0.0303
1135	8	Explore	12	1	0.1956	-0.0303
1136	8	Explore	12	1	0.1956	-0.0302
1137	8	Explore	12	1	0.1956	-0.0302
1138	8	Explore	12	1	0.1956	-0.0302
1139	8	Explore	12	1	0.1957	-0.0302
1140	8	Explore	12	1	0.1982	-0.0309
1141	8	Explore	12	1	0.2007	-0.0317
1142	8	Explore	12	1	0.2032	-0.0324
1143	8	Explore	12	1	0.2057	-0.0331
1144	8	Explore	12	1	0.2082	-0.0339
1145	8	Explore	12	1	0.2108	-0.0346
1146	8	Explore	12	1	0.2133	-0.0353
1147	8	Explore	12	1	0.2158	-0.0361
1148	8	Explore	12	1	0.2183	-0.0368
1149	8	Explore	12	1	0.2208	-0.0376
1150	8	Explore	12	1	0.2234	-0.0383
1151	8	Explore	12	1	0.2259	-0.0390
1152	8	Explore	12	1	0.2284	-0.0398
1153	8	Explore	12	1	0.2309	-0.0405
1154	8	Explore	12	1	0.2334	-0.0412
1155	8	Explore	12	1	0.2360	-0.0420
1156	8	Explore	12	1	0.2385	-0.0427
1157	8	Explore	12	1	0.2410	-0.0435
1158	8	Explore	12	1	0.2435	-0.0442
1159	8	Explore	12	1	0.2460	-0.0449
1160	8	Explore	12	1	0.2461	-0.0449
1161	8	Explore	12	1	0.2461	-0.0449
1162	8	Explore	12	1	0.2461	-0.0449
1163	8	Explore	12	1	0.2461	-0.0448
1164	8	Explore	12	1	0.2461	-0.0448
1165	8	Explore	12	1	0.2461	-0.0448
1166	8	Explore	12	1	0.2461	-0.0448
1167	8	Explore	12	1	0.2461	-0.0448
1168	8	Explore	12	1	0.2461	-0.0447
1169	8	Explore	12	1	0.2461	-0.0447
1170	8	Explore	12	1	0.2461	-0.0447
1171	8	Explore	12	1	0.2460	-0.0447
1172	8	Explore	12	1	0.2460	-0.0447
1173	8	Explore	12	1	0.2486	-0.0441
1174	8	Explore	12	1	0.2511	-0.0435
1175	8	Explore	12	1	0.2537	-0.0429
1176	8	Explore	12	1	0.2562	-0.0423
1177	8	Explore	12	1	0.2588	-0.0418
1178	8	Explore	12	1	0.2614	-0.0412
1179	8	Explore	12	1	0.2639	-0.0406
1180	8	Explore	12	1	0.2665	-0.0400
1181	8	Explore	12	1	0.2690	-0.0394
1182	8	Explore	12	1	0.2716	-0.0389
1183	8	Explore	12	1	0.2742	-0.0383
1184	8	Explore	12	1	0.2767	-0.0377
1185	8	Explore	12	1	0.2793	-0.0371
1186	8	Explore	12	1	0.2818	-0.0366
1187	8	Explore	12	1	0.2844	-0.0360
1188	8	Explore	12	1	0.2870	-0.0354
1189	8	Explore	12	1	0.2895	-0.0348
1190	8	Explore	12	1	0.2921	-0.0342
1191	8	Explore	12	1	0.2946	-0.0337
1192	8	Explore	12	1	0.2972	-0.0331
1193	8	Explore	12	1	0.2998	-0.0325
1194	8	Explore	12	1	0.3023	-0.0319
1195	8	Explore	12	1	0.3049	-0.0313
1196	8	Explore	12	1	0.3074	-0.0308
1197	8	Explore	12	1	0.3100	-0.0302
1198	8	Explore	12	1	0.3126	-0.0296
1199	8	Explore	12	1	0.3151	-0.0290
1200	8	Explore	12	1	0.3151	-0.0290
1201	8	Explore	12	1	0.3151	-0.0290
1202	8	Explore	12	1	0.3151	-0.0290
1203	8	Explore	12	1	0.3151	-0.0289
1204	8	Explore	12	1	0.3151	-0.0289
1205	8	Explore	12	1	0.3151	-0.0289
1206	8	Explore	12	1	0.3150	-0.0289
1207	8	Explore	12	1	0.3150	-0.0289
1208	8	Explore	12	1	0.3150	-0.0289
1209	8	Explore	12	1	0.3150	-0.0288
1210	8	Explore	12	1	0.3150	-0.0288
1211	8	Explore	12	1	0.3150	-0.0288
1212	8	Explore	12	1	0.3150	-0.0288
1213	8	Explore	12	1	0.3149	-0.0288
1214	8	Explore	12	1	0.3149	-0.0288
1215	8	Explore	12	1	0.3149	-0.0287
1216	8	Explore	12	1	0.3149	-0.0287
1217	8	Explore	12	1	0.3149	-0.0287
1218	8	Explore	12	1	0.3149	-0.0287
1219	8	Explore	12	1	0.3148	-0.0287
1220	8	Explore	12	1	0.3148	-0.0287
1221	8	Explore	12	1	0.3148	-0.0287
1222	8	Explore	12	1	0.3148	-0.0286
1223	8	Explore	12	1	0.3148	-0.0286
1224	8	Explore	12	1	0.3148	-0.0286
1225	8	Explore	12	1	0.3147	-0.0286
1226	8	Explore	12	1	0.3147	-0.0286
1227	8	Explore	12	1	0.3147	-0.0285
1228	8	Explore	12	1	0.3154	-0.0260
1229	8	Explore	12	1	0.3160	-0.0235
1230	8	Explore	12	1	0.3167	-0.0209
1231	8	Explore	12	1	0.3174	-0.0184
1232	8	Explore	12	1	0.3181	-0.0158
1233	8	Explore	12	1	0.3187	-0.0133
1234	8	Explore	12	1	0.3194	-0.0108
1235	8	Explore	12	1	0.3201	-0.0082
1236	8	Explore	12	1	0.3208	-0.0057
1237	8	Explore	12	1	0.3214	-0.0032
1238	8	Explore	12	1	0.3221	-0.0006
1239	8	Explore	12	1	0.3228	0.0019
1240	8	Explore	12	1	0.3234	0.0045
1241	8	Explore	12	1	0.3241	0.0070
1242	8	Explore	12	1	0.3248	0.0095
1243	8	Explore	12	1	0.3255	0.0121
1244	8	Explore	12	1	0.3261	0.0146
1245	8	Explore	12	1	0.3268	0.0171
1246	8	Explore	12	1	0.3275	0.0197
1247	8	Explore	12	1	0.3282	0.0222
1248	8	Explore	12	1	0.3288	0.0247
1249	8	Explore	12	1	0.3295	0.0273
1250	8	Explore	12	1	0.3302	0.0298
1251	8	Explore	12	1	0.3309	0.0324
1252	8	Explore	12	1	0.3315	0.0349
1253	8	Explore	12	1	0.3322	0.0374
1254	8	Explore	12	1	0.3329	0.0400
1255	8	Explore	12	1	0.3335	0.0425
1256	8	Explore	12	1	0.3342	0.0450
1257	8	Explore	12	1	0.3349	0.0476
1258	8	Explore	12	1	0.3356	0.0501
1259	8	Explore	12	1	0.3362	0.0527
1260	8	Explore	12	1	0.3369	0.0552
1261	8	Explore	12	1	0.3376	0.0577
1262	8	Explore	12	1	0.3383	0.0603
1263	8	Explore	12	1	0.3389	0.0628
1264	8	Explore	12	1	0.3396	0.0653
1265	8	Explore	12	1	0.3403	0.0679
1266	8	Explore	12	1	0.3410	0.0704
1267	8	Explore	12	1	0.3416	0.0729
1268	8	Explore	12	1	0.3423	0.0755
1269	8	Explore	12	1	0.3430	0.0780
1270	8	Explore	12	1	0.3436	0.0806
1271	8	Explore	12	1	0.3436	0.0806
1272	8	Explore	12	1	0.3436	0.0806
1273	8	Explore	12	1	0.3436	0.0806
1274	8	Explore	12	1	0.3436	0.0806
1275	8	Explore	12	1	0.3435	0.0806
1276	8	Explore	12	1	0.3435	0.0806
1277	8	Explore	12	1	0.3435	0.0806
1278	8	Explore	12	1	0.3435	0.0806
1279	8	Explore	12	1	0.3435	0.0806
1280	8	Explore	12	1	0.3434	0.0806
1281	8	Explore	12	1	0.3434	0.0806
1282	8	Explore	12	1	0.3434	0.0805
1283	8	Explore	12	1	0.3434	0.0805
1284	8	Explore	12	1	0.3434	0.0805
1285	8	Explore	12	1	0.3433	0.0804
1286	8	Explore	12	1	0.3433	0.0804
1287	8	Explore	12	1	0.3433	0.0804
1288	8	Explore	12	1	0.3433	0.0804
1289	8	Explore	12	1	0.3433	0.0803
1290	8	Explore	12	1	0.3432	0.0803
1291	8	Explore	12	1	0.3419	0.0826
1292	8	Explore	12	1	0.3406	0.0849
1293	8	Explore	12	1	0.3393	0.0872
1294	8	Explore	12	1	0.3380	0.0894
1295	8	Explore	12	1	0.3367	0.0917
1296	8	Explore	12	1	0.3354	0.0940
1297	8	Explore	12	1	0.3341	0.0963
1298	8	Explore	12	1	0.3328	0.0985
1299	8	Explore	12	1	0.3315	0.1008
1300	8	Explore	12	1	0.3302	0.1031
1301	8	Explore	12	1	0.3289	0.1054
1302	8	Explore	12	1	0.3276	0.1076
1303	8	Explore	12	1	0.3262	0.1099
1304	8	Explore	12	1	0.3249	0.1122
1305	8	Explore	12	1	0.3236	0.1145
1306	8	Explore	12	1	0.3223	0.1167
1307	8	Explore	12	1	0.3210	0.1190
1308	8	Explore	12	1	0.3197	0.1213
1309	8	Explore	12	1	0.3184	0.1236
1310	8	Explore	12	1	0.3171	0.1258
1311	8	Explore	12	1	0.3158	0.1281
1312	8	Explore	12	1	0.3145	0.1304
1313	8	Explore	12	1	0.3132	0.1327
1314	8	Explore	12	1	0.3119	0.1349
1315	8	Explore	12	1	0.3106	0.1372
1316	8	Explore	12	1	0.3092	0.1395
1317	8	Explore	12	1	0.3079	0.1418
1318	8	Explore	12	1	0.3066	0.1440
1319	8	Explore	12	1	0.3053	0.1463
1320	8	Explore	12	1	0.3040	0.1486
1321	8	Explore	12	1	0.3027	0.1509
1322	8	Explore	12	1	0.3014	0.1532
1323	8	Explore	12	1	0.3001	0.1554
1324	8	Explore	12	1	0.2988	0.1577
1325	8	Explore	12	1	0.2975	0.1600
1326	8	Explore	12	1	0.2962	0.1623
1327	8	Explore	12	1	0.2949	0.1645
1328	8	Explore	12	1	0.2936	0.1668
1329	8	Explore	12	1	0.2922	0.1691
1330	8	Explore	12	1	0.2909	0.1714
1331	8	Explore	12	1	0.2896	0.1736
1332	8	Explore	12	1	0.2883	0.1759
1333	8	Explore	12	1	0.2870	0.1782
1334	8	Explore	12	1	0.2857	0.1805
1335	8	Explore	12	1	0.2844	0.1827
1336	8	Explore	12	1	0.2831	0.1850
1337	8	Explore	12	1	0.2818	0.1873
1338	8	Explore	12	1	0.2818	0.1873
1339	8	Explore	12	1	0.2818	0.1873
1340	8	Explore	12	1	0.2818	0.1873
1341	8	Explore	12	1	0.2819	0.1874
1342	8	Explore	12	1	0.2819	0.1874
1343	8	Explore	12	1	0.2819	0.1874
1344	8	Explore	12	1	0.2819	0.1874
1345	8	Explore	12	1	0.2819	0.1874
1346	8	Explore	12	1	0.2820	0.1875
1347	8	Explore	12	1	0.2820	0.1875
1348	8	Explore	12	1	0.2820	0.1875
1349	8	Explore	12	1	0.2820	0.1875
1350	8	Explore	12	1	0.2820	0.1875
1351	8	Explore	12	1	0.2821	0.1875
1352	8	Explore	12	1	0.2821	0.1875
1353	8	Explore	12	1	0.2821	0.1875
1354	8	Explore	12	1	0.2821	0.1875
1355	8	Explore	12	1	0.2821	0.1874
1356	8	Explore	12	1	0.2826	0.1900
1357	8	Explore	12	1	0.2831	0.1926
1358	8	Explore	12	1	0.2836	0.1952
1359	8	Explore	12	1	0.2840	0.1978
1360	8	Explore	12	1	0.2845	0.2003
1361	8	Explore	12	1	0.2850	0.2029
1362	8	Explore	12	1	0.2855	0.2055
1363	8	Explore	12	1	0.2860	0.2081
1364	8	Explore	12	1	0.2864	0.2107
1365	8	Explore	12	1	0.2869	0.2132
1366	8	Explore	12	1	0.2874	0.2158
1367	8	Explore	12	1	0.2879	0.2184
1368	8	Explore	12	1	0.2883	0.2210
1369	8	Explore	12	1	0.2888	0.2236
1370	8	Explore	12	1	0.2893	0.2262
1371	8	Explore	12	1	0.2898	0.2287
1372	8	Explore	12	1	0.2902	0.2313
1373	8	Explore	12	1	0.2907	0.2339
1374	8	Explore	12	1	0.2912	0.2365
1375	8	Explore	12	1	0.2917	0.2391
1376	8	Explore	12	1	0.2921	0.2416
1377	8	Explore	12	1	0.2926	0.2442
1378	8	Explore	12	1	0.2931	0.2468
1379	8	Explore	12	1	0.2936	0.2494
1380	8	Explore	12	1	0.2941	0.2520
1381	8	Explore	12	1	0.2945	0.2545
1382	8	Explore	12	1	0.2950	0.2571
1383	8	Explore	12	1	0.2955	0.2597
1384	8	Explore	12	1	0.2955	0.2597
1385	8	Explore	12	1	0.2955	0.2597
1386	8	Explore	12	1	0.2955	0.2597
1387	8	Explore	12	1	0.2956	0.2597
1388	8	Explore	12	1	0.2956	0.2597
1389	8	Explore	12	1	0.2956	0.2596
1390	8	Explore	12	1	0.2956	0.2596
1391	8	Explore	12	1	0.2956	0.2596
1392	8	Explore	12	1	0.2957	0.2596
1393	8	Explore	12	1	0.2957	0.2596
1394	8	Explore	12	1	0.2957	0.2596
1395	8	Explore	12	1	0.2957	0.2596
1396	8	Explore	12	1	0.2957	0.2595
1397	8	Explore	12	1	0.2957	0.2595
1398	8	Explore	12	1	0.2958	0.2595
1399	8	Explore	12	1	0.2958	0.2595
1400	8	Explore	12	1	0.2958	0.2595
1401	8	Explore	12	1	0.2958	0.2595
1402	8	Explore	12	1	0.2958	0.2594
1403	8	Explore	12	1	0.2958	0.2594
1404	8	Explore	12	1	0.2958	0.2594
1405	8	Explore	12	1	0.2959	0.2594
1406	8	Explore	12	1	0.2959	0.2594
1407	8	Explore	12	1	0.2982	0.2606
1408	8	Explore	12	1	0.3005	0.2619
1409	8	Explore	12	1	0.3028	0.2631
1410	8	Explore	12	1	0.3051	0.2644
1411	8	Explore	12	1	0.3074	0.2656
1412	8	Explore	12	1	0.3097	0.2669
1413	8	Explore	12	1	0.3120	0.2681
1414	8	Explore	12	1	0.3144	0.2693
1415	8	Explore	12	1	0.3167	0.2706
1416	8	Explore	12	1	0.3190	0.2718
1417	8	Explore	12	1	0.3213	0.2731
1418	8	Explore	12	1	0.3236	0.2743
1419	8	Explore	12	1	0.3259	0.2756
1420	8	Explore	12	1	0.3282	0.2768
1421	8	Explore	12	1	0.3305	0.2781
1422	8	Explore	12	1	0.3328	0.2793
1423	8	Explore	12	1	0.3351	0.2806
1424	8	Explore	12	1	0.3375	0.2818
1425	8	Explore	12	1	0.3398	0.2831
1426	8	Explore	12	1	0.3398	0.2831
1427	8	Explore	12	1	0.3398	0.2831
1428	8	Explore	12	1	0.3397	0.2831
1429	8	Explore	12	1	0.3397	0.2831
1430	8	Explore	12	1	0.3397	0.2831
1431	8	Explore	12	1	0.3397	0.2832
1432	8	Explore	12	1	0.3397	0.2832
1433	8	Explore	12	1	0.3397	0.2832
1434	8	Explore	12	1	0.3396	0.2832
1435	8	Explore	12	1	0.3396	0.2832
1436	8	Explore	12	1	0.3396	0.2832
1437	8	Explore	12	1	0.3412	0.2853
1438	8	Explore	12	1	0.3428	0.2874
1439	8	Explore	12	1	0.3444	0.2895
1440	8	Explore	12	1	0.3460	0.2916
1441	8	Explore	12	1	0.3475	0.2937
1442	8	Explore	12	1	0.3491	0.2958
1443	8	Explore	12	1	0.3507	0.2979
1444	8	Explore	12	1	0.3523	0.3000
1445	8	Explore	12	1	0.3539	0.3021
1446	8	Explore	12	1	0.3555	0.3041
1447	8	Explore	12	1	0.3571	0.3062
1448	8	Explore	12	1	0.3587	0.3083
1449	8	Explore	12	1	0.3602	0.3104
1450	8	Explore	12	1	0.3618	0.3125
1451	8	Explore	12	1	0.3634	0.3146
1452	8	Explore	12	1	0.3634	0.3146
1453	8	Explore	12	1	0.3635	0.3146
1454	8	Explore	12	1	0.3635	0.3146
1455	8	Explore	12	1	0.3635	0.3146
1456	8	Explore	12	1	0.3635	0.3145
1457	8	Explore	12	1	0.3635	0.3145
1458	8	Explore	12	1	0.3635	0.3145
1459	8	Explore	12	1	0.3635	0.3145
1460	8	Explore	12	1	0.3636	0.3145
1461	8	Explore	12	1	0.3636	0.3145
1462	8	Explore	12	1	0.3636	0.3144
1463	8	Explore	12	1	0.3636	0.3144
1464	8	Explore	12	1	0.3636	0.3144
1465	8	Explore	12	1	0.3636	0.3144
1466	8	Explore	12	1	0.3637	0.3144
1467	8	Explore	12	1	0.3637	0.3143
1468	8	Explore	12	1	0.3637	0.3143
1469	8	Explore	12	1	0.3637	0.3143
1470	8	Explore	12	1	0.3638	0.3143
1471	8	Explore	12	1	0.3638	0.3143
1472	8	Explore	12	1	0.3638	0.3142
1473	8	Explore	12	1	0.3638	0.3142
1474	8	Explore	12	1	0.3665	0.3144
1475	8	Explore	12	1	0.3691	0.3145
1476	8	Explore	12	1	0.3717	0.3147
1477	8	Explore	12	1	0.3743	0.3149
1478	8	Explore	12	1	0.3769	0.3150
1479	8	Explore	12	1	0.3796	0.3152
1480	8	Explore	12	1	0.3822	0.3154
1481	8	Explore	12	1	0.3848	0.3155
1482	8	Explore	12	1	0.3874	0.3157
1483	8	Explore	12	1	0.3900	0.3159
1484	8	Explore	12	1	0.3927	0.3160
1485	8	Explore	12	1	0.3953	0.3162
1486	8	Explore	12	1	0.3979	0.3164
1487	8	Explore	12	1	0.4005	0.3165
1488	8	Explore	12	1	0.4031	0.3167
1489	8	Explore	12	1	0.4057	0.3169
1490	8	Explore	12	1	0.4084	0.3170
1491	8	Explore	12	1	0.4110	0.3172
1492	8	Explore	12	1	0.4136	0.3174
1493	8	Explore	12	1	0.4162	0.3175
1494	8	Explore	12	1	0.4188	0.3177
1495	8	Explore	12	1	0.4215	0.3179
1496	8	Explore	12	1	0.4241	0.3180
1497	8	Explore	12	1	0.4267	0.3182
1498	8	Explore	12	1	0.4293	0.3184
1499	8	Explore	12	1	0.4319	0.3185
1500	8	Explore	12	1	0.4346	0.3187
1501	8	Explore	12	1	0.4372	0.3189
1502	8	Explore	12	1	0.4398	0.3190
1503	8	Explore	12	1	0.4424	0.3192
1504	8	Explore	12	1	0.4450	0.3194
1505	8	Explore	12	1	0.4477	0.3195
1506	8	Explore	12	1	0.4503	0.3197
1507	8	Explore	12	1	0.4529	0.3199
1508	8	Explore	12	1	0.4555	0.3200
1509	8	Explore	12	1	0.4555	0.3200
1510	8	Explore	12	1	0.4555	0.3201
1511	8	Explore	12	1	0.4555	0.3201
1512	8	Explore	12	1	0.4554	0.3201
1513	8	Explore	12	1	0.4554	0.3201
1514	8	Explore	12	1	0.4554	0.3201
1515	8	Explore	12	1	0.4553	0.3202
1516	8	Explore	12	1	0.4578	0.3210
1517	8	Explore	12	1	0.4578	0.3211
1518	8	Explore	12	1	0.4578	0.3211
1519	8	Explore	12	1	0.4578	0.3211
1520	8	Explore	12	1	0.4578	0.3211
1521	8	Explore	12	1	0.4577	0.3211
1522	8	Explore	12	1	0.4577	0.3212
1523	8	Explore	12	1	0.4577	0.3212
1524	8	Explore	12	1	0.4577	0.3212
1525	8	Explore	12	1	0.4577	0.3212
1526	8	Explore	12	1	0.4577	0.3212
1527	8	Explore	12	1	0.4577	0.3212
1528	8	Explore	12	1	0.4576	0.3213
1529	8	Explore	12	1	0.4576	0.3213
1530	8	Explore	12	1	0.4576	0.3213
1531	8	Explore	12	1	0.4576	0.3213
1532	8	Explore	12	1	0.4576	0.3213
1533	8	Explore	12	1	0.4576	0.3213
1534	8	Explore	12	1	0.4575	0.3213
1535	8	Explore	12	1	0.4575	0.3214
1536	8	Explore	12	1	0.4575	0.3214
1537	8	Explore	12	1	0.4575	0.3214
1538	8	Explore	12	1	0.4575	0.3214
1539	8	Explore	12	1	0.4574	0.3214
1540	8	Explore	12	1	0.4574	0.3214
1541	8	Explore	12	1	0.4574	0.3214
1542	8	Explore	12	1	0.4574	0.3215
1543	8	Explore	12	1	0.4574	0.3215
1544	8	Explore	12	1	0.4573	0.3215
1545	8	Explore	12	1	0.4573	0.3215
1546	8	Explore	12	1	0.4573	0.3215
1547	8	Explore	12	1	0.4573	0.3215
1548	8	Explore	12	1	0.4573	0.3215
1549	8	Explore	12	1	0.4572	0.3215
1550	8	Explore	12	1	0.4571	0.3241
1551	8	Explore	12	1	0.4570	0.3267
1552	8	Explore	12	1	0.4568	0.3293
1553	8	Explore	12	1	0.4567	0.3320
1554	8	Explore	12	1	0.4566	0.3346
1555	8	Explore	12	1	0.4564	0.3372
1556	8	Explore	12	1	0.4563	0.3398
1557	8	Explore	12	1	0.4562	0.3425
1558	8	Explore	12	1	0.4560	0.3451
1559	8	Explore	12	1	0.4559	0.3477
1560	8	Explore	12	1	0.4558	0.3503
1561	8	Explore	12	1	0.4556	0.3529
1562	8	Explore	12	1	0.4555	0.3556
1563	8	Explore	12	1	0.4554	0.3582
1564	8	Explore	12	1	0.4552	0.3608
1565	8	Explore	12	1	0.4551	0.3634
1566	8	Explore	12	1	0.4550	0.3660
1567	8	Explore	12	1	0.4550	0.3661
1568	8	Explore	12	1	0.4549	0.3661
1569	8	Explore	12	1	0.4549	0.3660
1570	8	Explore	12	1	0.4549	0.3660
1571	8	Explore	12	1	0.4549	0.3659
1572	8	Explore	12	1	0.4549	0.3659
1573	8	Explore	12	1	0.4548	0.3659
1574	8	Explore	12	1	0.4548	0.3659
1575	8	Explore	12	1	0.4548	0.3658
1576	8	Explore	12	1	0.4548	0.3658
1577	8	Explore	12	1	0.4548	0.3658
1578	8	Explore	12	1	0.4547	0.3658
1579	8	Explore	12	1	0.4534	0.3681
1580	8	Explore	12	1	0.4521	0.3703
1581	8	Explore	12	1	0.4508	0.3726
1582	8	Explore	12	1	0.4495	0.3749
1583	8	Explore	12	1	0.4482	0.3772
1584	8	Explore	12	1	0.4469	0.3794
1585	8	Explore	12	1	0.4456	0.3817
1586	8	Explore	12	1	0.4443	0.3840
1587	8	Explore	12	1	0.4430	0.3863
1588	8	Explore	12	1	0.4416	0.3885
1589	8	Explore	12	1	0.4403	0.3908
1590	8	Explore	12	1	0.4390	0.3931
1591	8	Explore	12	1	0.4377	0.3954
1592	8	Explore	12	1	0.4364	0.3976
1593	8	Explore	12	1	0.4351	0.3999
1594	8	Explore	12	1	0.4338	0.4022
1595	8	Explore	12	1	0.4325	0.4045
1596	8	Explore	12	1	0.4312	0.4067
1597	8	Explore	12	1	0.4299	0.4090
1598	8	Explore	12	1	0.4285	0.4113
1599	8	Explore	12	1	0.4272	0.4136
1600	8	Explore	12	1	0.4259	0.4158
1601	8	Explore	12	1	0.4246	0.4181
1602	8	Explore	12	1	0.4233	0.4204
1603	8	Explore	12	1	0.4220	0.4227
1604	8	Explore	12	1	0.4207	0.4249
1605	8	Explore	12	1	0.4194	0.4272
1606	8	Explore	12	1	0.4181	0.4295
1607	8	Explore	12	1	0.4168	0.4318
1608	8	Explore	12	1	0.4154	0.4340
1609	8	Explore	12	1	0.4141	0.4363
1610	8	Explore	12	1	0.4128	0.4386
1611	8	Explore	12	1	0.4115	0.4409
1612	8	Explore	12	1	0.4102	0.4431
1613	8	Explore	12	1	0.4089	0.4454
1614	8	Explore	12	1	0.4076	0.4477
1615	8	Explore	12	1	0.4063	0.4500
1616	8	Explore	12	1	0.4050	0.4522
1617	8	Explore	12	1	0.4037	0.4545
1618	8	Explore	12	1	0.4024	0.4568
1619	8	Explore	12	1	0.4023	0.4568
1620	8	Explore	12	1	0.4023	0.4568
1621	8	Explore	12	1	0.4023	0.4567
1622	8	Explore	12	1	0.4023	0.4567
1623	8	Explore	12	1	0.4023	0.4567
1624	8	Explore	12	1	0.4022	0.4567
1625	8	Explore	12	1	0.4022	0.4567
1626	8	Explore	12	1	0.4022	0.4567
1627	8	Explore	12	1	0.4022	0.4567
1628	8	Explore	12	1	0.4022	0.4566
1629	8	Explore	12	1	0.4022	0.4566
1630	8	Explore	12	1	0.4022	0.4566
1631	8	Explore	12	1	0.4022	0.4566
1632	8	Explore	12	1	0.4021	0.4566
1633	8	Explore	12	1	0.4021	0.4566
1634	8	Explore	12	1	0.4021	0.4565
1635	8	Explore	12	1	0.4021	0.4565
1636	8	Explore	12	1	0.4021	0.4565
1637	8	Explore	12	1	0.4021	0.4565
1638	8	Explore	12	1	0.4021	0.4565
1639	8	Explore	12	1	0.4020	0.4564
1640	8	Explore	12	1	0.4020	0.4564
1641	8	Explore	12	1	0.4020	0.4564
1642	8	Explore	12	1	0.4020	0.4564
1643	8	Explore	12	1	0.4020	0.4564
1644	8	Explore	12	1	0.4020	0.4563
1645	8	Explore	12	1	0.4020	0.4563
1646	8	Explore	12	1	0.3994	0.4563
1647	8	Explore	12	1	0.3967	0.4563
1648	8	Explore	12	1	0.3941	0.4563
1649	8	Explore	12	1	0.3915	0.4563
1650	8	Explore	12	1	0.3889	0.4563
1651	8	Hide	12	1	0.3862	0.4563
1652	9	Hide	11	2	0.3862	0.4563
1653	9	Hide	11	2	0.3836	0.4564
1654	9	Hide	11	2	0.3810	0.4566
1655	9	Hide	11	2	0.3810	0.4566
1656	9	Hide	11	2	0.3784	0.4568
1657	9	Hide	11	2	0.3757	0.4570
1658	9	Hide	11	2	0.3731	0.4572
1659	9	Hide	11	2	0.3705	0.4574
1660	9	Hide	11	2	0.3679	0.4576
1661	9	Hide	11	2	0.3653	0.4578
1662	9	Hide	11	2	0.3627	0.4580
1663	9	Hide	11	2	0.3600	0.4583
1664	9	Hide	11	2	0.3574	0.4585
1665	9	Hide	11	2	0.3548	0.4587
1666	9	Hide	11	2	0.3522	0.4589
1667	9	Hide	11	2	0.3496	0.4591
1668	9	Hide	11	2	0.3470	0.4593
1669	9	Hide	11	2	0.3443	0.4595
1670	9	Hide	11	2	0.3417	0.4597
1671	9	Hide	11	2	0.3391	0.4599
1672	9	Hide	11	2	0.3365	0.4601
1673	9	Hide	11	2	0.3339	0.4604
1674	9	Hide	11	2	0.3313	0.4606
1675	9	Hide	11	2	0.3286	0.4608
1676	9	Hide	11	2	0.3260	0.4610
1677	9	Hide	11	2	0.3234	0.4612
1678	9	Hide	11	2	0.3208	0.4614
1679	9	Hide	11	2	0.3182	0.4616
1680	9	Hide	11	2	0.3156	0.4618
1681	9	Hide	11	2	0.3129	0.4620
1682	9	Hide	11	2	0.3103	0.4622
1683	9	Hide	11	2	0.3077	0.4624
1684	9	Hide	11	2	0.3051	0.4627
1685	9	Hide	11	2	0.3025	0.4629
1686	9	Hide	11	2	0.2999	0.4631
1687	9	Hide	11	2	0.2972	0.4633
1688	9	Hide	11	2	0.2946	0.4635
1689	9	Hide	11	2	0.2920	0.4637
1690	9	Hide	11	2	0.2894	0.4639
1691	9	Hide	11	2	0.2868	0.4641
1692	9	Hide	11	2	0.2842	0.4643
1693	9	Hide	11	2	0.2815	0.4646
1694	9	Hide	11	2	0.2789	0.4648
1695	9	Hide	11	2	0.2763	0.4650
1696	9	Hide	11	2	0.2737	0.4652
1697	9	Hide	11	2	0.2711	0.4654
1698	9	Hide	11	2	0.2685	0.4656
1699	9	Hide	11	2	0.2658	0.4658
1700	9	Hide	11	2	0.2632	0.4660
1701	9	Hide	11	2	0.2606	0.4662
1702	9	Hide	11	2	0.2580	0.4664
1703	9	Hide	11	2	0.2554	0.4667
1704	9	Hide	11	2	0.2528	0.4668
1705	9	Hide	11	2	0.2502	0.4668
1706	9	Hide	11	2	0.2475	0.4668
1707	9	Hide	11	2	0.2449	0.4668
1708	9	Hide	11	2	0.2423	0.4668
1709	9	Hide	11	2	0.2397	0.4668
1710	9	Hide	11	2	0.2371	0.4668
1711	9	Hide	11	2	0.2345	0.4668
1712	9	Hide	11	2	0.2318	0.4668
1713	9	Hide	11	2	0.2292	0.4668
1714	9	Hide	11	2	0.2266	0.4668
1715	9	Hide	11	2	0.2240	0.4668
1716	9	Hide	11	2	0.2214	0.4668
1717	9	Hide	11	2	0.2188	0.4668
1718	9	Hide	11	2	0.2161	0.4668
1719	9	Hide	11	2	0.2135	0.4668
1720	9	Hide	11	2	0.2109	0.4668
1721	9	Hide	11	2	0.2083	0.4668
1722	9	Hide	11	2	0.2057	0.4668
1723	9	Hide	11	2	0.2031	0.4668
1724	9	Hide	11	2	0.2005	0.4668
1725	9	Hide	11	2	0.1978	0.4668
1726	9	Hide	11	2	0.1952	0.4668
1727	9	Hide	11	2	0.1926	0.4668
1728	9	Hide	11	2	0.1900	0.4668
1729	9	Hide	11	2	0.1874	0.4668
1730	9	Hide	11	2	0.1848	0.4668
1731	9	Hide	11	2	0.1821	0.4668
1732	9	Hide	11	2	0.1795	0.4668
1733	9	Hide	11	2	0.1769	0.4668
1734	9	Hide	11	2	0.1743	0.4668
1735	9	Hide	11	2	0.1717	0.4668
1736	9	Hide	11	2	0.1691	0.4668
1737	9	Hide	11	2	0.1665	0.4668
1738	9	Hide	11	2	0.1638	0.4668
1739	9	Hide	11	2	0.1612	0.4668
1740	9	Hide	11	2	0.1586	0.4668
1741	9	Hide	11	2	0.1560	0.4668
1742	9	Hide	11	2	0.1534	0.4668
1743	9	Hide	11	2	0.1508	0.4669
1744	9	Hide	11	2	0.1481	0.4669
1745	9	Hide	11	2	0.1455	0.4669
1746	9	Hide	11	2	0.1429	0.4669
1747	9	Hide	11	2	0.1403	0.4669
1748	9	Hide	11	2	0.1377	0.4669
1749	9	Hide	11	2	0.1351	0.4669
1750	9	Hide	11	2	0.1325	0.4669
1751	9	Hide	11	2	0.1298	0.4669
1752	9	Hide	11	2	0.1272	0.4669
1753	9	Hide	11	2	0.1246	0.4669
1754	9	Hide	11	2	0.1220	0.4669
1755	9	Hide	11	2	0.1194	0.4669
1756	9	Hide	11	2	0.1168	0.4669
1757	9	Hide	11	2	0.1142	0.4669
1758	9	Hide	11	2	0.1115	0.4669
1759	9	Hide	11	2	0.1089	0.4669
1760	9	Hide	11	2	0.1063	0.4669
1761	9	Hide	11	2	0.1037	0.4669
1762	9	Hide	11	2	0.1011	0.4669
1763	9	Hide	11	2	0.0985	0.4669
1764	9	Hide	11	2	0.0959	0.4669
1765	9	Hide	11	2	0.0932	0.4669
1766	9	Hide	11	2	0.0906	0.4669
1767	9	Hide	11	2	0.0880	0.4669
1768	9	Hide	11	2	0.0854	0.4669
1769	9	Hide	11	2	0.0828	0.4669
1770	9	Hide	11	2	0.0802	0.4669
1771	9	Hide	11	2	0.0776	0.4669
1772	9	Hide	11	2	0.0750	0.4669
1773	9	Hide	11	2	0.0723	0.4669
1774	9	Hide	11	2	0.0697	0.4669
1775	9	Hide	11	2	0.0671	0.4669
1776	9	Hide	11	2	0.0645	0.4669
1777	9	Hide	11	2	0.0619	0.4669
1778	9	Hide	11	2	0.0593	0.4669
1779	9	Hide	11	2	0.0567	0.4669
1780	9	Hide	11	2	0.0540	0.4669
1781	9	Hide	11	2	0.0514	0.4669
1782	9	Hide	11	2	0.0488	0.4669
1783	9	Hide	11	2	0.0462	0.4669
1784	9	Hide	11	2	0.0462	0.4670
1785	9	Hide	11	2	0.0462	0.4670
1786	9	Hide	11	2	0.0436	0.4674
1787	9	Hide	11	2	0.0436	0.4674
1788	9	Hide	11	2	0.0437	0.4675
1789	9	Hide	11	2	0.0437	0.4675
1790	9	Hide	11	2	0.0437	0.4675
1791	9	Hide	11	2	0.0437	0.4675
1792	9	Hide	11	2	0.0437	0.4675
1793	9	Hide	11	2	0.0437	0.4675
1794	9	Hide	11	2	0.0437	0.4675
1795	9	Hide	11	2	0.0437	0.4675
1796	9	Hide	11	2	0.0437	0.4675
1797	9	Hide	11	2	0.0437	0.4675
1798	9	Hide	11	2	0.0437	0.4675
1799	9	Hide	11	2	0.0437	0.4675
1800	9	Hide	11	2	0.0437	0.4675
1801	9	Hide	11	2	0.0437	0.4675
1802	9	Hide	11	2	0.0437	0.4675
1803	9	Hide	11	2	0.0437	0.4675
1804	9	Hide	11	2	0.0437	0.4675
1805	9	Hide	11	2	0.0437	0.4675
1806	9	Hide	11	2	0.0437	0.4675
1807	9	Hide	11	2	0.0437	0.4675
1808	9	Hide	11	2	0.0437	0.4675
1809	9	Hide	11	2	0.0437	0.4675
1810	9	Hide	11	2	0.0437	0.4675
1811	9	Hide	11	2	0.0437	0.4675
1812	9	Hide	11	2	0.0437	0.4675
1813	9	Hide	11	2	0.0437	0.4675
1814	9	Hide	11	2	0.0437	0.4675
1815	9	Hide	11	2	0.0437	0.4675
1816	9	Hide	11	2	0.0437	0.4675
1817	9	Hide	11	2	0.0437	0.4675
1818	9	Hide	11	2	0.0437	0.4675
1819	9	Hide	11	2	0.0437	0.4675
1820	9	Hide	11	2	0.0437	0.4675
1821	9	Hide	11	2	0.0437	0.4675
1822	9	Hide	11	2	0.0437	0.4675
1823	9	Hide	11	2	0.0437	0.4675
1824	9	Hide	11	2	0.0437	0.4675
1825	9	Hide	11	2	0.0437	0.4675
1826	9	Hide	11	2	0.0437	0.4675
1827	9	Hide	11	2	0.0437	0.4675
1828	9	Hide	11	2	0.0437	0.4675
1829	9	Hide	11	2	0.0437	0.4675
1830	9	Hide	11	2	0.0437	0.4675
1831	9	Hide	11	2	0.0437	0.4675
1832	9	Hide	11	2	0.0437	0.4675
1833	9	Hide	11	2	0.0437	0.4675
1834	9	Hide	11	2	0.0437	0.4675
1835	9	Hide	11	2	0.0437	0.4675
1836	9	Hide	11	2	0.0437	0.4675
1837	9	Hide	11	2	0.0437	0.4675
1838	9	Hide	11	2	0.0437	0.4675
1839	9	Hide	11	2	0.0437	0.4675
1840	9	Hide	11	2	0.0437	0.4675
1841	9	Hide	11	2	0.0437	0.4675
1842	9	Hide	11	2	0.0437	0.4675
1843	9	Hide	11	2	0.0437	0.4675
1844	9	Hide	11	2	0.0437	0.4675
1845	9	Hide	11	2	0.0437	0.4675
1846	9	Hide	11	2	0.0437	0.4675
1847	9	Hide	11	2	0.0437	0.4675
1848	9	Hide	11	2	0.0437	0.4675
1849	9	Hide	11	2	0.0437	0.4675
1850	9	Hide	11	2	0.0437	0.4675
1851	9	Hide	11	2	0.0437	0.4675
1852	9	Hide	11	2	0.0437	0.4675
1853	9	Hide	11	2	0.0437	0.4675
1854	9	Hide	11	2	0.0437	0.4675
1855	9	Hide	11	2	0.0437	0.4675
1856	9	Hide	11	2	0.0437	0.4675
1857	9	Hide	11	2	0.0437	0.4675
1858	9	Hide	11	2	0.0437	0.4675
1859	9	Hide	11	2	0.0437	0.4675
1860	9	Hide	11	2	0.0437	0.4675
1861	9	Hide	11	2	0.0437	0.4675
1862	9	Hide	11	2	0.0437	0.4675
1863	9	Hide	11	2	0.0437	0.4675
1864	9	Hide	11	2	0.0437	0.4675
1865	9	Hide	11	2	0.0437	0.4675
1866	9	Hide	11	2	0.0437	0.4675
1867	9	Hide	11	2	0.0437	0.4675
1868	9	Hide	11	2	0.0437	0.4675
1869	9	Hide	11	2	0.0437	0.4675
1870	9	Hide	11	2	0.0437	0.4675
1871	9	Hide	11	2	0.0437	0.4675
1872	9	Hide	11	2	0.0437	0.4675
1873	9	Hide	11	2	0.0437	0.4675
1874	9	Hide	11	2	0.0437	0.4675
1875	9	Hide	11	2	0.0437	0.4675
1876	9	Hide	11	2	0.0437	0.4675
1877	9	Hide	11	2	0.0437	0.4675
1878	9	Hide	11	2	0.0437	0.4675
1879	9	Hide	11	2	0.0437	0.4675
1880	9	Hide	11	2	0.0437	0.4675
1881	9	Hide	11	2	0.0437	0.4675
1882	9	Hide	11	2	0.0437	0.4675
1883	9	Hide	11	2	0.0437	0.4675
1884	9	Hide	11	2	0.0437	0.4675
1885	9	Hide	11	2	0.0437	0.4675
1886	9	Hide	11	2	0.0437	0.4675
1887	9	Hide	11	2	0.0437	0.4675
1888	9	Explore	11	2	0.0437	0.4675
1889	10	Explore	10	3	0.0436	0.4675
