TimeStep	Transitions	State	FearLevel	HungerLevel	PosX	posZ
1902	11	Eat	9	6	0.4362	-0.2899
1903	11	Eat	9	6	0.4341	-0.2883
1904	11	Eat	9	6	0.4320	-0.2867
1905	11	Eat	9	6	0.4298	-0.2852
1906	11	Eat	9	6	0.4277	-0.2837
1907	11	Eat	9	6	0.4255	-0.2822
1908	11	Eat	9	6	0.4233	-0.2808
1909	11	Eat	9	6	0.4211	-0.2794
1910	11	Eat	9	6	0.4188	-0.2780
1911	11	Eat	9	6	0.4165	-0.2767
1912	11	Eat	9	6	0.4143	-0.2754
1913	11	Eat	9	6	0.4120	-0.2741
1914	11	Eat	9	6	0.4096	-0.2729
1915	11	Eat	9	6	0.4073	-0.2717
1916	11	Eat	9	6	0.4050	-0.2705
1917	11	Eat	9	6	0.4026	-0.2693
1918	11	Eat	9	6	0.4003	-0.2682
1919	11	Eat	9	6	0.3979	-0.2671
1920	11	Eat	9	6	0.3955	-0.2660
1921	11	Eat	9	6	0.3931	-0.2649
1922	11	Eat	9	6	0.3907	-0.2638
1923	11	Eat	9	6	0.3883	-0.2628
1924	11	Eat	9	6	0.3859	-0.2617
1925	11	Eat	9	6	0.3835	-0.2607
1926	11	Eat	9	6	0.3810	-0.2597
1927	11	Eat	9	6	0.3786	-0.2588
1928	11	Eat	9	6	0.3762	-0.2578
1929	11	Eat	9	6	0.3737	-0.2569
1930	11	Eat	9	6	0.3713	-0.2559
1931	11	Eat	9	6	0.3688	-0.2550
1932	11	Eat	9	6	0.3663	-0.2541
1933	11	Eat	9	6	0.3639	-0.2532
1934	11	Eat	9	6	0.3614	-0.2524
1935	11	Eat	9	6	0.3589	-0.2515
1936	11	Eat	9	6	0.3564	-0.2506
1937	11	Eat	9	6	0.3539	-0.2498
1938	11	Eat	9	6	0.3515	-0.2490
1939	11	Eat	9	6	0.3490	-0.2481
1940	11	Eat	9	6	0.3465	-0.2473
1941	11	Eat	9	6	0.3440	-0.2465
1942	11	Eat	9	6	0.3415	-0.2457
1943	11	Eat	9	6	0.3390	-0.2449
1944	11	Eat	9	6	0.3365	-0.2442
1945	11	Eat	9	6	0.3339	-0.2434
1946	11	Eat	9	6	0.3314	-0.2426
1947	11	Eat	9	6	0.3289	-0.2419
1948	11	Eat	9	6	0.3264	-0.2411
1949	11	Eat	9	6	0.3239	-0.2404
1950	11	Eat	9	6	0.3214	-0.2397
1951	11	Eat	9	6	0.3188	-0.2389
1952	11	Eat	9	6	0.3163	-0.2382
1953	11	Eat	9	6	0.3138	-0.2375
1954	11	Eat	9	6	0.3113	-0.2368
1955	11	Eat	9	6	0.3087	-0.2361
1956	11	Eat	9	6	0.3062	-0.2354
1957	11	Eat	9	6	0.3037	-0.2347
1958	11	Eat	9	6	0.3011	-0.2340
1959	11	Eat	9	6	0.2986	-0.2334
1960	11	Eat	9	6	0.2961	-0.2327
1961	11	Eat	9	6	0.2935	-0.2320
1962	11	Eat	9	6	0.2910	-0.2314
1963	11	Eat	9	6	0.2884	-0.2307
1964	11	Eat	9	6	0.2859	-0.2300
1965	11	Eat	9	6	0.2834	-0.2294
1966	11	Eat	9	6	0.2808	-0.2287
1967	11	Eat	9	6	0.2783	-0.2281
1968	11	Eat	9	6	0.2757	-0.2275
1969	11	Eat	9	6	0.2732	-0.2268
1970	11	Eat	9	6	0.2706	-0.2262
1971	11	Eat	9	6	0.2681	-0.2255
1972	11	Eat	9	6	0.2655	-0.2249
1973	11	Eat	9	6	0.2630	-0.2243
1974	11	Eat	9	6	0.2604	-0.2236
1975	11	Eat	9	6	0.2579	-0.2230
1976	11	Eat	9	6	0.2553	-0.2224
1977	11	Eat	9	6	0.2528	-0.2218
1978	11	Eat	9	6	0.2502	-0.2211
1979	11	Eat	9	6	0.2477	-0.2205
1980	11	Eat	9	6	0.2451	-0.2199
1981	11	Eat	9	6	0.2426	-0.2193
1982	11	Eat	9	6	0.2400	-0.2187
1983	11	Eat	9	6	0.2375	-0.2181
1984	11	Eat	9	6	0.2349	-0.2175
1985	11	Eat	9	6	0.2324	-0.2169
1986	11	Eat	9	6	0.2298	-0.2162
1987	11	Eat	9	6	0.2273	-0.2156
1988	11	Eat	9	6	0.2247	-0.2150
1989	11	Eat	9	6	0.2222	-0.2144
1990	11	Eat	9	6	0.2196	-0.2138
1991	11	Eat	9	6	0.2171	-0.2132
1992	11	Eat	9	6	0.2145	-0.2126
1993	11	Eat	9	6	0.2119	-0.2120
1994	11	Eat	9	6	0.2094	-0.2114
1995	11	Eat	9	6	0.2068	-0.2109
1996	11	Eat	9	6	0.2043	-0.2103
1997	11	Eat	9	6	0.2017	-0.2097
1998	11	Eat	9	6	0.1992	-0.2091
1999	11	Eat	9	6	0.1966	-0.2085
2000	11	Eat	9	6	0.1940	-0.2079
2001	11	Eat	9	6	0.1915	-0.2073
2002	11	Eat	9	6	0.1889	-0.2067
2003	11	Eat	9	6	0.1864	-0.2062
2004	11	Eat	9	6	0.1838	-0.2056
2005	11	Eat	9	6	0.1812	-0.2050
2006	11	Eat	9	6	0.1787	-0.2044
2007	11	Eat	9	6	0.1761	-0.2038
2008	11	Eat	9	6	0.1736	-0.2033
2009	11	Eat	9	6	0.1710	-0.2027
2010	11	Eat	9	6	0.1684	-0.2021
2011	11	Eat	9	6	0.1659	-0.2015
2012	11	Eat	9	6	0.1633	-0.2010
2013	11	Eat	9	6	0.1608	-0.2004
2014	11	Eat	9	6	0.1582	-0.1998
2015	11	Eat	9	6	0.1556	-0.1992
2016	11	Eat	9	6	0.1531	-0.1987
2017	11	Eat	9	6	0.1505	-0.1981
2018	11	Eat	9	6	0.1479	-0.1975
2019	11	Eat	9	6	0.1454	-0.1970
2020	11	Eat	9	6	0.1428	-0.1964
2021	11	Eat	9	6	0.1403	-0.1958
2022	11	Eat	9	6	0.1377	-0.1953
2023	11	Eat	9	6	0.1351	-0.1947
2024	11	Eat	9	6	0.1326	-0.1941
2025	11	Eat	9	6	0.1300	-0.1936
2026	11	Eat	9	6	0.1274	-0.1930
2027	11	Eat	9	6	0.1249	-0.1924
2028	11	Eat	9	6	0.1223	-0.1919
2029	11	Eat	9	6	0.1197	-0.1913
2030	11	Eat	9	6	0.1172	-0.1908
2031	11	Eat	9	6	0.1146	-0.1902
2032	11	Eat	9	6	0.1121	-0.1896
2033	11	Eat	9	6	0.1095	-0.1891
2034	11	Eat	9	6	0.1069	-0.1885
2035	11	Eat	9	6	0.1044	-0.1880
2036	11	Eat	9	6	0.1018	-0.1874
2037	11	Eat	9	6	0.0992	-0.1869
2038	11	Eat	9	6	0.0967	-0.1863
2039	11	Eat	9	6	0.0941	-0.1858
2040	11	Eat	9	6	0.0915	-0.1852
2041	11	Eat	9	6	0.0890	-0.1847
2042	11	Eat	9	6	0.0864	-0.1841
2043	11	Eat	9	6	0.0838	-0.1836
2044	11	Eat	9	6	0.0813	-0.1830
2045	11	Eat	9	6	0.0787	-0.1825
2046	11	Eat	9	6	0.0761	-0.1819
2047	11	Eat	9	6	0.0736	-0.1814
2048	11	Eat	9	6	0.0710	-0.1808
2049	11	Eat	9	6	0.0684	-0.1803
2050	11	Eat	9	6	0.0659	-0.1797
2051	11	Eat	9	6	0.0633	-0.1792
2052	11	Eat	9	6	0.0607	-0.1786
2053	11	Eat	9	6	0.0582	-0.1781
2054	11	Eat	9	6	0.0556	-0.1776
2055	11	Eat	9	6	0.0530	-0.1770
2056	11	Eat	9	6	0.0504	-0.1765
2057	11	Eat	9	6	0.0504	-0.1765
2058	11	Eat	9	6	0.0504	-0.1765
2059	11	Eat	9	6	0.0504	-0.1765
2060	11	Eat	9	6	0.0504	-0.1765
2061	11	Eat	9	6	0.0504	-0.1765
2062	11	Eat	9	6	0.0504	-0.1765
2063	11	Eat	9	6	0.0504	-0.1765
2064	11	Eat	9	6	0.0504	-0.1765
2065	11	Eat	9	6	0.0504	-0.1765
2066	11	Eat	9	6	0.0504	-0.1765
2067	11	Eat	9	6	0.0504	-0.1765
2068	11	Eat	9	6	0.0504	-0.1765
2069	11	Eat	9	6	0.0504	-0.1765
2070	11	Eat	9	6	0.0504	-0.1765
2071	11	Eat	9	6	0.0504	-0.1765
2072	11	Eat	9	6	0.0504	-0.1765
2073	11	Eat	9	6	0.0504	-0.1765
2074	11	Eat	9	6	0.0504	-0.1765
2075	11	Eat	9	6	0.0504	-0.1765
2076	11	Eat	9	6	0.0504	-0.1765
2077	11	Eat	9	6	0.0504	-0.1765
2078	11	Eat	9	6	0.0504	-0.1765
2079	11	Eat	9	6	0.0504	-0.1765
2080	11	Eat	9	6	0.0504	-0.1765
2081	11	Eat	9	6	0.0504	-0.1765
2082	11	Eat	9	6	0.0504	-0.1765
2083	11	Eat	9	6	0.0504	-0.1765
2084	11	Eat	9	6	0.0504	-0.1765
2085	11	Eat	9	6	0.0504	-0.1765
2086	11	Eat	9	6	0.0504	-0.1765
2087	11	Eat	9	6	0.0504	-0.1765
2088	11	Eat	9	6	0.0504	-0.1765
2089	11	Eat	9	6	0.0504	-0.1765
2090	11	Eat	9	6	0.0504	-0.1765
2091	11	Eat	9	6	0.0504	-0.1765
2092	11	Eat	9	6	0.0504	-0.1765
2093	11	Eat	9	6	0.0504	-0.1765
2094	11	Eat	9	6	0.0504	-0.1765
2095	11	Eat	9	6	0.0504	-0.1765
2096	11	Eat	9	6	0.0504	-0.1765
2097	11	Eat	9	6	0.0504	-0.1765
2098	11	Eat	9	6	0.0504	-0.1765
2099	11	Eat	9	6	0.0504	-0.1765
2100	11	Eat	9	6	0.0504	-0.1765
2101	11	Eat	9	6	0.0504	-0.1765
2102	11	Eat	9	6	0.0504	-0.1765
2103	11	Eat	9	6	0.0504	-0.1765
2104	11	Eat	9	6	0.0504	-0.1765
2105	11	Eat	9	6	0.0504	-0.1765
2106	11	Eat	9	6	0.0504	-0.1765
2107	11	Eat	9	6	0.0504	-0.1765
2108	11	Eat	9	6	0.0504	-0.1765
2109	11	Eat	9	6	0.0504	-0.1765
2110	11	Eat	9	6	0.0504	-0.1765
2111	11	Eat	9	6	0.0504	-0.1765
2112	11	Eat	9	6	0.0504	-0.1765
2113	11	Eat	9	6	0.0504	-0.1765
2114	11	Eat	9	6	0.0504	-0.1765
2115	11	Eat	9	6	0.0504	-0.1765
2116	11	Eat	9	6	0.0504	-0.1765
2117	11	Eat	9	6	0.0504	-0.1765
2118	11	Eat	9	6	0.0504	-0.1765
2119	11	Eat	9	6	0.0504	-0.1765
2120	11	Eat	9	6	0.0504	-0.1765
2121	11	Eat	9	6	0.0504	-0.1765
2122	11	Eat	9	6	0.0504	-0.1765
2123	11	Eat	9	6	0.0504	-0.1765
2124	11	Eat	9	6	0.0504	-0.1765
2125	11	Eat	9	6	0.0504	-0.1765
2126	11	Eat	9	6	0.0504	-0.1765
2127	11	Eat	9	6	0.0504	-0.1765
2128	11	Eat	9	6	0.0504	-0.1765
2129	11	Eat	9	6	0.0504	-0.1765
2130	11	Eat	9	6	0.0504	-0.1765
2131	11	Eat	9	6	0.0504	-0.1765
2132	11	Eat	9	6	0.0504	-0.1765
2133	11	Eat	9	6	0.0504	-0.1765
2134	11	Eat	9	6	0.0504	-0.1765
2135	11	Eat	9	6	0.0504	-0.1765
2136	11	Eat	9	6	0.0504	-0.1765
2137	11	Eat	9	6	0.0504	-0.1765
2138	11	Eat	9	6	0.0504	-0.1765
2139	11	Eat	9	6	0.0504	-0.1765
2140	11	Eat	9	6	0.0504	-0.1765
2141	11	Eat	9	6	0.0504	-0.1765
2142	11	Eat	9	6	0.0504	-0.1765
2143	11	Eat	9	6	0.0504	-0.1765
2144	11	Eat	9	6	0.0504	-0.1765
2145	11	Eat	9	6	0.0504	-0.1765
2146	11	Eat	9	6	0.0504	-0.1765
2147	11	Eat	9	6	0.0504	-0.1765
2148	11	Eat	9	6	0.0504	-0.1765
2149	11	Eat	9	6	0.0504	-0.1765
2150	11	Eat	9	6	0.0504	-0.1765
2151	11	Eat	9	6	0.0504	-0.1765
2152	11	Eat	9	6	0.0504	-0.1765
2153	11	Eat	9	6	0.0504	-0.1765
2154	11	Eat	9	6	0.0504	-0.1765
2155	11	Eat	9	6	0.0504	-0.1765
2156	11	Eat	9	6	0.0504	-0.1765
2157	11	Eat	9	6	0.0504	-0.1765
2158	11	Eat	9	6	0.0504	-0.1765
2159	11	Eat	9	6	0.0504	-0.1765
2160	11	Eat	9	6	0.0504	-0.1765
2161	11	Eat	9	6	0.0504	-0.1765
2162	11	Eat	9	6	0.0504	-0.1765
2163	11	Eat	9	6	0.0504	-0.1765
2164	11	Eat	9	6	0.0504	-0.1765
2165	11	Eat	9	6	0.0504	-0.1765
2166	11	Eat	9	6	0.0504	-0.1765
2167	11	Eat	9	6	0.0504	-0.1765
2168	11	Eat	9	6	0.0504	-0.1765
2169	11	Eat	9	6	0.0504	-0.1765
2170	11	Eat	9	6	0.0504	-0.1765
2171	11	Eat	9	6	0.0504	-0.1765
2172	11	Eat	9	6	0.0504	-0.1765
2173	11	Eat	9	6	0.0504	-0.1765
2174	11	Eat	9	6	0.0504	-0.1765
2175	11	Eat	9	6	0.0504	-0.1765
2176	11	Eat	9	6	0.0504	-0.1765
2177	11	Eat	9	6	0.0504	-0.1765
2178	11	Eat	9	6	0.0504	-0.1765
2179	11	Eat	9	6	0.0504	-0.1765
2180	11	Eat	9	6	0.0504	-0.1765
2181	11	Eat	9	6	0.0504	-0.1765
2182	11	Eat	9	6	0.0504	-0.1765
2183	11	Eat	9	6	0.0504	-0.1765
2184	11	Eat	9	6	0.0504	-0.1765
2185	11	Eat	9	6	0.0504	-0.1765
2186	11	Eat	9	6	0.0504	-0.1765
2187	11	Eat	9	6	0.0504	-0.1765
2188	11	Eat	9	6	0.0504	-0.1765
2189	11	Eat	9	6	0.0504	-0.1765
2190	11	Eat	9	6	0.0504	-0.1765
2191	11	Eat	9	6	0.0504	-0.1765
2192	11	Eat	9	6	0.0504	-0.1765
2193	11	Eat	9	6	0.0504	-0.1765
2194	11	Eat	9	6	0.0504	-0.1765
2195	11	Eat	9	6	0.0504	-0.1765
2196	11	Eat	9	6	0.0504	-0.1765
2197	11	Eat	9	6	0.0504	-0.1765
2198	11	Eat	9	6	0.0504	-0.1765
2199	11	Eat	9	6	0.0504	-0.1765
2200	11	Eat	9	6	0.0504	-0.1765
2201	11	Eat	9	6	0.0504	-0.1765
2202	11	Eat	9	6	0.0504	-0.1765
2203	11	Eat	9	6	0.0504	-0.1765
2204	11	Eat	9	6	0.0504	-0.1765
2205	11	Eat	9	6	0.0504	-0.1765
2206	11	Eat	9	6	0.0504	-0.1765
2207	11	Eat	9	6	0.0504	-0.1765
2208	11	Eat	9	6	0.0504	-0.1765
2209	11	Eat	9	6	0.0504	-0.1765
2210	11	Eat	9	6	0.0504	-0.1765
2211	11	Eat	9	6	0.0504	-0.1765
2212	11	Eat	9	6	0.0504	-0.1765
2213	11	Eat	9	6	0.0504	-0.1765
2214	11	Eat	9	6	0.0504	-0.1765
2215	11	Eat	9	6	0.0504	-0.1765
2216	11	Explore	9	0	0.0504	-0.1765
2217	12	Explore	8	1	0.0479	-0.1760
2218	12	Explore	8	1	0.0453	-0.1754
2219	12	Explore	8	1	0.0427	-0.1749
2220	12	Explore	8	1	0.0402	-0.1744
2221	12	Explore	8	1	0.0376	-0.1738
2222	12	Explore	8	1	0.0350	-0.1733
2223	12	Explore	8	1	0.0325	-0.1727
2224	12	Explore	8	1	0.0299	-0.1722
2225	12	Explore	8	1	0.0273	-0.1717
2226	12	Explore	8	1	0.0247	-0.1711
2227	12	Explore	8	1	0.0222	-0.1706
2228	12	Explore	8	1	0.0196	-0.1701
2229	12	Explore	8	1	0.0170	-0.1695
2230	12	Explore	8	1	0.0145	-0.1690
2231	12	Explore	8	1	0.0119	-0.1685
2232	12	Explore	8	1	0.0093	-0.1679
2233	12	Explore	8	1	0.0068	-0.1674
2234	12	Explore	8	1	0.0042	-0.1669
2235	12	Explore	8	1	0.0016	-0.1663
2236	12	Explore	8	1	-0.0009	-0.1658
2237	12	Explore	8	1	-0.0035	-0.1652
2238	12	Explore	8	1	-0.0061	-0.1647
2239	12	Explore	8	1	-0.0087	-0.1642
2240	12	Explore	8	1	-0.0112	-0.1636
2241	12	Explore	8	1	-0.0138	-0.1631
2242	12	Explore	8	1	-0.0164	-0.1626
2243	12	Explore	8	1	-0.0189	-0.1620
2244	12	Explore	8	1	-0.0215	-0.1615
2245	12	Explore	8	1	-0.0241	-0.1610
2246	12	Explore	8	1	-0.0266	-0.1604
2247	12	Explore	8	1	-0.0292	-0.1599
2248	12	Explore	8	1	-0.0318	-0.1593
2249	12	Explore	8	1	-0.0343	-0.1588
2250	12	Explore	8	1	-0.0369	-0.1583
2251	12	Explore	8	1	-0.0395	-0.1577
2252	12	Explore	8	1	-0.0421	-0.1572
2253	12	Explore	8	1	-0.0446	-0.1567
2254	12	Explore	8	1	-0.0472	-0.1561
2255	12	Explore	8	1	-0.0498	-0.1556
2256	12	Explore	8	1	-0.0523	-0.1551
2257	12	Explore	8	1	-0.0549	-0.1545
2258	12	Explore	8	1	-0.0549	-0.1545
2259	12	Explore	8	1	-0.0549	-0.1545
2260	12	Explore	8	1	-0.0549	-0.1545
2261	12	Explore	8	1	-0.0549	-0.1544
2262	12	Explore	8	1	-0.0548	-0.1544
2263	12	Explore	8	1	-0.0548	-0.1544
2264	12	Explore	8	1	-0.0548	-0.1544
2265	12	Explore	8	1	-0.0548	-0.1544
2266	12	Explore	8	1	-0.0548	-0.1543
2267	12	Explore	8	1	-0.0547	-0.1543
2268	12	Explore	8	1	-0.0547	-0.1543
2269	12	Explore	8	1	-0.0547	-0.1543
2270	12	Explore	8	1	-0.0547	-0.1543
2271	12	Explore	8	1	-0.0547	-0.1543
2272	12	Explore	8	1	-0.0547	-0.1542
2273	12	Explore	8	1	-0.0547	-0.1542
2274	12	Explore	8	1	-0.0546	-0.1542
2275	12	Explore	8	1	-0.0546	-0.1542
2276	12	Explore	8	1	-0.0546	-0.1542
2277	12	Explore	8	1	-0.0561	-0.1521
2278	12	Explore	8	1	-0.0577	-0.1499
2279	12	Explore	8	1	-0.0592	-0.1478
2280	12	Explore	8	1	-0.0608	-0.1457
2281	12	Explore	8	1	-0.0623	-0.1436
2282	12	Explore	8	1	-0.0638	-0.1414
2283	12	Explore	8	1	-0.0654	-0.1393
2284	12	Explore	8	1	-0.0669	-0.1372
2285	12	Explore	8	1	-0.0684	-0.1350
2286	12	Explore	8	1	-0.0700	-0.1329
2287	12	Explore	8	1	-0.0715	-0.1308
2288	12	Explore	8	1	-0.0731	-0.1287
2289	12	Explore	8	1	-0.0746	-0.1265
2290	12	Explore	8	1	-0.0761	-0.1244
2291	12	Explore	8	1	-0.0777	-0.1223
2292	12	Explore	8	1	-0.0792	-0.1202
2293	12	Explore	8	1	-0.0807	-0.1180
2294	12	Explore	8	1	-0.0823	-0.1159
2295	12	Explore	8	1	-0.0838	-0.1138
2296	12	Explore	8	1	-0.0838	-0.1138
2297	12	Explore	8	1	-0.0839	-0.1138
2298	12	Explore	8	1	-0.0839	-0.1138
2299	12	Explore	8	1	-0.0839	-0.1138
2300	12	Explore	8	1	-0.0839	-0.1138
2301	12	Explore	8	1	-0.0839	-0.1139
2302	12	Explore	8	1	-0.0839	-0.1139
2303	12	Explore	8	1	-0.0840	-0.1139
2304	12	Explore	8	1	-0.0840	-0.1139
2305	12	Explore	8	1	-0.0840	-0.1139
2306	12	Explore	8	1	-0.0840	-0.1139
2307	12	Explore	8	1	-0.0840	-0.1140
2308	12	Explore	8	1	-0.0840	-0.1140
2309	12	Explore	8	1	-0.0840	-0.1140
2310	12	Explore	8	1	-0.0841	-0.1140
2311	12	Explore	8	1	-0.0841	-0.1140
2312	12	Explore	8	1	-0.0841	-0.1140
2313	12	Explore	8	1	-0.0841	-0.1141
2314	12	Explore	8	1	-0.0841	-0.1141
2315	12	Explore	8	1	-0.0841	-0.1141
2316	12	Explore	8	1	-0.0841	-0.1141
2317	12	Explore	8	1	-0.0841	-0.1142
2318	12	Explore	8	1	-0.0841	-0.1142
2319	12	Explore	8	1	-0.0841	-0.1142
2320	12	Explore	8	1	-0.0841	-0.1142
2321	12	Explore	8	1	-0.0868	-0.1143
2322	12	Explore	8	1	-0.0894	-0.1143
2323	12	Explore	8	1	-0.0920	-0.1144
2324	12	Explore	8	1	-0.0946	-0.1145
2325	12	Explore	8	1	-0.0973	-0.1145
2326	12	Explore	8	1	-0.0999	-0.1146
2327	12	Explore	8	1	-0.1025	-0.1147
2328	12	Explore	8	1	-0.1051	-0.1147
2329	12	Explore	8	1	-0.1078	-0.1148
2330	12	Explore	8	1	-0.1104	-0.1149
2331	12	Explore	8	1	-0.1130	-0.1149
2332	12	Hide	8	1	-0.1156	-0.1150
2333	13	Hide	7	2	-0.1157	-0.1150
2334	13	Hide	7	2	-0.1183	-0.1150
2335	13	Hide	7	2	-0.1183	-0.1149
2336	13	Hide	7	2	-0.1183	-0.1149
2337	13	Hide	7	2	-0.1183	-0.1149
2338	13	Hide	7	2	-0.1182	-0.1149
2339	13	Hide	7	2	-0.1182	-0.1149
2340	13	Hide	7	2	-0.1182	-0.1148
2341	13	Hide	7	2	-0.1181	-0.1148
2342	13	Hide	7	2	-0.1206	-0.1141
2343	13	Hide	7	2	-0.1206	-0.1140
2344	13	Hide	7	2	-0.1231	-0.1132
2345	13	Hide	7	2	-0.1256	-0.1123
2346	13	Hide	7	2	-0.1281	-0.1115
2347	13	Hide	7	2	-0.1306	-0.1106
2348	13	Hide	7	2	-0.1331	-0.1098
2349	13	Hide	7	2	-0.1355	-0.1089
2350	13	Hide	7	2	-0.1380	-0.1081
2351	13	Hide	7	2	-0.1405	-0.1072
2352	13	Hide	7	2	-0.1430	-0.1064
2353	13	Hide	7	2	-0.1455	-0.1055
2354	13	Hide	7	2	-0.1480	-0.1047
2355	13	Hide	7	2	-0.1504	-0.1038
2356	13	Hide	7	2	-0.1529	-0.1030
2357	13	Hide	7	2	-0.1554	-0.1021
2358	13	Hide	7	2	-0.1579	-0.1013
2359	13	Hide	7	2	-0.1604	-0.1004
2360	13	Hide	7	2	-0.1629	-0.0996
2361	13	Hide	7	2	-0.1653	-0.0987
2362	13	Hide	7	2	-0.1678	-0.0979
2363	13	Hide	7	2	-0.1703	-0.0970
2364	13	Hide	7	2	-0.1728	-0.0962
2365	13	Hide	7	2	-0.1753	-0.0953
2366	13	Hide	7	2	-0.1778	-0.0945
2367	13	Hide	7	2	-0.1802	-0.0936
2368	13	Hide	7	2	-0.1827	-0.0928
2369	13	Hide	7	2	-0.1852	-0.0919
2370	13	Hide	7	2	-0.1877	-0.0911
2371	13	Hide	7	2	-0.1902	-0.0902
2372	13	Hide	7	2	-0.1927	-0.0894
2373	13	Hide	7	2	-0.1951	-0.0885
2374	13	Hide	7	2	-0.1976	-0.0877
2375	13	Hide	7	2	-0.2001	-0.0868
2376	13	Hide	7	2	-0.2026	-0.0860
2377	13	Hide	7	2	-0.2051	-0.0851
2378	13	Hide	7	2	-0.2076	-0.0843
2379	13	Hide	7	2	-0.2100	-0.0834
2380	13	Hide	7	2	-0.2125	-0.0826
2381	13	Hide	7	2	-0.2150	-0.0817
2382	13	Hide	7	2	-0.2175	-0.0809
2383	13	Hide	7	2	-0.2200	-0.0800
2384	13	Hide	7	2	-0.2225	-0.0792
2385	13	Hide	7	2	-0.2249	-0.0783
2386	13	Hide	7	2	-0.2274	-0.0775
2387	13	Hide	7	2	-0.2299	-0.0766
2388	13	Hide	7	2	-0.2324	-0.0758
2389	13	Hide	7	2	-0.2349	-0.0749
2390	13	Hide	7	2	-0.2374	-0.0741
2391	13	Hide	7	2	-0.2398	-0.0732
2392	13	Hide	7	2	-0.2423	-0.0724
2393	13	Hide	7	2	-0.2448	-0.0715
2394	13	Hide	7	2	-0.2473	-0.0707
2395	13	Hide	7	2	-0.2498	-0.0698
2396	13	Hide	7	2	-0.2523	-0.0690
2397	13	Hide	7	2	-0.2547	-0.0681
2398	13	Hide	7	2	-0.2572	-0.0673
2399	13	Hide	7	2	-0.2597	-0.0664
2400	13	Hide	7	2	-0.2622	-0.0656
2401	13	Hide	7	2	-0.2647	-0.0647
2402	13	Hide	7	2	-0.2672	-0.0639
2403	13	Hide	7	2	-0.2696	-0.0630
2404	13	Hide	7	2	-0.2721	-0.0622
2405	13	Hide	7	2	-0.2746	-0.0613
2406	13	Hide	7	2	-0.2771	-0.0605
2407	13	Hide	7	2	-0.2796	-0.0596
2408	13	Hide	7	2	-0.2821	-0.0588
2409	13	Hide	7	2	-0.2845	-0.0579
2410	13	Hide	7	2	-0.2870	-0.0570
2411	13	Hide	7	2	-0.2895	-0.0562
2412	13	Hide	7	2	-0.2920	-0.0553
2413	13	Hide	7	2	-0.2945	-0.0545
2414	13	Hide	7	2	-0.2969	-0.0536
2415	13	Hide	7	2	-0.2994	-0.0528
2416	13	Hide	7	2	-0.3019	-0.0519
2417	13	Hide	7	2	-0.3044	-0.0511
2418	13	Hide	7	2	-0.3069	-0.0502
2419	13	Hide	7	2	-0.3094	-0.0494
2420	13	Hide	7	2	-0.3118	-0.0485
2421	13	Hide	7	2	-0.3143	-0.0477
2422	13	Hide	7	2	-0.3168	-0.0468
2423	13	Hide	7	2	-0.3193	-0.0460
2424	13	Hide	7	2	-0.3218	-0.0451
2425	13	Hide	7	2	-0.3243	-0.0443
2426	13	Hide	7	2	-0.3267	-0.0434
2427	13	Hide	7	2	-0.3292	-0.0426
2428	13	Hide	7	2	-0.3317	-0.0417
2429	13	Hide	7	2	-0.3342	-0.0409
2430	13	Hide	7	2	-0.3367	-0.0400
2431	13	Hide	7	2	-0.3392	-0.0392
2432	13	Hide	7	2	-0.3416	-0.0383
2433	13	Hide	7	2	-0.3441	-0.0375
2434	13	Hide	7	2	-0.3466	-0.0366
2435	13	Hide	7	2	-0.3491	-0.0358
2436	13	Hide	7	2	-0.3516	-0.0349
2437	13	Hide	7	2	-0.3541	-0.0341
2438	13	Hide	7	2	-0.3565	-0.0332
2439	13	Hide	7	2	-0.3590	-0.0324
2440	13	Hide	7	2	-0.3615	-0.0315
2441	13	Hide	7	2	-0.3640	-0.0307
2442	13	Hide	7	2	-0.3665	-0.0298
2443	13	Hide	7	2	-0.3690	-0.0290
2444	13	Hide	7	2	-0.3714	-0.0281
2445	13	Hide	7	2	-0.3739	-0.0273
2446	13	Hide	7	2	-0.3764	-0.0264
2447	13	Hide	7	2	-0.3789	-0.0256
2448	13	Hide	7	2	-0.3814	-0.0247
2449	13	Hide	7	2	-0.3839	-0.0239
2450	13	Hide	7	2	-0.3863	-0.0230
2451	13	Hide	7	2	-0.3888	-0.0222
2452	13	Hide	7	2	-0.3913	-0.0213
2453	13	Hide	7	2	-0.3938	-0.0205
2454	13	Hide	7	2	-0.3963	-0.0196
2455	13	Hide	7	2	-0.3988	-0.0187
2456	13	Hide	7	2	-0.4012	-0.0179
2457	13	Hide	7	2	-0.4037	-0.0170
2458	13	Hide	7	2	-0.4062	-0.0162
2459	13	Hide	7	2	-0.4087	-0.0153
2460	13	Hide	7	2	-0.4112	-0.0145
2461	13	Hide	7	2	-0.4136	-0.0136
2462	13	Hide	7	2	-0.4161	-0.0128
2463	13	Hide	7	2	-0.4186	-0.0119
2464	13	Hide	7	2	-0.4211	-0.0111
2465	13	Hide	7	2	-0.4236	-0.0102
2466	13	Hide	7	2	-0.4261	-0.0094
2467	13	Hide	7	2	-0.4285	-0.0085
2468	13	Hide	7	2	-0.4310	-0.0077
2469	13	Hide	7	2	-0.4335	-0.0068
2470	13	Hide	7	2	-0.4360	-0.0060
2471	13	Hide	7	2	-0.4385	-0.0051
2472	13	Hide	7	2	-0.4410	-0.0043
2473	13	Hide	7	2	-0.4434	-0.0034
2474	13	Hide	7	2	-0.4459	-0.0026
2475	13	Hide	7	2	-0.4484	-0.0017
2476	13	Hide	7	2	-0.4509	-0.0009
2477	13	Hide	7	2	-0.4534	-0.0000
2478	13	Hide	7	2	-0.4559	0.0008
2479	13	Hide	7	2	-0.4583	0.0017
2480	13	Hide	7	2	-0.4608	0.0025
2481	13	Hide	7	2	-0.4633	0.0034
2482	13	Hide	7	2	-0.4658	0.0042
2483	13	Hide	7	2	-0.4683	0.0051
2484	13	Hide	7	2	-0.4683	0.0051
2485	13	Hide	7	2	-0.4683	0.0051
2486	13	Hide	7	2	-0.4683	0.0051
2487	13	Hide	7	2	-0.4683	0.0051
2488	13	Hide	7	2	-0.4683	0.0051
2489	13	Hide	7	2	-0.4683	0.0051
2490	13	Hide	7	2	-0.4683	0.0051
2491	13	Hide	7	2	-0.4683	0.0051
2492	13	Hide	7	2	-0.4683	0.0051
2493	13	Hide	7	2	-0.4683	0.0051
2494	13	Hide	7	2	-0.4683	0.0051
2495	13	Hide	7	2	-0.4683	0.0051
2496	13	Hide	7	2	-0.4683	0.0051
2497	13	Hide	7	2	-0.4683	0.0051
2498	13	Hide	7	2	-0.4683	0.0051
2499	13	Hide	7	2	-0.4683	0.0051
2500	13	Hide	7	2	-0.4683	0.0051
2501	13	Hide	7	2	-0.4683	0.0051
2502	13	Hide	7	2	-0.4683	0.0051
2503	13	Hide	7	2	-0.4683	0.0051
2504	13	Hide	7	2	-0.4683	0.0051
2505	13	Hide	7	2	-0.4683	0.0051
2506	13	Hide	7	2	-0.4683	0.0051
2507	13	Hide	7	2	-0.4683	0.0051
2508	13	Hide	7	2	-0.4683	0.0051
2509	13	Hide	7	2	-0.4683	0.0051
2510	13	Hide	7	2	-0.4683	0.0051
2511	13	Hide	7	2	-0.4683	0.0051
2512	13	Hide	7	2	-0.4683	0.0051
2513	13	Hide	7	2	-0.4683	0.0051
2514	13	Hide	7	2	-0.4683	0.0051
2515	13	Hide	7	2	-0.4683	0.0051
2516	13	Hide	7	2	-0.4683	0.0051
2517	13	Hide	7	2	-0.4683	0.0051
2518	13	Hide	7	2	-0.4683	0.0051
2519	13	Hide	7	2	-0.4683	0.0051
2520	13	Hide	7	2	-0.4683	0.0051
2521	13	Hide	7	2	-0.4683	0.0051
2522	13	Hide	7	2	-0.4683	0.0051
2523	13	Hide	7	2	-0.4683	0.0051
2524	13	Hide	7	2	-0.4683	0.0051
2525	13	Hide	7	2	-0.4683	0.0051
2526	13	Hide	7	2	-0.4683	0.0051
2527	13	Hide	7	2	-0.4683	0.0051
2528	13	Hide	7	2	-0.4683	0.0051
2529	13	Hide	7	2	-0.4683	0.0051
2530	13	Hide	7	2	-0.4683	0.0051
2531	13	Hide	7	2	-0.4683	0.0051
2532	13	Hide	7	2	-0.4683	0.0051
2533	13	Hide	7	2	-0.4683	0.0051
2534	13	Hide	7	2	-0.4683	0.0051
2535	13	Hide	7	2	-0.4683	0.0051
2536	13	Hide	7	2	-0.4683	0.0051
2537	13	Hide	7	2	-0.4683	0.0051
2538	13	Hide	7	2	-0.4683	0.0051
2539	13	Hide	7	2	-0.4683	0.0051
2540	13	Hide	7	2	-0.4683	0.0051
2541	13	Hide	7	2	-0.4683	0.0051
2542	13	Hide	7	2	-0.4683	0.0051
2543	13	Hide	7	2	-0.4683	0.0051
2544	13	Hide	7	2	-0.4683	0.0051
2545	13	Hide	7	2	-0.4683	0.0051
2546	13	Hide	7	2	-0.4683	0.0051
2547	13	Hide	7	2	-0.4683	0.0051
2548	13	Hide	7	2	-0.4683	0.0051
2549	13	Hide	7	2	-0.4683	0.0051
2550	13	Hide	7	2	-0.4683	0.0051
2551	13	Hide	7	2	-0.4683	0.0051
2552	13	Hide	7	2	-0.4683	0.0051
2553	13	Hide	7	2	-0.4683	0.0051
2554	13	Hide	7	2	-0.4683	0.0051
2555	13	Hide	7	2	-0.4683	0.0051
2556	13	Hide	7	2	-0.4683	0.0051
2557	13	Hide	7	2	-0.4683	0.0051
2558	13	Hide	7	2	-0.4683	0.0051
2559	13	Hide	7	2	-0.4683	0.0051
2560	13	Hide	7	2	-0.4683	0.0051
2561	13	Hide	7	2	-0.4683	0.0051
2562	13	Hide	7	2	-0.4683	0.0051
2563	13	Hide	7	2	-0.4683	0.0051
2564	13	Hide	7	2	-0.4683	0.0051
2565	13	Hide	7	2	-0.4683	0.0051
2566	13	Hide	7	2	-0.4683	0.0051
2567	13	Hide	7	2	-0.4683	0.0051
2568	13	Hide	7	2	-0.4683	0.0051
2569	13	Hide	7	2	-0.4683	0.0051
2570	13	Hide	7	2	-0.4683	0.0051
2571	13	Hide	7	2	-0.4683	0.0051
2572	13	Hide	7	2	-0.4683	0.0051
2573	13	Hide	7	2	-0.4683	0.0051
2574	13	Hide	7	2	-0.4683	0.0051
2575	13	Hide	7	2	-0.4683	0.0051
2576	13	Hide	7	2	-0.4683	0.0051
2577	13	Hide	7	2	-0.4683	0.0051
2578	13	Hide	7	2	-0.4683	0.0051
2579	13	Hide	7	2	-0.4683	0.0051
2580	13	Hide	7	2	-0.4683	0.0051
2581	13	Hide	7	2	-0.4683	0.0051
2582	13	Hide	7	2	-0.4683	0.0051
2583	13	Explore	7	2	-0.4683	0.0051
2584	14	Explore	6	3	-0.4683	0.0051
2585	14	Explore	6	3	-0.4683	0.0051
2586	14	Explore	6	3	-0.4683	0.0050
2587	14	Explore	6	3	-0.4684	0.0050
2588	14	Explore	6	3	-0.4684	0.0050
2589	14	Explore	6	3	-0.4685	0.0050
2590	14	Explore	6	3	-0.4685	0.0049
2591	14	Explore	6	3	-0.4685	0.0049
2592	14	Explore	6	3	-0.4685	0.0049
2593	14	Explore	6	3	-0.4685	0.0049
2594	14	Explore	6	3	-0.4685	0.0049
2595	14	Explore	6	3	-0.4684	0.0048
2596	14	Explore	6	3	-0.4684	0.0048
2597	14	Explore	6	3	-0.4683	0.0048
2598	14	Explore	6	3	-0.4683	0.0048
2599	14	Explore	6	3	-0.4683	0.0048
2600	14	Explore	6	3	-0.4683	0.0047
2601	14	Explore	6	3	-0.4682	0.0047
2602	14	Explore	6	3	-0.4682	0.0047
2603	14	Explore	6	3	-0.4682	0.0047
2604	14	Explore	6	3	-0.4682	0.0047
2605	14	Explore	6	3	-0.4682	0.0047
2606	14	Explore	6	3	-0.4682	0.0046
2607	14	Explore	6	3	-0.4681	0.0046
2608	14	Explore	6	3	-0.4681	0.0046
2609	14	Explore	6	3	-0.4681	0.0046
2610	14	Explore	6	3	-0.4681	0.0046
2611	14	Explore	6	3	-0.4681	0.0046
2612	14	Explore	6	3	-0.4681	0.0045
2613	14	Explore	6	3	-0.4681	0.0045
2614	14	Explore	6	3	-0.4680	0.0045
2615	14	Explore	6	3	-0.4680	0.0045
2616	14	Explore	6	3	-0.4680	0.0045
2617	14	Explore	6	3	-0.4680	0.0045
2618	14	Explore	6	3	-0.4680	0.0045
2619	14	Explore	6	3	-0.4680	0.0044
2620	14	Explore	6	3	-0.4679	0.0044
2621	14	Explore	6	3	-0.4679	0.0044
2622	14	Explore	6	3	-0.4679	0.0044
2623	14	Explore	6	3	-0.4679	0.0044
2624	14	Explore	6	3	-0.4679	0.0043
2625	14	Explore	6	3	-0.4678	0.0043
2626	14	Explore	6	3	-0.4678	0.0043
2627	14	Explore	6	3	-0.4678	0.0043
2628	14	Explore	6	3	-0.4675	0.0042
2629	14	Explore	6	3	-0.4671	0.0042
2630	14	Explore	6	3	-0.4666	0.0042
2631	14	Explore	6	3	-0.4663	0.0042
2632	14	Explore	6	3	-0.4659	0.0042
2633	14	Explore	6	3	-0.4653	0.0042
2634	14	Explore	6	3	-0.4648	0.0042
2635	14	Explore	6	3	-0.4643	0.0042
2636	14	Explore	6	3	-0.4639	0.0043
2637	14	Explore	6	3	-0.4636	0.0043
2638	14	Explore	6	3	-0.4632	0.0043
2639	14	Explore	6	3	-0.4630	0.0043
2640	14	Explore	6	3	-0.4629	0.0043
2641	14	Explore	6	3	-0.4629	0.0043
2642	14	Explore	6	3	-0.4620	0.0021
2643	14	Explore	6	3	-0.4611	-0.0004
2644	14	Explore	6	3	-0.4602	-0.0029
2645	14	Explore	6	3	-0.4592	-0.0053
2646	14	Explore	6	3	-0.4583	-0.0078
2647	14	Explore	6	3	-0.4574	-0.0102
2648	14	Explore	6	3	-0.4565	-0.0127
2649	14	Explore	6	3	-0.4556	-0.0152
2650	14	Explore	6	3	-0.4547	-0.0176
2651	14	Explore	6	3	-0.4538	-0.0201
2652	14	Explore	6	3	-0.4529	-0.0226
2653	14	Explore	6	3	-0.4519	-0.0250
2654	14	Explore	6	3	-0.4510	-0.0275
2655	14	Explore	6	3	-0.4501	-0.0299
2656	14	Explore	6	3	-0.4492	-0.0324
2657	14	Explore	6	3	-0.4483	-0.0349
2658	14	Explore	6	3	-0.4474	-0.0373
2659	14	Explore	6	3	-0.4465	-0.0398
2660	14	Explore	6	3	-0.4455	-0.0422
2661	14	Explore	6	3	-0.4446	-0.0447
2662	14	Explore	6	3	-0.4437	-0.0472
2663	14	Explore	6	3	-0.4428	-0.0496
2664	14	Explore	6	3	-0.4419	-0.0521
2665	14	Explore	6	3	-0.4410	-0.0545
2666	14	Explore	6	3	-0.4401	-0.0570
2667	14	Explore	6	3	-0.4392	-0.0595
2668	14	Explore	6	3	-0.4382	-0.0619
2669	14	Explore	6	3	-0.4373	-0.0644
2670	14	Explore	6	3	-0.4364	-0.0668
2671	14	Explore	6	3	-0.4355	-0.0693
2672	14	Explore	6	3	-0.4346	-0.0718
2673	14	Explore	6	3	-0.4337	-0.0742
2674	14	Explore	6	3	-0.4328	-0.0767
2675	14	Explore	6	3	-0.4318	-0.0791
2676	14	Explore	6	3	-0.4309	-0.0816
2677	14	Explore	6	3	-0.4300	-0.0841
2678	14	Explore	6	3	-0.4291	-0.0865
2679	14	Explore	6	3	-0.4282	-0.0890
2680	14	Explore	6	3	-0.4273	-0.0915
2681	14	Explore	6	3	-0.4273	-0.0915
2682	14	Explore	6	3	-0.4272	-0.0914
2683	14	Explore	6	3	-0.4272	-0.0914
2684	14	Explore	6	3	-0.4272	-0.0914
2685	14	Explore	6	3	-0.4272	-0.0914
2686	14	Explore	6	3	-0.4272	-0.0914
2687	14	Explore	6	3	-0.4271	-0.0913
2688	14	Explore	6	3	-0.4271	-0.0913
2689	14	Explore	6	3	-0.4271	-0.0913
2690	14	Explore	6	3	-0.4271	-0.0913
2691	14	Explore	6	3	-0.4271	-0.0913
2692	14	Explore	6	3	-0.4271	-0.0913
2693	14	Explore	6	3	-0.4271	-0.0913
2694	14	Explore	6	3	-0.4270	-0.0912
2695	14	Explore	6	3	-0.4270	-0.0912
2696	14	Explore	6	3	-0.4270	-0.0912
2697	14	Explore	6	3	-0.4270	-0.0912
2698	14	Explore	6	3	-0.4270	-0.0912
2699	14	Explore	6	3	-0.4270	-0.0912
2700	14	Explore	6	3	-0.4270	-0.0911
2701	14	Explore	6	3	-0.4269	-0.0911
2702	14	Explore	6	3	-0.4269	-0.0911
2703	14	Explore	6	3	-0.4269	-0.0911
2704	14	Explore	6	3	-0.4244	-0.0919
2705	14	Explore	6	3	-0.4219	-0.0927
2706	14	Explore	6	3	-0.4194	-0.0936
2707	14	Explore	6	3	-0.4169	-0.0944
2708	14	Explore	6	3	-0.4144	-0.0952
2709	14	Explore	6	3	-0.4120	-0.0961
2710	14	Explore	6	3	-0.4095	-0.0969
2711	14	Explore	6	3	-0.4070	-0.0977
2712	14	Explore	6	3	-0.4045	-0.0985
2713	14	Explore	6	3	-0.4020	-0.0994
2714	14	Explore	6	3	-0.3995	-0.1002
2715	14	Explore	6	3	-0.3970	-0.1010
2716	14	Explore	6	3	-0.3945	-0.1019
2717	14	Explore	6	3	-0.3920	-0.1027
2718	14	Explore	6	3	-0.3895	-0.1035
2719	14	Explore	6	3	-0.3870	-0.1043
2720	14	Explore	6	3	-0.3846	-0.1052
2721	14	Explore	6	3	-0.3821	-0.1060
2722	14	Explore	6	3	-0.3796	-0.1068
2723	14	Explore	6	3	-0.3771	-0.1077
2724	14	Explore	6	3	-0.3746	-0.1085
2725	14	Explore	6	3	-0.3721	-0.1093
2726	14	Explore	6	3	-0.3696	-0.1101
2727	14	Explore	6	3	-0.3671	-0.1110
2728	14	Explore	6	3	-0.3646	-0.1118
2729	14	Explore	6	3	-0.3621	-0.1126
2730	14	Explore	6	3	-0.3621	-0.1126
2731	14	Explore	6	3	-0.3621	-0.1127
2732	14	Explore	6	3	-0.3622	-0.1127
2733	14	Explore	6	3	-0.3622	-0.1127
2734	14	Explore	6	3	-0.3622	-0.1127
2735	14	Explore	6	3	-0.3622	-0.1127
2736	14	Explore	6	3	-0.3622	-0.1128
2737	14	Explore	6	3	-0.3622	-0.1128
2738	14	Explore	6	3	-0.3623	-0.1128
2739	14	Explore	6	3	-0.3623	-0.1128
2740	14	Explore	6	3	-0.3623	-0.1128
2741	14	Explore	6	3	-0.3623	-0.1128
2742	14	Explore	6	3	-0.3623	-0.1129
2743	14	Explore	6	3	-0.3605	-0.1148
2744	14	Explore	6	3	-0.3588	-0.1167
2745	14	Explore	6	3	-0.3570	-0.1186
2746	14	Explore	6	3	-0.3552	-0.1206
2747	14	Explore	6	3	-0.3534	-0.1225
2748	14	Explore	6	3	-0.3517	-0.1244
2749	14	Explore	6	3	-0.3499	-0.1264
2750	14	Explore	6	3	-0.3481	-0.1283
2751	14	Explore	6	3	-0.3463	-0.1302
2752	14	Explore	6	3	-0.3445	-0.1322
2753	14	Explore	6	3	-0.3428	-0.1341
2754	14	Explore	6	3	-0.3428	-0.1341
2755	14	Explore	6	3	-0.3428	-0.1341
2756	14	Explore	6	3	-0.3428	-0.1341
2757	14	Explore	6	3	-0.3428	-0.1342
2758	14	Explore	6	3	-0.3428	-0.1342
2759	14	Explore	6	3	-0.3429	-0.1342
2760	14	Explore	6	3	-0.3429	-0.1342
2761	14	Explore	6	3	-0.3429	-0.1342
2762	14	Explore	6	3	-0.3429	-0.1342
2763	14	Explore	6	3	-0.3429	-0.1343
2764	14	Explore	6	3	-0.3429	-0.1343
2765	14	Explore	6	3	-0.3421	-0.1368
2766	14	Explore	6	3	-0.3413	-0.1393
2767	14	Explore	6	3	-0.3405	-0.1418
2768	14	Explore	6	3	-0.3397	-0.1443
2769	14	Explore	6	3	-0.3389	-0.1468
2770	14	Explore	6	3	-0.3381	-0.1493
2771	14	Explore	6	3	-0.3372	-0.1518
2772	14	Explore	6	3	-0.3364	-0.1542
2773	14	Explore	6	3	-0.3356	-0.1567
2774	14	Explore	6	3	-0.3348	-0.1592
2775	14	Explore	6	3	-0.3340	-0.1617
2776	14	Explore	6	3	-0.3332	-0.1642
2777	14	Explore	6	3	-0.3324	-0.1667
2778	14	Explore	6	3	-0.3315	-0.1692
2779	14	Explore	6	3	-0.3307	-0.1717
2780	14	Explore	6	3	-0.3299	-0.1742
2781	14	Explore	6	3	-0.3291	-0.1767
2782	14	Explore	6	3	-0.3283	-0.1792
2783	14	Explore	6	3	-0.3275	-0.1817
2784	14	Explore	6	3	-0.3267	-0.1842
2785	14	Explore	6	3	-0.3258	-0.1867
2786	14	Explore	6	3	-0.3250	-0.1892
2787	14	Explore	6	3	-0.3242	-0.1917
2788	14	Explore	6	3	-0.3234	-0.1942
2789	14	Explore	6	3	-0.3226	-0.1967
2790	14	Explore	6	3	-0.3218	-0.1992
2791	14	Explore	6	3	-0.3210	-0.2017
2792	14	Explore	6	3	-0.3201	-0.2042
2793	14	Explore	6	3	-0.3193	-0.2066
2794	14	Explore	6	3	-0.3185	-0.2091
2795	14	Explore	6	3	-0.3177	-0.2116
2796	14	Explore	6	3	-0.3169	-0.2141
2797	14	Explore	6	3	-0.3161	-0.2166
2798	14	Explore	6	3	-0.3153	-0.2191
2799	14	Explore	6	3	-0.3144	-0.2216
2800	14	Explore	6	3	-0.3136	-0.2241
2801	14	Explore	6	3	-0.3128	-0.2266
2802	14	Explore	6	3	-0.3120	-0.2291
2803	14	Explore	6	3	-0.3112	-0.2316
2804	14	Explore	6	3	-0.3104	-0.2341
2805	14	Explore	6	3	-0.3096	-0.2366
2806	14	Explore	6	3	-0.3087	-0.2391
2807	14	Explore	6	3	-0.3079	-0.2416
2808	14	Explore	6	3	-0.3071	-0.2441
2809	14	Explore	6	3	-0.3063	-0.2466
2810	14	Explore	6	3	-0.3055	-0.2491
2811	14	Explore	6	3	-0.3047	-0.2516
2812	14	Explore	6	3	-0.3039	-0.2541
2813	14	Explore	6	3	-0.3039	-0.2541
2814	14	Explore	6	3	-0.3039	-0.2541
2815	14	Explore	6	3	-0.3039	-0.2541
2816	14	Explore	6	3	-0.3039	-0.2542
2817	14	Explore	6	3	-0.3040	-0.2542
2818	14	Explore	6	3	-0.3040	-0.2543
2819	14	Explore	6	3	-0.3040	-0.2543
2820	14	Explore	6	3	-0.3040	-0.2543
2821	14	Explore	6	3	-0.3040	-0.2543
2822	14	Explore	6	3	-0.3041	-0.2543
2823	14	Explore	6	3	-0.3043	-0.2569
2824	14	Explore	6	3	-0.3045	-0.2595
2825	14	Explore	6	3	-0.3047	-0.2621
2826	14	Explore	6	3	-0.3049	-0.2647
2827	14	Explore	6	3	-0.3051	-0.2673
2828	14	Explore	6	3	-0.3053	-0.2700
2829	14	Explore	6	3	-0.3055	-0.2726
2830	14	Explore	6	3	-0.3057	-0.2752
2831	14	Explore	6	3	-0.3059	-0.2778
2832	14	Explore	6	3	-0.3061	-0.2804
2833	14	Explore	6	3	-0.3063	-0.2830
2834	14	Explore	6	3	-0.3065	-0.2857
2835	14	Explore	6	3	-0.3067	-0.2883
2836	14	Explore	6	3	-0.3069	-0.2909
2837	14	Explore	6	3	-0.3071	-0.2935
2838	14	Explore	6	3	-0.3073	-0.2961
2839	14	Explore	6	3	-0.3075	-0.2987
2840	14	Explore	6	3	-0.3077	-0.3014
2841	14	Explore	6	3	-0.3079	-0.3040
2842	14	Explore	6	3	-0.3081	-0.3066
2843	14	Explore	6	3	-0.3083	-0.3092
2844	14	Explore	6	3	-0.3085	-0.3118
2845	14	Explore	6	3	-0.3087	-0.3144
2846	14	Explore	6	3	-0.3089	-0.3171
2847	14	Explore	6	3	-0.3091	-0.3197
2848	14	Explore	6	3	-0.3093	-0.3223
2849	14	Explore	6	3	-0.3095	-0.3249
2850	14	Explore	6	3	-0.3097	-0.3275
2851	14	Explore	6	3	-0.3099	-0.3301
2852	14	Explore	6	3	-0.3101	-0.3328
2853	14	Explore	6	3	-0.3103	-0.3354
2854	14	Explore	6	3	-0.3105	-0.3380
2855	14	Explore	6	3	-0.3107	-0.3406
2856	14	Explore	6	3	-0.3109	-0.3432
2857	14	Explore	6	3	-0.3111	-0.3459
2858	14	Explore	6	3	-0.3113	-0.3485
2859	14	Explore	6	3	-0.3115	-0.3511
2860	14	Explore	6	3	-0.3117	-0.3537
2861	14	Explore	6	3	-0.3119	-0.3563
2862	14	Explore	6	3	-0.3121	-0.3589
2863	14	Explore	6	3	-0.3123	-0.3616
2864	14	Explore	6	3	-0.3125	-0.3642
2865	14	Explore	6	3	-0.3127	-0.3668
2866	14	Explore	6	3	-0.3129	-0.3694
2867	14	Explore	6	3	-0.3131	-0.3720
2868	14	Explore	6	3	-0.3133	-0.3746
2869	14	Explore	6	3	-0.3135	-0.3773
2870	14	Explore	6	3	-0.3137	-0.3799
2871	14	Explore	6	3	-0.3139	-0.3825
2872	14	Explore	6	3	-0.3141	-0.3851
2873	14	Explore	6	3	-0.3143	-0.3877
2874	14	Explore	6	3	-0.3145	-0.3903
2875	14	Explore	6	3	-0.3147	-0.3930
2876	14	Explore	6	3	-0.3149	-0.3956
2877	14	Explore	6	3	-0.3151	-0.3982
2878	14	Explore	6	3	-0.3152	-0.3982
2879	14	Explore	6	3	-0.3152	-0.3982
2880	14	Explore	6	3	-0.3152	-0.3981
2881	14	Explore	6	3	-0.3152	-0.3981
2882	14	Explore	6	3	-0.3152	-0.3981
2883	14	Explore	6	3	-0.3153	-0.3981
2884	14	Explore	6	3	-0.3153	-0.3980
2885	14	Explore	6	3	-0.3153	-0.3980
2886	14	Explore	6	3	-0.3153	-0.3980
2887	14	Explore	6	3	-0.3153	-0.3980
2888	14	Explore	6	3	-0.3154	-0.3980
2889	14	Explore	6	3	-0.3166	-0.4003
2890	14	Explore	6	3	-0.3179	-0.4026
2891	14	Explore	6	3	-0.3192	-0.4048
2892	14	Explore	6	3	-0.3205	-0.4071
2893	14	Explore	6	3	-0.3218	-0.4094
2894	14	Explore	6	3	-0.3230	-0.4117
2895	14	Explore	6	3	-0.3243	-0.4140
2896	14	Explore	6	3	-0.3256	-0.4163
2897	14	Explore	6	3	-0.3269	-0.4186
2898	14	Explore	6	3	-0.3281	-0.4209
2899	14	Explore	6	3	-0.3294	-0.4232
2900	14	Explore	6	3	-0.3307	-0.4255
2901	14	Explore	6	3	-0.3320	-0.4278
2902	14	Explore	6	3	-0.3333	-0.4301
2903	14	Explore	6	3	-0.3345	-0.4323
2904	14	Explore	6	3	-0.3358	-0.4346
2905	14	Explore	6	3	-0.3371	-0.4369
2906	14	Explore	6	3	-0.3384	-0.4392
2907	14	Explore	6	3	-0.3397	-0.4415
2908	14	Explore	6	3	-0.3409	-0.4438
2909	14	Explore	6	3	-0.3422	-0.4461
2910	14	Explore	6	3	-0.3435	-0.4484
2911	14	Explore	6	3	-0.3448	-0.4507
2912	14	Explore	6	3	-0.3461	-0.4530
2913	14	Explore	6	3	-0.3473	-0.4553
2914	14	Explore	6	3	-0.3486	-0.4576
2915	14	Explore	6	3	-0.3486	-0.4576
2916	14	Explore	6	3	-0.3487	-0.4575
2917	14	Explore	6	3	-0.3487	-0.4575
2918	14	Explore	6	3	-0.3487	-0.4575
2919	14	Explore	6	3	-0.3487	-0.4575
2920	14	Explore	6	3	-0.3487	-0.4575
2921	14	Explore	6	3	-0.3487	-0.4575
2922	14	Explore	6	3	-0.3488	-0.4574
2923	14	Explore	6	3	-0.3488	-0.4574
2924	14	Explore	6	3	-0.3488	-0.4574
2925	14	Explore	6	3	-0.3488	-0.4574
2926	14	Explore	6	3	-0.3488	-0.4574
2927	14	Explore	6	3	-0.3488	-0.4574
2928	14	Explore	6	3	-0.3488	-0.4573
2929	14	Explore	6	3	-0.3489	-0.4573
2930	14	Explore	6	3	-0.3489	-0.4573
2931	14	Explore	6	3	-0.3489	-0.4573
2932	14	Explore	6	3	-0.3489	-0.4573
2933	14	Explore	6	3	-0.3489	-0.4573
2934	14	Explore	6	3	-0.3490	-0.4572
2935	14	Explore	6	3	-0.3490	-0.4572
2936	14	Explore	6	3	-0.3490	-0.4572
2937	14	Explore	6	3	-0.3490	-0.4572
2938	14	Explore	6	3	-0.3490	-0.4572
2939	14	Explore	6	3	-0.3490	-0.4571
2940	14	Explore	6	3	-0.3490	-0.4571
2941	14	Explore	6	3	-0.3490	-0.4571
2942	14	Explore	6	3	-0.3490	-0.4571
2943	14	Explore	6	3	-0.3516	-0.4570
2944	14	Explore	6	3	-0.3517	-0.4570
2945	14	Explore	6	3	-0.3543	-0.4568
2946	14	Explore	6	3	-0.3569	-0.4566
2947	14	Explore	6	3	-0.3595	-0.4565
2948	14	Explore	6	3	-0.3621	-0.4563
2949	14	Explore	6	3	-0.3648	-0.4561
2950	14	Explore	6	3	-0.3674	-0.4559
2951	14	Explore	6	3	-0.3700	-0.4558
2952	14	Explore	6	3	-0.3726	-0.4556
2953	14	Explore	6	3	-0.3752	-0.4554
2954	14	Explore	6	3	-0.3779	-0.4553
2955	14	Explore	6	3	-0.3805	-0.4551
2956	14	Explore	6	3	-0.3831	-0.4549
2957	14	Explore	6	3	-0.3857	-0.4547
2958	14	Explore	6	3	-0.3883	-0.4546
2959	14	Explore	6	3	-0.3909	-0.4544
2960	14	Explore	6	3	-0.3936	-0.4542
2961	14	Explore	6	3	-0.3962	-0.4540
2962	14	Explore	6	3	-0.3962	-0.4540
2963	14	Explore	6	3	-0.3962	-0.4540
2964	14	Explore	6	3	-0.3962	-0.4540
2965	14	Explore	6	3	-0.3962	-0.4540
2966	14	Explore	6	3	-0.3961	-0.4539
2967	14	Explore	6	3	-0.3961	-0.4539
2968	14	Explore	6	3	-0.3961	-0.4539
2969	14	Explore	6	3	-0.3961	-0.4539
2970	14	Explore	6	3	-0.3961	-0.4539
2971	14	Explore	6	3	-0.3960	-0.4538
2972	14	Explore	6	3	-0.3960	-0.4538
2973	14	Explore	6	3	-0.3960	-0.4538
2974	14	Explore	6	3	-0.3960	-0.4538
2975	14	Explore	6	3	-0.3960	-0.4538
2976	14	Explore	6	3	-0.3981	-0.4523
2977	14	Explore	6	3	-0.4003	-0.4508
2978	14	Explore	6	3	-0.4024	-0.4492
2979	14	Explore	6	3	-0.4046	-0.4477
2980	14	Explore	6	3	-0.4067	-0.4462
2981	14	Explore	6	3	-0.4089	-0.4447
2982	14	Explore	6	3	-0.4110	-0.4432
2983	14	Explore	6	3	-0.4132	-0.4417
2984	14	Explore	6	3	-0.4153	-0.4402
2985	14	Explore	6	3	-0.4175	-0.4387
2986	14	Explore	6	3	-0.4196	-0.4372
2987	14	Explore	6	3	-0.4218	-0.4357
2988	14	Explore	6	3	-0.4239	-0.4342
2989	14	Explore	6	3	-0.4261	-0.4327
2990	14	Explore	6	3	-0.4282	-0.4312
2991	14	Explore	6	3	-0.4304	-0.4296
2992	14	Explore	6	3	-0.4325	-0.4281
2993	14	Explore	6	3	-0.4347	-0.4266
2994	14	Explore	6	3	-0.4368	-0.4251
2995	14	Explore	6	3	-0.4390	-0.4236
2996	14	Explore	6	3	-0.4411	-0.4221
2997	14	Explore	6	3	-0.4432	-0.4206
2998	14	Explore	6	3	-0.4454	-0.4191
2999	14	Explore	6	3	-0.4475	-0.4176
3000	14	Explore	6	3	-0.4497	-0.4161
3001	14	Explore	6	3	-0.4518	-0.4146
3002	14	Explore	6	3	-0.4540	-0.4131
3003	14	Explore	6	3	-0.4561	-0.4115
3004	14	Explore	6	3	-0.4561	-0.4115
3005	14	Explore	6	3	-0.4561	-0.4115
3006	14	Explore	6	3	-0.4561	-0.4115
3007	14	Explore	6	3	-0.4561	-0.4115
3008	14	Explore	6	3	-0.4561	-0.4115
3009	14	Explore	6	3	-0.4561	-0.4114
3010	14	Explore	6	3	-0.4560	-0.4114
3011	14	Explore	6	3	-0.4560	-0.4114
3012	14	Explore	6	3	-0.4560	-0.4114
3013	14	Explore	6	3	-0.4560	-0.4114
3014	14	Explore	6	3	-0.4560	-0.4114
3015	14	Explore	6	3	-0.4560	-0.4114
3016	14	Explore	6	3	-0.4559	-0.4114
3017	14	Explore	6	3	-0.4559	-0.4113
3018	14	Explore	6	3	-0.4559	-0.4113
3019	14	Explore	6	3	-0.4559	-0.4113
3020	14	Explore	6	3	-0.4559	-0.4113
3021	14	Explore	6	3	-0.4558	-0.4113
3022	14	Explore	6	3	-0.4558	-0.4112
3023	14	Explore	6	3	-0.4558	-0.4112
3024	14	Explore	6	3	-0.4558	-0.4112
3025	14	Explore	6	3	-0.4558	-0.4112
3026	14	Explore	6	3	-0.4557	-0.4111
3027	14	Explore	6	3	-0.4559	-0.4085
3028	14	Explore	6	3	-0.4561	-0.4059
3029	14	Explore	6	3	-0.4562	-0.4033
3030	14	Explore	6	3	-0.4562	-0.4033
3031	14	Explore	6	3	-0.4563	-0.4006
3032	14	Explore	6	3	-0.4563	-0.4006
3033	14	Explore	6	3	-0.4563	-0.4006
3034	14	Explore	6	3	-0.4563	-0.4006
3035	14	Explore	6	3	-0.4563	-0.4006
3036	14	Explore	6	3	-0.4563	-0.4006
3037	14	Explore	6	3	-0.4563	-0.4006
3038	14	Explore	6	3	-0.4563	-0.4006
3039	14	Explore	6	3	-0.4563	-0.4006
3040	14	Explore	6	3	-0.4563	-0.4006
3041	14	Explore	6	3	-0.4563	-0.4006
3042	14	Explore	6	3	-0.4563	-0.4006
3043	14	Explore	6	3	-0.4563	-0.4006
3044	14	Explore	6	3	-0.4563	-0.4006
3045	14	Explore	6	3	-0.4563	-0.4006
3046	14	Explore	6	3	-0.4563	-0.4006
3047	14	Explore	6	3	-0.4563	-0.4006
3048	14	Explore	6	3	-0.4563	-0.4006
3049	14	Explore	6	3	-0.4563	-0.4006
3050	14	Explore	6	3	-0.4563	-0.4006
3051	14	Explore	6	3	-0.4563	-0.4006
3052	14	Explore	6	3	-0.4563	-0.4006
3053	14	Explore	6	3	-0.4563	-0.4006
3054	14	Explore	6	3	-0.4563	-0.4006
3055	14	Explore	6	3	-0.4563	-0.4006
3056	14	Explore	6	3	-0.4563	-0.4006
3057	14	Explore	6	3	-0.4563	-0.4006
3058	14	Explore	6	3	-0.4563	-0.4006
3059	14	Explore	6	3	-0.4563	-0.4006
3060	14	Explore	6	3	-0.4563	-0.4006
3061	14	Explore	6	3	-0.4563	-0.4006
3062	14	Explore	6	3	-0.4563	-0.4006
3063	14	Explore	6	3	-0.4563	-0.4006
3064	14	Explore	6	3	-0.4563	-0.4006
3065	14	Explore	6	3	-0.4563	-0.4006
3066	14	Explore	6	3	-0.4563	-0.4006
3067	14	Explore	6	3	-0.4563	-0.4006
3068	14	Explore	6	3	-0.4563	-0.4006
3069	14	Explore	6	3	-0.4563	-0.4006
3070	14	Explore	6	3	-0.4563	-0.4006
3071	14	Explore	6	3	-0.4563	-0.4006
3072	14	Explore	6	3	-0.4563	-0.4006
3073	14	Explore	6	3	-0.4563	-0.4006
3074	14	Explore	6	3	-0.4563	-0.4006
3075	14	Explore	6	3	-0.4563	-0.4006
3076	14	Explore	6	3	-0.4563	-0.4006
3077	14	Explore	6	3	-0.4563	-0.4006
3078	14	Explore	6	3	-0.4563	-0.4006
3079	14	Explore	6	3	-0.4563	-0.4006
3080	14	Explore	6	3	-0.4563	-0.3980
3081	14	Explore	6	3	-0.4564	-0.3954
3082	14	Explore	6	3	-0.4564	-0.3954
3083	14	Explore	6	3	-0.4563	-0.3927
3084	14	Explore	6	3	-0.4563	-0.3901
3085	14	Explore	6	3	-0.4563	-0.3875
3086	14	Explore	6	3	-0.4562	-0.3849
3087	14	Explore	6	3	-0.4562	-0.3822
3088	14	Explore	6	3	-0.4561	-0.3796
3089	14	Explore	6	3	-0.4561	-0.3770
3090	14	Explore	6	3	-0.4561	-0.3744
3091	14	Explore	6	3	-0.4560	-0.3717
3092	14	Explore	6	3	-0.4560	-0.3691
3093	14	Explore	6	3	-0.4559	-0.3665
3094	14	Explore	6	3	-0.4559	-0.3639
3095	14	Explore	6	3	-0.4559	-0.3612
3096	14	Explore	6	3	-0.4558	-0.3586
3097	14	Explore	6	3	-0.4558	-0.3560
3098	14	Explore	6	3	-0.4558	-0.3560
3099	14	Explore	6	3	-0.4557	-0.3560
3100	14	Explore	6	3	-0.4557	-0.3560
3101	14	Explore	6	3	-0.4557	-0.3560
3102	14	Explore	6	3	-0.4557	-0.3561
3103	14	Explore	6	3	-0.4557	-0.3561
3104	14	Explore	6	3	-0.4556	-0.3561
3105	14	Explore	6	3	-0.4556	-0.3561
3106	14	Eat	6	3	-0.4556	-0.3562
3107	15	Eat	5	4	-0.4546	-0.3537
3108	15	Eat	5	4	-0.4536	-0.3513
3109	15	Eat	5	4	-0.4525	-0.3489
3110	15	Eat	5	4	-0.4514	-0.3465
3111	15	Eat	5	4	-0.4503	-0.3441
3112	15	Eat	5	4	-0.4491	-0.3418
3113	15	Eat	5	4	-0.4479	-0.3395
3114	15	Eat	5	4	-0.4466	-0.3372
3115	15	Eat	5	4	-0.4453	-0.3349
3116	15	Eat	5	4	-0.4440	-0.3326
3117	15	Eat	5	4	-0.4427	-0.3303
3118	15	Eat	5	4	-0.4413	-0.3281
3119	15	Eat	5	4	-0.4399	-0.3259
3120	15	Eat	5	4	-0.4385	-0.3236
3121	15	Eat	5	4	-0.4370	-0.3214
3122	15	Eat	5	4	-0.4356	-0.3193
3123	15	Eat	5	4	-0.4341	-0.3171
3124	15	Eat	5	4	-0.4326	-0.3149
3125	15	Eat	5	4	-0.4311	-0.3128
3126	15	Eat	5	4	-0.4295	-0.3107
3127	15	Eat	5	4	-0.4280	-0.3086
3128	15	Eat	5	4	-0.4264	-0.3065
3129	15	Eat	5	4	-0.4248	-0.3044
3130	15	Eat	5	4	-0.4232	-0.3023
3131	15	Eat	5	4	-0.4216	-0.3002
3132	15	Eat	5	4	-0.4200	-0.2981
3133	15	Eat	5	4	-0.4184	-0.2961
3134	15	Eat	5	4	-0.4167	-0.2940
3135	15	Eat	5	4	-0.4151	-0.2920
3136	15	Eat	5	4	-0.4134	-0.2900
3137	15	Eat	5	4	-0.4117	-0.2880
3138	15	Eat	5	4	-0.4100	-0.2860
3139	15	Eat	5	4	-0.4083	-0.2839
3140	15	Eat	5	4	-0.4066	-0.2820
3141	15	Eat	5	4	-0.4049	-0.2800
3142	15	Eat	5	4	-0.4032	-0.2780
3143	15	Eat	5	4	-0.4015	-0.2760
3144	15	Eat	5	4	-0.3997	-0.2740
3145	15	Eat	5	4	-0.3980	-0.2721
3146	15	Eat	5	4	-0.3963	-0.2701
3147	15	Eat	5	4	-0.3945	-0.2682
3148	15	Eat	5	4	-0.3927	-0.2662
3149	15	Eat	5	4	-0.3910	-0.2643
3150	15	Eat	5	4	-0.3892	-0.2623
3151	15	Eat	5	4	-0.3874	-0.2604
3152	15	Eat	5	4	-0.3857	-0.2585
3153	15	Eat	5	4	-0.3839	-0.2565
3154	15	Eat	5	4	-0.3821	-0.2546
3155	15	Eat	5	4	-0.3803	-0.2527
3156	15	Eat	5	4	-0.3785	-0.2508
3157	15	Eat	5	4	-0.3767	-0.2489
3158	15	Eat	5	4	-0.3749	-0.2470
3159	15	Eat	5	4	-0.3731	-0.2451
3160	15	Eat	5	4	-0.3713	-0.2432
3161	15	Eat	5	4	-0.3694	-0.2413
3162	15	Eat	5	4	-0.3676	-0.2394
3163	15	Eat	5	4	-0.3658	-0.2375
3164	15	Eat	5	4	-0.3640	-0.2356
3165	15	Eat	5	4	-0.3622	-0.2337
3166	15	Eat	5	4	-0.3603	-0.2318
3167	15	Eat	5	4	-0.3585	-0.2300
3168	15	Eat	5	4	-0.3567	-0.2281
3169	15	Eat	5	4	-0.3548	-0.2262
3170	15	Eat	5	4	-0.3530	-0.2243
3171	15	Eat	5	4	-0.3512	-0.2225
3172	15	Eat	5	4	-0.3493	-0.2206
3173	15	Eat	5	4	-0.3475	-0.2187
3174	15	Eat	5	4	-0.3456	-0.2169
3175	15	Eat	5	4	-0.3438	-0.2150
3176	15	Eat	5	4	-0.3419	-0.2131
3177	15	Eat	5	4	-0.3401	-0.2113
3178	15	Eat	5	4	-0.3382	-0.2094
3179	15	Eat	5	4	-0.3364	-0.2075
3180	15	Eat	5	4	-0.3345	-0.2057
3181	15	Eat	5	4	-0.3327	-0.2038
3182	15	Eat	5	4	-0.3308	-0.2020
3183	15	Eat	5	4	-0.3290	-0.2001
3184	15	Eat	5	4	-0.3271	-0.1983
3185	15	Eat	5	4	-0.3252	-0.1964
3186	15	Eat	5	4	-0.3234	-0.1945
3187	15	Eat	5	4	-0.3215	-0.1927
3188	15	Eat	5	4	-0.3197	-0.1908
3189	15	Eat	5	4	-0.3178	-0.1890
3190	15	Eat	5	4	-0.3159	-0.1871
3191	15	Eat	5	4	-0.3141	-0.1853
3192	15	Eat	5	4	-0.3122	-0.1835
3193	15	Eat	5	4	-0.3103	-0.1816
3194	15	Eat	5	4	-0.3085	-0.1798
3195	15	Eat	5	4	-0.3066	-0.1779
3196	15	Eat	5	4	-0.3047	-0.1761
3197	15	Eat	5	4	-0.3029	-0.1742
3198	15	Eat	5	4	-0.3010	-0.1724
3199	15	Eat	5	4	-0.2991	-0.1706
3200	15	Eat	5	4	-0.2973	-0.1687
3201	15	Eat	5	4	-0.2954	-0.1669
3202	15	Eat	5	4	-0.2935	-0.1650
3203	15	Eat	5	4	-0.2916	-0.1632
3204	15	Eat	5	4	-0.2898	-0.1614
3205	15	Eat	5	4	-0.2879	-0.1595
3206	15	Eat	5	4	-0.2860	-0.1577
3207	15	Eat	5	4	-0.2842	-0.1558
3208	15	Eat	5	4	-0.2823	-0.1540
3209	15	Eat	5	4	-0.2804	-0.1522
3210	15	Eat	5	4	-0.2785	-0.1503
3211	15	Eat	5	4	-0.2767	-0.1485
3212	15	Eat	5	4	-0.2748	-0.1466
3213	15	Eat	5	4	-0.2729	-0.1448
3214	15	Eat	5	4	-0.2710	-0.1430
3215	15	Eat	5	4	-0.2692	-0.1411
3216	15	Eat	5	4	-0.2673	-0.1393
3217	15	Eat	5	4	-0.2654	-0.1375
3218	15	Eat	5	4	-0.2635	-0.1356
3219	15	Eat	5	4	-0.2616	-0.1338
3220	15	Eat	5	4	-0.2598	-0.1320
3221	15	Eat	5	4	-0.2579	-0.1301
3222	15	Eat	5	4	-0.2560	-0.1283
3223	15	Eat	5	4	-0.2541	-0.1265
3224	15	Eat	5	4	-0.2523	-0.1246
3225	15	Eat	5	4	-0.2504	-0.1228
3226	15	Eat	5	4	-0.2485	-0.1210
3227	15	Eat	5	4	-0.2466	-0.1191
3228	15	Eat	5	4	-0.2447	-0.1173
3229	15	Eat	5	4	-0.2429	-0.1155
3230	15	Eat	5	4	-0.2410	-0.1136
3231	15	Eat	5	4	-0.2391	-0.1118
3232	15	Eat	5	4	-0.2372	-0.1100
3233	15	Eat	5	4	-0.2353	-0.1081
3234	15	Eat	5	4	-0.2335	-0.1063
3235	15	Eat	5	4	-0.2316	-0.1045
3236	15	Eat	5	4	-0.2297	-0.1026
3237	15	Eat	5	4	-0.2278	-0.1008
3238	15	Eat	5	4	-0.2260	-0.0990
3239	15	Eat	5	4	-0.2241	-0.0971
3240	15	Eat	5	4	-0.2222	-0.0953
3241	15	Eat	5	4	-0.2203	-0.0935
3242	15	Eat	5	4	-0.2184	-0.0916
3243	15	Eat	5	4	-0.2166	-0.0898
3244	15	Eat	5	4	-0.2147	-0.0880
3245	15	Eat	5	4	-0.2128	-0.0861
3246	15	Eat	5	4	-0.2109	-0.0843
3247	15	Eat	5	4	-0.2090	-0.0825
3248	15	Eat	5	4	-0.2072	-0.0806
3249	15	Eat	5	4	-0.2053	-0.0788
3250	15	Eat	5	4	-0.2034	-0.0770
3251	15	Eat	5	4	-0.2015	-0.0751
3252	15	Eat	5	4	-0.1996	-0.0733
3253	15	Eat	5	4	-0.1978	-0.0715
3254	15	Eat	5	4	-0.1959	-0.0696
3255	15	Eat	5	4	-0.1940	-0.0678
3256	15	Eat	5	4	-0.1921	-0.0660
3257	15	Eat	5	4	-0.1903	-0.0641
3258	15	Eat	5	4	-0.1884	-0.0623
3259	15	Eat	5	4	-0.1865	-0.0605
3260	15	Eat	5	4	-0.1846	-0.0586
3261	15	Eat	5	4	-0.1828	-0.0568
3262	15	Eat	5	4	-0.1809	-0.0550
3263	15	Eat	5	4	-0.1790	-0.0531
3264	15	Eat	5	4	-0.1771	-0.0513
3265	15	Eat	5	4	-0.1752	-0.0495
3266	15	Eat	5	4	-0.1734	-0.0476
3267	15	Eat	5	4	-0.1715	-0.0458
3268	15	Eat	5	4	-0.1696	-0.0439
3269	15	Eat	5	4	-0.1677	-0.0421
3270	15	Eat	5	4	-0.1659	-0.0403
3271	15	Eat	5	4	-0.1640	-0.0384
3272	15	Eat	5	4	-0.1621	-0.0366
3273	15	Eat	5	4	-0.1602	-0.0348
3274	15	Eat	5	4	-0.1584	-0.0329
3275	15	Eat	5	4	-0.1565	-0.0311
3276	15	Eat	5	4	-0.1546	-0.0293
3277	15	Eat	5	4	-0.1527	-0.0274
3278	15	Eat	5	4	-0.1509	-0.0256
3279	15	Eat	5	4	-0.1490	-0.0237
3280	15	Eat	5	4	-0.1471	-0.0219
3281	15	Eat	5	4	-0.1452	-0.0201
3282	15	Eat	5	4	-0.1434	-0.0182
3283	15	Eat	5	4	-0.1415	-0.0164
3284	15	Eat	5	4	-0.1396	-0.0146
3285	15	Eat	5	4	-0.1377	-0.0127
3286	15	Eat	5	4	-0.1359	-0.0109
3287	15	Eat	5	4	-0.1340	-0.0090
3288	15	Eat	5	4	-0.1321	-0.0072
3289	15	Eat	5	4	-0.1303	-0.0054
3290	15	Eat	5	4	-0.1284	-0.0035
3291	15	Eat	5	4	-0.1265	-0.0017
3292	15	Eat	5	4	-0.1246	0.0002
3293	15	Eat	5	4	-0.1228	0.0020
3294	15	Eat	5	4	-0.1209	0.0038
3295	15	Eat	5	4	-0.1190	0.0057
3296	15	Eat	5	4	-0.1171	0.0075
3297	15	Eat	5	4	-0.1153	0.0093
3298	15	Eat	5	4	-0.1134	0.0112
3299	15	Eat	5	4	-0.1115	0.0130
3300	15	Eat	5	4	-0.1097	0.0149
3301	15	Eat	5	4	-0.1078	0.0167
3302	15	Eat	5	4	-0.1059	0.0186
3303	15	Eat	5	4	-0.1040	0.0204
3304	15	Eat	5	4	-0.1022	0.0222
3305	15	Eat	5	4	-0.1003	0.0241
3306	15	Eat	5	4	-0.0984	0.0259
3307	15	Eat	5	4	-0.0966	0.0278
3308	15	Eat	5	4	-0.0947	0.0296
3309	15	Eat	5	4	-0.0928	0.0314
3310	15	Eat	5	4	-0.0910	0.0333
3311	15	Eat	5	4	-0.0891	0.0351
3312	15	Eat	5	4	-0.0872	0.0370
3313	15	Eat	5	4	-0.0854	0.0388
3314	15	Eat	5	4	-0.0835	0.0407
3315	15	Eat	5	4	-0.0816	0.0425
3316	15	Eat	5	4	-0.0797	0.0444
3317	15	Eat	5	4	-0.0779	0.0462
3318	15	Eat	5	4	-0.0760	0.0480
3319	15	Eat	5	4	-0.0741	0.0499
3320	15	Eat	5	4	-0.0723	0.0517
3321	15	Eat	5	4	-0.0704	0.0536
3322	15	Eat	5	4	-0.0685	0.0554
3323	15	Eat	5	4	-0.0667	0.0573
3324	15	Eat	5	4	-0.0648	0.0591
3325	15	Eat	5	4	-0.0630	0.0610
3326	15	Eat	5	4	-0.0611	0.0628
3327	15	Eat	5	4	-0.0592	0.0647
3328	15	Eat	5	4	-0.0574	0.0665
3329	15	Eat	5	4	-0.0555	0.0683
3330	15	Eat	5	4	-0.0536	0.0702
3331	15	Eat	5	4	-0.0518	0.0720
3332	15	Eat	5	4	-0.0499	0.0739
3333	15	Eat	5	4	-0.0480	0.0757
3334	15	Eat	5	4	-0.0462	0.0776
3335	15	Eat	5	4	-0.0443	0.0794
3336	15	Eat	5	4	-0.0425	0.0813
3337	15	Eat	5	4	-0.0406	0.0831
3338	15	Eat	5	4	-0.0387	0.0850
3339	15	Eat	5	4	-0.0369	0.0868
3340	15	Eat	5	4	-0.0350	0.0887
3341	15	Eat	5	4	-0.0332	0.0906
3342	15	Eat	5	4	-0.0313	0.0924
3343	15	Eat	5	4	-0.0294	0.0943
3344	15	Eat	5	4	-0.0276	0.0961
3345	15	Eat	5	4	-0.0257	0.0980
3346	15	Eat	5	4	-0.0239	0.0998
3347	15	Eat	5	4	-0.0220	0.1017
3348	15	Eat	5	4	-0.0220	0.1017
3349	15	Eat	5	4	-0.0220	0.1017
3350	15	Eat	5	4	-0.0220	0.1017
3351	15	Eat	5	4	-0.0220	0.1017
3352	15	Eat	5	4	-0.0220	0.1017
3353	15	Eat	5	4	-0.0220	0.1017
3354	15	Eat	5	4	-0.0220	0.1017
3355	15	Eat	5	4	-0.0220	0.1017
3356	15	Eat	5	4	-0.0220	0.1017
3357	15	Eat	5	4	-0.0220	0.1017
3358	15	Eat	5	4	-0.0220	0.1017
3359	15	Eat	5	4	-0.0220	0.1017
3360	15	Eat	5	4	-0.0220	0.1017
3361	15	Eat	5	4	-0.0220	0.1017
3362	15	Eat	5	4	-0.0220	0.1017
3363	15	Eat	5	4	-0.0220	0.1017
3364	15	Eat	5	4	-0.0220	0.1017
3365	15	Eat	5	4	-0.0220	0.1017
3366	15	Eat	5	4	-0.0220	0.1017
3367	15	Eat	5	4	-0.0220	0.1017
3368	15	Eat	5	4	-0.0220	0.1017
3369	15	Eat	5	4	-0.0220	0.1017
3370	15	Eat	5	4	-0.0220	0.1017
3371	15	Eat	5	4	-0.0220	0.1017
3372	15	Eat	5	4	-0.0220	0.1017
3373	15	Eat	5	4	-0.0220	0.1017
3374	15	Eat	5	4	-0.0220	0.1017
3375	15	Eat	5	4	-0.0220	0.1017
3376	15	Eat	5	4	-0.0220	0.1017
3377	15	Eat	5	4	-0.0220	0.1017
3378	15	Eat	5	4	-0.0220	0.1017
3379	15	Eat	5	4	-0.0220	0.1017
3380	15	Eat	5	4	-0.0220	0.1017
3381	15	Eat	5	4	-0.0220	0.1017
3382	15	Eat	5	4	-0.0220	0.1017
3383	15	Eat	5	4	-0.0220	0.1017
3384	15	Eat	5	4	-0.0220	0.1017
3385	15	Eat	5	4	-0.0220	0.1017
3386	15	Eat	5	4	-0.0220	0.1017
3387	15	Eat	5	4	-0.0220	0.1017
3388	15	Eat	5	4	-0.0220	0.1017
3389	15	Eat	5	4	-0.0220	0.1017
3390	15	Eat	5	4	-0.0220	0.1017
3391	15	Eat	5	4	-0.0220	0.1017
3392	15	Eat	5	4	-0.0220	0.1017
3393	15	Eat	5	4	-0.0220	0.1017
3394	15	Eat	5	4	-0.0220	0.1017
3395	15	Eat	5	4	-0.0220	0.1017
3396	15	Eat	5	4	-0.0220	0.1017
3397	15	Eat	5	4	-0.0220	0.1017
3398	15	Eat	5	4	-0.0220	0.1017
3399	15	Eat	5	4	-0.0220	0.1017
3400	15	Eat	5	4	-0.0220	0.1017
3401	15	Eat	5	4	-0.0220	0.1017
3402	15	Eat	5	4	-0.0220	0.1017
3403	15	Eat	5	4	-0.0220	0.1017
3404	15	Eat	5	4	-0.0220	0.1017
3405	15	Eat	5	4	-0.0220	0.1017
3406	15	Eat	5	4	-0.0220	0.1017
3407	15	Eat	5	4	-0.0220	0.1017
3408	15	Eat	5	4	-0.0220	0.1017
3409	15	Eat	5	4	-0.0220	0.1017
3410	15	Eat	5	4	-0.0220	0.1017
3411	15	Eat	5	4	-0.0220	0.1017
3412	15	Eat	5	4	-0.0220	0.1017
3413	15	Eat	5	4	-0.0220	0.1017
3414	15	Eat	5	4	-0.0220	0.1017
3415	15	Eat	5	4	-0.0220	0.1017
3416	15	Eat	5	4	-0.0220	0.1017
3417	15	Eat	5	4	-0.0220	0.1017
3418	15	Eat	5	4	-0.0220	0.1017
3419	15	Eat	5	4	-0.0220	0.1017
3420	15	Eat	5	4	-0.0220	0.1017
3421	15	Eat	5	4	-0.0220	0.1017
3422	15	Eat	5	4	-0.0220	0.1017
3423	15	Eat	5	4	-0.0220	0.1017
3424	15	Eat	5	4	-0.0220	0.1017
3425	15	Eat	5	4	-0.0220	0.1017
3426	15	Eat	5	4	-0.0220	0.1017
3427	15	Eat	5	4	-0.0220	0.1017
3428	15	Eat	5	4	-0.0220	0.1017
3429	15	Eat	5	4	-0.0220	0.1017
3430	15	Eat	5	4	-0.0220	0.1017
3431	15	Eat	5	4	-0.0220	0.1017
3432	15	Eat	5	4	-0.0220	0.1017
3433	15	Eat	5	4	-0.0220	0.1017
3434	15	Eat	5	4	-0.0220	0.1017
3435	15	Eat	5	4	-0.0220	0.1017
3436	15	Eat	5	4	-0.0220	0.1017
3437	15	Eat	5	4	-0.0220	0.1017
3438	15	Eat	5	4	-0.0220	0.1017
3439	15	Eat	5	4	-0.0220	0.1017
3440	15	Eat	5	4	-0.0220	0.1017
3441	15	Eat	5	4	-0.0220	0.1017
3442	15	Eat	5	4	-0.0220	0.1017
3443	15	Eat	5	4	-0.0220	0.1017
3444	15	Eat	5	4	-0.0220	0.1017
3445	15	Eat	5	4	-0.0220	0.1017
3446	15	Eat	5	4	-0.0220	0.1017
3447	15	Eat	5	4	-0.0220	0.1017
3448	15	Eat	5	4	-0.0220	0.1017
3449	15	Eat	5	4	-0.0220	0.1017
3450	15	Eat	5	4	-0.0220	0.1017
3451	15	Eat	5	4	-0.0220	0.1017
3452	15	Eat	5	4	-0.0220	0.1017
3453	15	Eat	5	4	-0.0220	0.1017
3454	15	Eat	5	4	-0.0220	0.1017
3455	15	Eat	5	4	-0.0220	0.1017
3456	15	Eat	5	4	-0.0220	0.1017
3457	15	Eat	5	4	-0.0220	0.1017
3458	15	Eat	5	4	-0.0220	0.1017
3459	15	Eat	5	4	-0.0220	0.1017
3460	15	Eat	5	4	-0.0220	0.1017
3461	15	Eat	5	4	-0.0220	0.1017
3462	15	Eat	5	4	-0.0220	0.1017
3463	15	Eat	5	4	-0.0220	0.1017
3464	15	Eat	5	4	-0.0220	0.1017
3465	15	Eat	5	4	-0.0220	0.1017
3466	15	Eat	5	4	-0.0220	0.1017
3467	15	Eat	5	4	-0.0220	0.1017
3468	15	Eat	5	4	-0.0220	0.1017
3469	15	Eat	5	4	-0.0220	0.1017
3470	15	Eat	5	4	-0.0220	0.1017
3471	15	Eat	5	4	-0.0220	0.1017
3472	15	Eat	5	4	-0.0220	0.1017
3473	15	Eat	5	4	-0.0220	0.1017
3474	15	Eat	5	4	-0.0220	0.1017
3475	15	Eat	5	4	-0.0220	0.1017
3476	15	Eat	5	4	-0.0220	0.1017
3477	15	Eat	5	4	-0.0220	0.1017
3478	15	Eat	5	4	-0.0220	0.1017
3479	15	Eat	5	4	-0.0220	0.1017
3480	15	Eat	5	4	-0.0220	0.1017
3481	15	Eat	5	4	-0.0220	0.1017
3482	15	Eat	5	4	-0.0220	0.1017
3483	15	Eat	5	4	-0.0220	0.1017
3484	15	Eat	5	4	-0.0220	0.1017
3485	15	Eat	5	4	-0.0220	0.1017
3486	15	Eat	5	4	-0.0220	0.1017
3487	15	Eat	5	4	-0.0220	0.1017
3488	15	Eat	5	4	-0.0220	0.1017
3489	15	Eat	5	4	-0.0220	0.1017
3490	15	Eat	5	4	-0.0220	0.1017
3491	15	Eat	5	4	-0.0220	0.1017
3492	15	Eat	5	4	-0.0220	0.1017
3493	15	Eat	5	4	-0.0220	0.1017
3494	15	Eat	5	4	-0.0220	0.1017
3495	15	Eat	5	4	-0.0220	0.1017
3496	15	Eat	5	4	-0.0220	0.1017
3497	15	Eat	5	4	-0.0220	0.1017
3498	15	Eat	5	4	-0.0220	0.1017
3499	15	Eat	5	4	-0.0220	0.1017
3500	15	Eat	5	4	-0.0220	0.1017
3501	15	Eat	5	4	-0.0220	0.1017
3502	15	Eat	5	4	-0.0220	0.1017
3503	15	Eat	5	4	-0.0220	0.1017
3504	15	Eat	5	4	-0.0220	0.1017
3505	15	Eat	5	4	-0.0220	0.1017
3506	15	Eat	5	4	-0.0220	0.1017
3507	15	Explore	5	0	-0.0220	0.1017
3508	16	Explore	4	1	-0.0202	0.1035
3509	16	Explore	4	1	-0.0183	0.1054
3510	16	Explore	4	1	-0.0164	0.1073
3511	16	Explore	4	1	-0.0146	0.1091
3512	16	Explore	4	1	-0.0127	0.1110
3513	16	Explore	4	1	-0.0109	0.1128
3514	16	Explore	4	1	-0.0090	0.1147
3515	16	Explore	4	1	-0.0072	0.1165
3516	16	Explore	4	1	-0.0053	0.1184
3517	16	Explore	4	1	-0.0035	0.1202
3518	16	Explore	4	1	-0.0016	0.1221
3519	16	Explore	4	1	0.0003	0.1240
3520	16	Explore	4	1	0.0021	0.1258
3521	16	Explore	4	1	0.0040	0.1277
3522	16	Explore	4	1	0.0058	0.1295
3523	16	Explore	4	1	0.0077	0.1314
3524	16	Explore	4	1	0.0095	0.1332
3525	16	Explore	4	1	0.0114	0.1351
3526	16	Explore	4	1	0.0132	0.1370
3527	16	Explore	4	1	0.0151	0.1388
3528	16	Explore	4	1	0.0170	0.1407
3529	16	Explore	4	1	0.0188	0.1425
3530	16	Explore	4	1	0.0207	0.1444
3531	16	Explore	4	1	0.0225	0.1462
3532	16	Explore	4	1	0.0244	0.1481
3533	16	Explore	4	1	0.0262	0.1499
3534	16	Explore	4	1	0.0281	0.1518
3535	16	Explore	4	1	0.0299	0.1537
3536	16	Explore	4	1	0.0318	0.1555
3537	16	Explore	4	1	0.0337	0.1574
3538	16	Explore	4	1	0.0355	0.1592
3539	16	Explore	4	1	0.0374	0.1611
3540	16	Explore	4	1	0.0392	0.1629
3541	16	Explore	4	1	0.0411	0.1648
3542	16	Explore	4	1	0.0429	0.1667
3543	16	Explore	4	1	0.0448	0.1685
3544	16	Explore	4	1	0.0466	0.1704
3545	16	Explore	4	1	0.0485	0.1722
3546	16	Explore	4	1	0.0485	0.1722
3547	16	Explore	4	1	0.0485	0.1722
3548	16	Explore	4	1	0.0486	0.1722
3549	16	Explore	4	1	0.0486	0.1722
3550	16	Explore	4	1	0.0486	0.1722
3551	16	Explore	4	1	0.0486	0.1721
3552	16	Explore	4	1	0.0486	0.1721
3553	16	Explore	4	1	0.0486	0.1721
3554	16	Explore	4	1	0.0486	0.1721
3555	16	Explore	4	1	0.0487	0.1721
3556	16	Explore	4	1	0.0487	0.1720
3557	16	Explore	4	1	0.0487	0.1720
3558	16	Explore	4	1	0.0487	0.1720
3559	16	Explore	4	1	0.0487	0.1720
3560	16	Explore	4	1	0.0487	0.1720
3561	16	Explore	4	1	0.0488	0.1719
3562	16	Explore	4	1	0.0487	0.1719
3563	16	Explore	4	1	0.0487	0.1719
3564	16	Explore	4	1	0.0488	0.1719
3565	16	Explore	4	1	0.0488	0.1719
3566	16	Explore	4	1	0.0488	0.1718
3567	16	Explore	4	1	0.0487	0.1718
3568	16	Explore	4	1	0.0514	0.1716
3569	16	Explore	4	1	0.0540	0.1715
3570	16	Explore	4	1	0.0566	0.1713
3571	16	Explore	4	1	0.0592	0.1711
3572	16	Explore	4	1	0.0618	0.1709
3573	16	Explore	4	1	0.0645	0.1707
3574	16	Explore	4	1	0.0671	0.1706
3575	16	Explore	4	1	0.0697	0.1704
3576	16	Explore	4	1	0.0723	0.1702
3577	16	Explore	4	1	0.0749	0.1700
3578	16	Explore	4	1	0.0776	0.1698
3579	16	Explore	4	1	0.0802	0.1696
3580	16	Explore	4	1	0.0828	0.1695
3581	16	Explore	4	1	0.0854	0.1693
3582	16	Explore	4	1	0.0880	0.1691
3583	16	Explore	4	1	0.0906	0.1689
3584	16	Explore	4	1	0.0933	0.1687
3585	16	Explore	4	1	0.0959	0.1686
3586	16	Explore	4	1	0.0985	0.1684
3587	16	Explore	4	1	0.1011	0.1682
3588	16	Explore	4	1	0.1037	0.1680
3589	16	Explore	4	1	0.1064	0.1678
3590	16	Explore	4	1	0.1090	0.1677
3591	16	Explore	4	1	0.1116	0.1675
3592	16	Explore	4	1	0.1142	0.1673
3593	16	Explore	4	1	0.1168	0.1671
3594	16	Explore	4	1	0.1194	0.1669
3595	16	Explore	4	1	0.1221	0.1667
3596	16	Explore	4	1	0.1247	0.1666
3597	16	Explore	4	1	0.1273	0.1664
3598	16	Explore	4	1	0.1299	0.1662
3599	16	Explore	4	1	0.1325	0.1660
3600	16	Explore	4	1	0.1352	0.1658
3601	16	Explore	4	1	0.1378	0.1657
3602	16	Explore	4	1	0.1404	0.1655
3603	16	Explore	4	1	0.1430	0.1653
3604	16	Explore	4	1	0.1456	0.1651
3605	16	Explore	4	1	0.1483	0.1649
3606	16	Explore	4	1	0.1509	0.1648
3607	16	Explore	4	1	0.1535	0.1646
3608	16	Explore	4	1	0.1561	0.1644
3609	16	Explore	4	1	0.1587	0.1642
3610	16	Explore	4	1	0.1587	0.1642
3611	16	Explore	4	1	0.1587	0.1642
3612	16	Explore	4	1	0.1587	0.1641
3613	16	Explore	4	1	0.1587	0.1641
3614	16	Explore	4	1	0.1586	0.1641
3615	16	Explore	4	1	0.1586	0.1641
3616	16	Explore	4	1	0.1586	0.1641
3617	16	Explore	4	1	0.1586	0.1640
3618	16	Explore	4	1	0.1585	0.1640
3619	16	Explore	4	1	0.1585	0.1640
3620	16	Explore	4	1	0.1585	0.1640
3621	16	Explore	4	1	0.1585	0.1640
3622	16	Explore	4	1	0.1585	0.1640
3623	16	Explore	4	1	0.1585	0.1639
3624	16	Explore	4	1	0.1584	0.1639
3625	16	Explore	4	1	0.1584	0.1639
3626	16	Explore	4	1	0.1584	0.1639
3627	16	Explore	4	1	0.1584	0.1639
3628	16	Explore	4	1	0.1584	0.1639
3629	16	Explore	4	1	0.1584	0.1638
3630	16	Explore	4	1	0.1584	0.1638
3631	16	Explore	4	1	0.1583	0.1638
3632	16	Explore	4	1	0.1583	0.1638
3633	16	Explore	4	1	0.1583	0.1638
3634	16	Explore	4	1	0.1597	0.1616
3635	16	Explore	4	1	0.1611	0.1594
3636	16	Explore	4	1	0.1625	0.1571
3637	16	Explore	4	1	0.1639	0.1549
3638	16	Explore	4	1	0.1653	0.1527
3639	16	Explore	4	1	0.1667	0.1505
3640	16	Explore	4	1	0.1682	0.1483
3641	16	Explore	4	1	0.1696	0.1461
3642	16	Explore	4	1	0.1710	0.1439
3643	16	Explore	4	1	0.1724	0.1416
3644	16	Explore	4	1	0.1738	0.1394
3645	16	Explore	4	1	0.1752	0.1372
3646	16	Explore	4	1	0.1766	0.1350
3647	16	Explore	4	1	0.1766	0.1350
3648	16	Explore	4	1	0.1766	0.1350
3649	16	Explore	4	1	0.1767	0.1350
3650	16	Explore	4	1	0.1767	0.1350
3651	16	Explore	4	1	0.1767	0.1351
3652	16	Explore	4	1	0.1767	0.1351
3653	16	Explore	4	1	0.1767	0.1351
3654	16	Explore	4	1	0.1767	0.1351
3655	16	Explore	4	1	0.1767	0.1351
3656	16	Explore	4	1	0.1767	0.1351
3657	16	Explore	4	1	0.1768	0.1352
3658	16	Explore	4	1	0.1768	0.1352
3659	16	Explore	4	1	0.1768	0.1352
3660	16	Explore	4	1	0.1768	0.1352
3661	16	Explore	4	1	0.1792	0.1340
3662	16	Explore	4	1	0.1815	0.1329
3663	16	Explore	4	1	0.1839	0.1317
3664	16	Explore	4	1	0.1862	0.1305
3665	16	Explore	4	1	0.1886	0.1294
3666	16	Explore	4	1	0.1909	0.1282
3667	16	Explore	4	1	0.1933	0.1270
3668	16	Explore	4	1	0.1956	0.1259
3669	16	Explore	4	1	0.1980	0.1247
3670	16	Explore	4	1	0.2003	0.1235
3671	16	Explore	4	1	0.2027	0.1223
3672	16	Explore	4	1	0.2050	0.1212
3673	16	Explore	4	1	0.2074	0.1200
3674	16	Explore	4	1	0.2097	0.1188
3675	16	Explore	4	1	0.2121	0.1177
3676	16	Explore	4	1	0.2144	0.1165
3677	16	Explore	4	1	0.2168	0.1153
3678	16	Explore	4	1	0.2191	0.1142
3679	16	Explore	4	1	0.2215	0.1130
3680	16	Explore	4	1	0.2238	0.1118
3681	16	Explore	4	1	0.2262	0.1106
3682	16	Explore	4	1	0.2285	0.1095
3683	16	Explore	4	1	0.2309	0.1083
3684	16	Explore	4	1	0.2332	0.1071
3685	16	Explore	4	1	0.2356	0.1060
3686	16	Explore	4	1	0.2379	0.1048
3687	16	Explore	4	1	0.2403	0.1036
3688	16	Explore	4	1	0.2426	0.1025
3689	16	Explore	4	1	0.2450	0.1013
3690	16	Explore	4	1	0.2473	0.1001
3691	16	Explore	4	1	0.2497	0.0989
3692	16	Explore	4	1	0.2520	0.0978
3693	16	Explore	4	1	0.2544	0.0966
3694	16	Explore	4	1	0.2567	0.0954
3695	16	Explore	4	1	0.2590	0.0943
3696	16	Explore	4	1	0.2614	0.0931
3697	16	Explore	4	1	0.2637	0.0919
3698	16	Explore	4	1	0.2661	0.0908
3699	16	Explore	4	1	0.2684	0.0896
3700	16	Explore	4	1	0.2708	0.0884
3701	16	Explore	4	1	0.2731	0.0872
3702	16	Explore	4	1	0.2755	0.0861
3703	16	Explore	4	1	0.2778	0.0849
3704	16	Explore	4	1	0.2802	0.0837
3705	16	Explore	4	1	0.2825	0.0826
3706	16	Explore	4	1	0.2849	0.0814
3707	16	Explore	4	1	0.2872	0.0802
3708	16	Explore	4	1	0.2896	0.0791
3709	16	Explore	4	1	0.2919	0.0779
3710	16	Explore	4	1	0.2943	0.0767
3711	16	Explore	4	1	0.2966	0.0755
3712	16	Explore	4	1	0.2990	0.0744
3713	16	Explore	4	1	0.3013	0.0732
3714	16	Explore	4	1	0.3037	0.0720
3715	16	Explore	4	1	0.3060	0.0709
3716	16	Explore	4	1	0.3061	0.0709
3717	16	Explore	4	1	0.3061	0.0709
3718	16	Explore	4	1	0.3061	0.0709
3719	16	Explore	4	1	0.3061	0.0709
3720	16	Explore	4	1	0.3062	0.0710
3721	16	Explore	4	1	0.3062	0.0710
3722	16	Explore	4	1	0.3062	0.0710
3723	16	Explore	4	1	0.3063	0.0710
3724	16	Explore	4	1	0.3063	0.0710
3725	16	Explore	4	1	0.3063	0.0711
3726	16	Explore	4	1	0.3063	0.0711
3727	16	Explore	4	1	0.3063	0.0711
3728	16	Explore	4	1	0.3089	0.0711
3729	16	Explore	4	1	0.3116	0.0712
3730	16	Explore	4	1	0.3142	0.0712
3731	16	Explore	4	1	0.3168	0.0712
3732	16	Explore	4	1	0.3194	0.0712
3733	16	Explore	4	1	0.3221	0.0713
3734	16	Explore	4	1	0.3247	0.0713
3735	16	Explore	4	1	0.3273	0.0713
3736	16	Explore	4	1	0.3299	0.0713
3737	16	Explore	4	1	0.3326	0.0714
3738	16	Explore	4	1	0.3352	0.0714
3739	16	Explore	4	1	0.3378	0.0714
3740	16	Explore	4	1	0.3404	0.0714
3741	16	Explore	4	1	0.3431	0.0715
3742	16	Explore	4	1	0.3457	0.0715
3743	16	Explore	4	1	0.3483	0.0715
3744	16	Explore	4	1	0.3509	0.0715
3745	16	Explore	4	1	0.3536	0.0716
3746	16	Explore	4	1	0.3562	0.0716
3747	16	Explore	4	1	0.3588	0.0716
3748	16	Explore	4	1	0.3614	0.0716
3749	16	Explore	4	1	0.3641	0.0717
3750	16	Explore	4	1	0.3667	0.0717
3751	16	Explore	4	1	0.3693	0.0717
3752	16	Explore	4	1	0.3719	0.0717
3753	16	Explore	4	1	0.3746	0.0718
3754	16	Explore	4	1	0.3772	0.0718
3755	16	Explore	4	1	0.3798	0.0718
3756	16	Explore	4	1	0.3824	0.0718
3757	16	Explore	4	1	0.3851	0.0719
3758	16	Explore	4	1	0.3877	0.0719
3759	16	Explore	4	1	0.3903	0.0719
3760	16	Explore	4	1	0.3929	0.0719
3761	16	Explore	4	1	0.3956	0.0720
3762	16	Explore	4	1	0.3956	0.0719
3763	16	Explore	4	1	0.3956	0.0719
3764	16	Explore	4	1	0.3956	0.0719
3765	16	Explore	4	1	0.3955	0.0719
3766	16	Explore	4	1	0.3955	0.0718
3767	16	Explore	4	1	0.3954	0.0718
3768	16	Explore	4	1	0.3954	0.0718
3769	16	Explore	4	1	0.3954	0.0718
3770	16	Explore	4	1	0.3954	0.0718
3771	16	Explore	4	1	0.3953	0.0717
3772	16	Explore	4	1	0.3953	0.0717
3773	16	Explore	4	1	0.3953	0.0717
3774	16	Explore	4	1	0.3953	0.0717
3775	16	Explore	4	1	0.3953	0.0717
3776	16	Explore	4	1	0.3953	0.0717
3777	16	Explore	4	1	0.3952	0.0716
3778	16	Explore	4	1	0.3952	0.0716
3779	16	Explore	4	1	0.3952	0.0716
3780	16	Explore	4	1	0.3952	0.0716
3781	16	Explore	4	1	0.3952	0.0716
3782	16	Explore	4	1	0.3952	0.0716
3783	16	Explore	4	1	0.3952	0.0715
3784	16	Explore	4	1	0.3951	0.0715
3785	16	Explore	4	1	0.3951	0.0715
3786	16	Explore	4	1	0.3951	0.0715
3787	16	Explore	4	1	0.3951	0.0715
3788	16	Explore	4	1	0.3951	0.0715
3789	16	Explore	4	1	0.3951	0.0715
3790	16	Explore	4	1	0.3950	0.0714
3791	16	Explore	4	1	0.3962	0.0691
3792	16	Explore	4	1	0.3973	0.0667
3793	16	Explore	4	1	0.3985	0.0643
3794	16	Explore	4	1	0.3996	0.0620
3795	16	Explore	4	1	0.4007	0.0596
3796	16	Explore	4	1	0.4019	0.0573
3797	16	Explore	4	1	0.4030	0.0549
3798	16	Explore	4	1	0.4042	0.0525
3799	16	Explore	4	1	0.4053	0.0502
3800	16	Explore	4	1	0.4064	0.0478
3801	16	Explore	4	1	0.4076	0.0454
3802	16	Explore	4	1	0.4087	0.0431
3803	16	Explore	4	1	0.4099	0.0407
3804	16	Explore	4	1	0.4110	0.0383
3805	16	Explore	4	1	0.4122	0.0360
3806	16	Explore	4	1	0.4133	0.0336
3807	16	Explore	4	1	0.4144	0.0312
3808	16	Explore	4	1	0.4156	0.0289
3809	16	Explore	4	1	0.4167	0.0265
3810	16	Explore	4	1	0.4179	0.0242
3811	16	Explore	4	1	0.4190	0.0218
3812	16	Explore	4	1	0.4190	0.0218
3813	16	Explore	4	1	0.4190	0.0218
3814	16	Explore	4	1	0.4191	0.0218
3815	16	Explore	4	1	0.4191	0.0218
3816	16	Explore	4	1	0.4191	0.0219
3817	16	Explore	4	1	0.4191	0.0219
3818	16	Explore	4	1	0.4191	0.0219
3819	16	Explore	4	1	0.4191	0.0219
3820	16	Explore	4	1	0.4192	0.0219
3821	16	Explore	4	1	0.4192	0.0219
3822	16	Explore	4	1	0.4192	0.0219
3823	16	Explore	4	1	0.4192	0.0220
3824	16	Explore	4	1	0.4192	0.0220
3825	16	Explore	4	1	0.4192	0.0220
3826	16	Explore	4	1	0.4192	0.0220
3827	16	Explore	4	1	0.4193	0.0220
3828	16	Explore	4	1	0.4193	0.0220
3829	16	Explore	4	1	0.4193	0.0221
3830	16	Explore	4	1	0.4193	0.0221
3831	16	Explore	4	1	0.4193	0.0221
3832	16	Explore	4	1	0.4194	0.0221
3833	16	Explore	4	1	0.4219	0.0213
3834	16	Explore	4	1	0.4244	0.0205
3835	16	Explore	4	1	0.4269	0.0198
3836	16	Explore	4	1	0.4294	0.0190
3837	16	Explore	4	1	0.4319	0.0182
3838	16	Explore	4	1	0.4344	0.0174
3839	16	Explore	4	1	0.4369	0.0166
3840	16	Explore	4	1	0.4394	0.0158
3841	16	Explore	4	1	0.4419	0.0150
3842	16	Explore	4	1	0.4444	0.0142
3843	16	Explore	4	1	0.4469	0.0135
3844	16	Explore	4	1	0.4494	0.0127
3845	16	Explore	4	1	0.4519	0.0119
3846	16	Explore	4	1	0.4544	0.0111
3847	16	Explore	4	1	0.4569	0.0103
3848	16	Explore	4	1	0.4569	0.0103
3849	16	Explore	4	1	0.4569	0.0103
3850	16	Explore	4	1	0.4569	0.0102
3851	16	Explore	4	1	0.4569	0.0102
3852	16	Explore	4	1	0.4568	0.0102
3853	16	Explore	4	1	0.4568	0.0102
3854	16	Explore	4	1	0.4568	0.0102
3855	16	Explore	4	1	0.4568	0.0102
3856	16	Explore	4	1	0.4568	0.0101
3857	16	Explore	4	1	0.4568	0.0101
3858	16	Explore	4	1	0.4568	0.0101
3859	16	Explore	4	1	0.4567	0.0101
3860	16	Explore	4	1	0.4567	0.0101
3861	16	Explore	4	1	0.4567	0.0101
3862	16	Explore	4	1	0.4567	0.0100
3863	16	Explore	4	1	0.4567	0.0100
3864	16	Explore	4	1	0.4567	0.0100
3865	16	Explore	4	1	0.4567	0.0100
3866	16	Explore	4	1	0.4566	0.0100
3867	16	Explore	4	1	0.4566	0.0100
3868	16	Explore	4	1	0.4566	0.0100
3869	16	Explore	4	1	0.4566	0.0099
3870	16	Explore	4	1	0.4566	0.0099
3871	16	Explore	4	1	0.4565	0.0099
3872	16	Explore	4	1	0.4565	0.0099
3873	16	Explore	4	1	0.4565	0.0099
3874	16	Explore	4	1	0.4565	0.0098
3875	16	Explore	4	1	0.4565	0.0098
3876	16	Explore	4	1	0.4564	0.0098
3877	16	Explore	4	1	0.4564	0.0098
3878	16	Explore	4	1	0.4564	0.0098
3879	16	Explore	4	1	0.4564	0.0098
3880	16	Explore	4	1	0.4564	0.0098
3881	16	Explore	4	1	0.4563	0.0072
3882	16	Explore	4	1	0.4563	0.0045
3883	16	Explore	4	1	0.4562	0.0019
3884	16	Explore	4	1	0.4562	-0.0007
3885	16	Explore	4	1	0.4561	-0.0033
3886	16	Explore	4	1	0.4561	-0.0059
3887	16	Explore	4	1	0.4560	-0.0086
3888	16	Explore	4	1	0.4560	-0.0112
3889	16	Explore	4	1	0.4560	-0.0138
3890	16	Explore	4	1	0.4559	-0.0164
3891	16	Explore	4	1	0.4559	-0.0191
3892	16	Explore	4	1	0.4558	-0.0217
3893	16	Explore	4	1	0.4558	-0.0243
3894	16	Explore	4	1	0.4557	-0.0269
3895	16	Explore	4	1	0.4557	-0.0296
3896	16	Explore	4	1	0.4557	-0.0322
3897	16	Explore	4	1	0.4556	-0.0348
3898	16	Explore	4	1	0.4556	-0.0374
3899	16	Explore	4	1	0.4555	-0.0401
3900	16	Explore	4	1	0.4555	-0.0427
3901	16	Explore	4	1	0.4554	-0.0453
3902	16	Explore	4	1	0.4554	-0.0479
3903	16	Explore	4	1	0.4553	-0.0506
3904	16	Explore	4	1	0.4553	-0.0532
3905	16	Explore	4	1	0.4553	-0.0532
3906	16	Explore	4	1	0.4553	-0.0532
3907	16	Explore	4	1	0.4554	-0.0532
3908	16	Explore	4	1	0.4554	-0.0532
3909	16	Explore	4	1	0.4554	-0.0532
3910	16	Explore	4	1	0.4554	-0.0532
3911	16	Explore	4	1	0.4554	-0.0532
3912	16	Explore	4	1	0.4554	-0.0532
3913	16	Explore	4	1	0.4554	-0.0532
3914	16	Explore	4	1	0.4554	-0.0532
3915	16	Explore	4	1	0.4554	-0.0532
3916	16	Explore	4	1	0.4554	-0.0532
3917	16	Explore	4	1	0.4554	-0.0532
3918	16	Explore	4	1	0.4554	-0.0532
3919	16	Explore	4	1	0.4554	-0.0532
3920	16	Explore	4	1	0.4554	-0.0532
3921	16	Explore	4	1	0.4554	-0.0532
3922	16	Explore	4	1	0.4556	-0.0558
3923	16	Explore	4	1	0.4556	-0.0558
3924	16	Explore	4	1	0.4558	-0.0584
3925	16	Explore	4	1	0.4559	-0.0611
3926	16	Explore	4	1	0.4561	-0.0637
3927	16	Explore	4	1	0.4561	-0.0637
3928	16	Explore	4	1	0.4561	-0.0663
3929	16	Explore	4	1	0.4562	-0.0689
3930	16	Explore	4	1	0.4562	-0.0716
3931	16	Explore	4	1	0.4563	-0.0742
3932	16	Explore	4	1	0.4563	-0.0768
3933	16	Explore	4	1	0.4564	-0.0794
3934	16	Explore	4	1	0.4564	-0.0821
3935	16	Explore	4	1	0.4565	-0.0847
3936	16	Explore	4	1	0.4565	-0.0847
3937	16	Explore	4	1	0.4564	-0.0873
3938	16	Explore	4	1	0.4564	-0.0900
3939	16	Explore	4	1	0.4563	-0.0926
3940	16	Explore	4	1	0.4563	-0.0952
3941	16	Explore	4	1	0.4562	-0.0978
3942	16	Explore	4	1	0.4562	-0.1005
3943	16	Explore	4	1	0.4562	-0.1005
3944	16	Explore	4	1	0.4561	-0.1005
3945	16	Explore	4	1	0.4561	-0.1005
3946	16	Explore	4	1	0.4561	-0.1004
3947	16	Explore	4	1	0.4561	-0.1004
3948	16	Explore	4	1	0.4561	-0.1004
3949	16	Explore	4	1	0.4560	-0.1004
3950	16	Explore	4	1	0.4560	-0.1004
3951	16	Explore	4	1	0.4560	-0.1003
3952	16	Explore	4	1	0.4560	-0.1003
3953	16	Explore	4	1	0.4560	-0.1003
3954	16	Explore	4	1	0.4559	-0.1003
3955	16	Explore	4	1	0.4559	-0.1003
3956	16	Explore	4	1	0.4559	-0.1002
3957	16	Explore	4	1	0.4559	-0.1002
3958	16	Explore	4	1	0.4559	-0.1002
3959	16	Explore	4	1	0.4559	-0.1002
3960	16	Explore	4	1	0.4558	-0.1002
3961	16	Explore	4	1	0.4558	-0.1002
3962	16	Explore	4	1	0.4558	-0.1002
3963	16	Eat	4	1	0.4558	-0.1001
3964	17	Eat	3	2	0.4538	-0.1019
3965	17	Eat	3	2	0.4518	-0.1036
3966	17	Eat	3	2	0.4498	-0.1053
3967	17	Eat	3	2	0.4478	-0.1069
3968	17	Eat	3	2	0.4457	-0.1085
3969	17	Eat	3	2	0.4436	-0.1101
3970	17	Eat	3	2	0.4415	-0.1116
3971	17	Eat	3	2	0.4393	-0.1131
3972	17	Eat	3	2	0.4371	-0.1146
3973	17	Eat	3	2	0.4349	-0.1160
3974	17	Eat	3	2	0.4327	-0.1174
3975	17	Eat	3	2	0.4305	-0.1188
3976	17	Eat	3	2	0.4282	-0.1202
3977	17	Eat	3	2	0.4259	-0.1215
3978	17	Eat	3	2	0.4236	-0.1228
3979	17	Eat	3	2	0.4213	-0.1240
3980	17	Eat	3	2	0.4190	-0.1253
3981	17	Eat	3	2	0.4167	-0.1265
3982	17	Eat	3	2	0.4144	-0.1277
3983	17	Eat	3	2	0.4120	-0.1288
3984	17	Eat	3	2	0.4097	-0.1300
3985	17	Eat	3	2	0.4073	-0.1311
3986	17	Eat	3	2	0.4049	-0.1322
3987	17	Eat	3	2	0.4025	-0.1333
3988	17	Eat	3	2	0.4001	-0.1344
3989	17	Eat	3	2	0.3977	-0.1354
3990	17	Eat	3	2	0.3953	-0.1365
3991	17	Eat	3	2	0.3929	-0.1375
3992	17	Eat	3	2	0.3904	-0.1384
3993	17	Eat	3	2	0.3880	-0.1394
3994	17	Eat	3	2	0.3856	-0.1404
3995	17	Eat	3	2	0.3831	-0.1413
3996	17	Eat	3	2	0.3806	-0.1422
3997	17	Eat	3	2	0.3782	-0.1431
3998	17	Eat	3	2	0.3757	-0.1440
3999	17	Eat	3	2	0.3732	-0.1449
4000	17	Eat	3	2	0.3708	-0.1457
4001	17	Eat	3	2	0.3683	-0.1466
4002	17	Eat	3	2	0.3658	-0.1474
4003	17	Eat	3	2	0.3633	-0.1482
4004	17	Eat	3	2	0.3608	-0.1490
4005	17	Eat	3	2	0.3583	-0.1498
4006	17	Eat	3	2	0.3558	-0.1506
4007	17	Eat	3	2	0.3533	-0.1514
4008	17	Eat	3	2	0.3508	-0.1522
4009	17	Eat	3	2	0.3482	-0.1529
4010	17	Eat	3	2	0.3457	-0.1536
4011	17	Eat	3	2	0.3432	-0.1544
4012	17	Eat	3	2	0.3407	-0.1551
4013	17	Eat	3	2	0.3382	-0.1558
4014	17	Eat	3	2	0.3356	-0.1565
4015	17	Eat	3	2	0.3331	-0.1572
4016	17	Eat	3	2	0.3305	-0.1579
4017	17	Eat	3	2	0.3280	-0.1585
4018	17	Eat	3	2	0.3255	-0.1592
4019	17	Eat	3	2	0.3229	-0.1598
4020	17	Eat	3	2	0.3204	-0.1605
4021	17	Eat	3	2	0.3178	-0.1611
4022	17	Eat	3	2	0.3153	-0.1617
4023	17	Eat	3	2	0.3127	-0.1623
4024	17	Eat	3	2	0.3102	-0.1629
4025	17	Eat	3	2	0.3076	-0.1635
4026	17	Eat	3	2	0.3051	-0.1641
4027	17	Eat	3	2	0.3025	-0.1647
4028	17	Eat	3	2	0.2999	-0.1653
4029	17	Eat	3	2	0.2974	-0.1658
4030	17	Eat	3	2	0.2948	-0.1664
4031	17	Eat	3	2	0.2922	-0.1670
4032	17	Eat	3	2	0.2897	-0.1675
4033	17	Eat	3	2	0.2871	-0.1681
4034	17	Eat	3	2	0.2845	-0.1686
4035	17	Eat	3	2	0.2820	-0.1691
4036	17	Eat	3	2	0.2794	-0.1697
4037	17	Eat	3	2	0.2768	-0.1702
4038	17	Eat	3	2	0.2743	-0.1707
4039	17	Eat	3	2	0.2717	-0.1712
4040	17	Eat	3	2	0.2691	-0.1717
4041	17	Eat	3	2	0.2665	-0.1722
4042	17	Eat	3	2	0.2640	-0.1727
4043	17	Eat	3	2	0.2614	-0.1732
4044	17	Eat	3	2	0.2588	-0.1737
4045	17	Eat	3	2	0.2562	-0.1742
4046	17	Eat	3	2	0.2536	-0.1747
4047	17	Eat	3	2	0.2511	-0.1752
4048	17	Eat	3	2	0.2485	-0.1756
4049	17	Eat	3	2	0.2459	-0.1761
4050	17	Eat	3	2	0.2433	-0.1766
4051	17	Eat	3	2	0.2407	-0.1770
4052	17	Eat	3	2	0.2381	-0.1775
4053	17	Eat	3	2	0.2356	-0.1779
4054	17	Eat	3	2	0.2330	-0.1784
4055	17	Eat	3	2	0.2304	-0.1788
4056	17	Eat	3	2	0.2278	-0.1793
4057	17	Eat	3	2	0.2252	-0.1797
4058	17	Eat	3	2	0.2226	-0.1802
4059	17	Eat	3	2	0.2200	-0.1806
4060	17	Eat	3	2	0.2174	-0.1810
4061	17	Eat	3	2	0.2149	-0.1815
4062	17	Eat	3	2	0.2123	-0.1819
4063	17	Eat	3	2	0.2097	-0.1823
4064	17	Eat	3	2	0.2071	-0.1827
4065	17	Eat	3	2	0.2045	-0.1831
4066	17	Eat	3	2	0.2019	-0.1836
4067	17	Eat	3	2	0.2019	-0.1836
4068	17	Eat	3	2	0.2019	-0.1836
4069	17	Eat	3	2	0.2019	-0.1836
4070	17	Eat	3	2	0.2019	-0.1836
4071	17	Eat	3	2	0.2019	-0.1836
4072	17	Eat	3	2	0.2019	-0.1836
4073	17	Eat	3	2	0.2019	-0.1836
4074	17	Eat	3	2	0.2019	-0.1836
4075	17	Eat	3	2	0.2019	-0.1836
4076	17	Eat	3	2	0.2019	-0.1836
4077	17	Eat	3	2	0.2019	-0.1836
4078	17	Eat	3	2	0.2019	-0.1836
4079	17	Eat	3	2	0.2019	-0.1836
4080	17	Eat	3	2	0.2019	-0.1836
4081	17	Eat	3	2	0.2019	-0.1836
4082	17	Eat	3	2	0.2019	-0.1836
4083	17	Eat	3	2	0.2019	-0.1836
4084	17	Eat	3	2	0.2019	-0.1836
4085	17	Eat	3	2	0.2019	-0.1836
4086	17	Eat	3	2	0.2019	-0.1836
4087	17	Eat	3	2	0.2019	-0.1836
4088	17	Eat	3	2	0.2019	-0.1836
4089	17	Eat	3	2	0.2019	-0.1836
4090	17	Eat	3	2	0.2019	-0.1836
4091	17	Eat	3	2	0.2019	-0.1836
4092	17	Eat	3	2	0.2019	-0.1836
4093	17	Eat	3	2	0.2019	-0.1836
4094	17	Eat	3	2	0.2019	-0.1836
4095	17	Eat	3	2	0.2019	-0.1836
4096	17	Eat	3	2	0.2019	-0.1836
4097	17	Eat	3	2	0.2019	-0.1836
4098	17	Eat	3	2	0.2019	-0.1836
4099	17	Eat	3	2	0.2019	-0.1836
4100	17	Eat	3	2	0.2019	-0.1836
4101	17	Eat	3	2	0.2019	-0.1836
4102	17	Eat	3	2	0.2019	-0.1836
4103	17	Eat	3	2	0.2019	-0.1836
4104	17	Eat	3	2	0.2019	-0.1836
4105	17	Eat	3	2	0.2019	-0.1836
4106	17	Eat	3	2	0.2019	-0.1836
4107	17	Eat	3	2	0.2019	-0.1836
4108	17	Eat	3	2	0.2019	-0.1836
4109	17	Eat	3	2	0.2019	-0.1836
4110	17	Eat	3	2	0.2019	-0.1836
4111	17	Eat	3	2	0.2019	-0.1836
4112	17	Eat	3	2	0.2019	-0.1836
4113	17	Eat	3	2	0.2019	-0.1836
4114	17	Eat	3	2	0.2019	-0.1836
4115	17	Eat	3	2	0.2019	-0.1836
4116	17	Eat	3	2	0.2019	-0.1836
4117	17	Eat	3	2	0.2019	-0.1836
4118	17	Eat	3	2	0.2019	-0.1836
4119	17	Eat	3	2	0.2019	-0.1836
4120	17	Eat	3	2	0.2019	-0.1836
4121	17	Eat	3	2	0.2019	-0.1836
4122	17	Eat	3	2	0.2019	-0.1836
4123	17	Eat	3	2	0.2019	-0.1836
4124	17	Eat	3	2	0.2019	-0.1836
4125	17	Eat	3	2	0.2019	-0.1836
4126	17	Eat	3	2	0.2019	-0.1836
4127	17	Eat	3	2	0.2019	-0.1836
4128	17	Eat	3	2	0.2019	-0.1836
4129	17	Eat	3	2	0.2019	-0.1836
4130	17	Eat	3	2	0.2019	-0.1836
4131	17	Eat	3	2	0.2019	-0.1836
4132	17	Eat	3	2	0.2019	-0.1836
4133	17	Eat	3	2	0.2019	-0.1836
4134	17	Eat	3	2	0.2019	-0.1836
4135	17	Eat	3	2	0.2019	-0.1836
4136	17	Eat	3	2	0.2019	-0.1836
4137	17	Eat	3	2	0.2019	-0.1836
4138	17	Eat	3	2	0.2019	-0.1836
4139	17	Eat	3	2	0.2019	-0.1836
4140	17	Eat	3	2	0.2019	-0.1836
4141	17	Eat	3	2	0.2019	-0.1836
4142	17	Eat	3	2	0.2019	-0.1836
4143	17	Eat	3	2	0.2019	-0.1836
4144	17	Eat	3	2	0.2019	-0.1836
4145	17	Eat	3	2	0.2019	-0.1836
4146	17	Eat	3	2	0.2019	-0.1836
4147	17	Eat	3	2	0.2019	-0.1836
4148	17	Eat	3	2	0.2019	-0.1836
4149	17	Eat	3	2	0.2019	-0.1836
4150	17	Eat	3	2	0.2019	-0.1836
4151	17	Eat	3	2	0.2019	-0.1836
4152	17	Eat	3	2	0.2019	-0.1836
4153	17	Eat	3	2	0.2019	-0.1836
4154	17	Eat	3	2	0.2019	-0.1836
4155	17	Eat	3	2	0.2019	-0.1836
4156	17	Eat	3	2	0.2019	-0.1836
4157	17	Eat	3	2	0.2019	-0.1836
4158	17	Eat	3	2	0.2019	-0.1836
4159	17	Eat	3	2	0.2019	-0.1836
4160	17	Eat	3	2	0.2019	-0.1836
4161	17	Eat	3	2	0.2019	-0.1836
4162	17	Eat	3	2	0.2019	-0.1836
4163	17	Eat	3	2	0.2019	-0.1836
4164	17	Eat	3	2	0.2019	-0.1836
4165	17	Eat	3	2	0.2019	-0.1836
4166	17	Eat	3	2	0.2019	-0.1836
4167	17	Eat	3	2	0.2019	-0.1836
4168	17	Eat	3	2	0.2019	-0.1836
4169	17	Eat	3	2	0.2019	-0.1836
4170	17	Eat	3	2	0.2019	-0.1836
4171	17	Eat	3	2	0.2019	-0.1836
4172	17	Eat	3	2	0.2019	-0.1836
4173	17	Eat	3	2	0.2019	-0.1836
4174	17	Eat	3	2	0.2019	-0.1836
4175	17	Eat	3	2	0.2019	-0.1836
4176	17	Eat	3	2	0.2019	-0.1836
4177	17	Eat	3	2	0.2019	-0.1836
4178	17	Eat	3	2	0.2019	-0.1836
4179	17	Eat	3	2	0.2019	-0.1836
4180	17	Eat	3	2	0.2019	-0.1836
4181	17	Eat	3	2	0.2019	-0.1836
4182	17	Eat	3	2	0.2019	-0.1836
4183	17	Eat	3	2	0.2019	-0.1836
4184	17	Eat	3	2	0.2019	-0.1836
4185	17	Eat	3	2	0.2019	-0.1836
4186	17	Eat	3	2	0.2019	-0.1836
4187	17	Eat	3	2	0.2019	-0.1836
4188	17	Eat	3	2	0.2019	-0.1836
4189	17	Eat	3	2	0.2019	-0.1836
4190	17	Eat	3	2	0.2019	-0.1836
4191	17	Eat	3	2	0.2019	-0.1836
4192	17	Eat	3	2	0.2019	-0.1836
4193	17	Eat	3	2	0.2019	-0.1836
4194	17	Eat	3	2	0.2019	-0.1836
4195	17	Eat	3	2	0.2019	-0.1836
4196	17	Eat	3	2	0.2019	-0.1836
4197	17	Eat	3	2	0.2019	-0.1836
4198	17	Eat	3	2	0.2019	-0.1836
4199	17	Eat	3	2	0.2019	-0.1836
4200	17	Eat	3	2	0.2019	-0.1836
4201	17	Eat	3	2	0.2019	-0.1836
4202	17	Eat	3	2	0.2019	-0.1836
4203	17	Eat	3	2	0.2019	-0.1836
4204	17	Eat	3	2	0.2019	-0.1836
4205	17	Eat	3	2	0.2019	-0.1836
4206	17	Eat	3	2	0.2019	-0.1836
4207	17	Eat	3	2	0.2019	-0.1836
4208	17	Eat	3	2	0.2019	-0.1836
4209	17	Eat	3	2	0.2019	-0.1836
4210	17	Eat	3	2	0.2019	-0.1836
4211	17	Eat	3	2	0.2019	-0.1836
4212	17	Eat	3	2	0.2019	-0.1836
4213	17	Eat	3	2	0.2019	-0.1836
4214	17	Eat	3	2	0.2019	-0.1836
4215	17	Eat	3	2	0.2019	-0.1836
4216	17	Eat	3	2	0.2019	-0.1836
4217	17	Eat	3	2	0.2019	-0.1836
4218	17	Eat	3	2	0.2019	-0.1836
4219	17	Eat	3	2	0.2019	-0.1836
4220	17	Eat	3	2	0.2019	-0.1836
4221	17	Eat	3	2	0.2019	-0.1836
4222	17	Eat	3	2	0.2019	-0.1836
4223	17	Eat	3	2	0.2019	-0.1836
4224	17	Eat	3	2	0.2019	-0.1836
4225	17	Eat	3	2	0.2019	-0.1836
4226	17	Explore	3	0	0.2019	-0.1836
4227	18	Explore	2	1	0.1993	-0.1840
4228	18	Explore	2	1	0.1967	-0.1844
4229	18	Explore	2	1	0.1941	-0.1848
4230	18	Explore	2	1	0.1915	-0.1852
4231	18	Explore	2	1	0.1889	-0.1856
4232	18	Explore	2	1	0.1864	-0.1860
4233	18	Explore	2	1	0.1838	-0.1864
4234	18	Explore	2	1	0.1812	-0.1869
4235	18	Explore	2	1	0.1786	-0.1873
4236	18	Explore	2	1	0.1760	-0.1877
4237	18	Explore	2	1	0.1734	-0.1881
4238	18	Explore	2	1	0.1708	-0.1885
4239	18	Explore	2	1	0.1682	-0.1889
4240	18	Explore	2	1	0.1656	-0.1893
4241	18	Explore	2	1	0.1630	-0.1898
4242	18	Explore	2	1	0.1604	-0.1902
4243	18	Explore	2	1	0.1578	-0.1906
4244	18	Explore	2	1	0.1552	-0.1910
4245	18	Explore	2	1	0.1527	-0.1914
4246	18	Explore	2	1	0.1501	-0.1918
4247	18	Explore	2	1	0.1475	-0.1922
4248	18	Explore	2	1	0.1449	-0.1927
4249	18	Explore	2	1	0.1423	-0.1931
4250	18	Explore	2	1	0.1397	-0.1935
4251	18	Explore	2	1	0.1371	-0.1939
4252	18	Explore	2	1	0.1345	-0.1943
4253	18	Explore	2	1	0.1319	-0.1947
4254	18	Explore	2	1	0.1293	-0.1951
4255	18	Explore	2	1	0.1267	-0.1955
4256	18	Explore	2	1	0.1241	-0.1960
4257	18	Explore	2	1	0.1216	-0.1964
4258	18	Explore	2	1	0.1190	-0.1968
4259	18	Explore	2	1	0.1164	-0.1972
4260	18	Explore	2	1	0.1138	-0.1976
4261	18	Explore	2	1	0.1112	-0.1980
4262	18	Explore	2	1	0.1086	-0.1984
4263	18	Explore	2	1	0.1060	-0.1989
4264	18	Explore	2	1	0.1034	-0.1993
4265	18	Explore	2	1	0.1008	-0.1997
4266	18	Explore	2	1	0.0982	-0.2001
4267	18	Explore	2	1	0.0956	-0.2005
4268	18	Explore	2	1	0.0930	-0.2009
4269	18	Explore	2	1	0.0904	-0.2013
4270	18	Explore	2	1	0.0904	-0.2013
4271	18	Explore	2	1	0.0904	-0.2013
4272	18	Explore	2	1	0.0904	-0.2013
4273	18	Explore	2	1	0.0904	-0.2013
4274	18	Explore	2	1	0.0904	-0.2012
4275	18	Explore	2	1	0.0904	-0.2012
4276	18	Explore	2	1	0.0904	-0.2012
4277	18	Explore	2	1	0.0904	-0.2012
4278	18	Explore	2	1	0.0905	-0.2012
4279	18	Explore	2	1	0.0904	-0.2011
4280	18	Explore	2	1	0.0904	-0.2011
4281	18	Explore	2	1	0.0904	-0.2011
4282	18	Explore	2	1	0.0904	-0.2011
4283	18	Explore	2	1	0.0904	-0.2011
4284	18	Explore	2	1	0.0904	-0.2010
4285	18	Explore	2	1	0.0904	-0.2010
4286	18	Explore	2	1	0.0904	-0.2010
4287	18	Explore	2	1	0.0904	-0.2010
4288	18	Explore	2	1	0.0904	-0.2010
4289	18	Explore	2	1	0.0905	-0.2009
4290	18	Explore	2	1	0.0905	-0.2009
4291	18	Explore	2	1	0.0905	-0.2009
4292	18	Explore	2	1	0.0905	-0.2009
4293	18	Explore	2	1	0.0905	-0.2009
4294	18	Explore	2	1	0.0905	-0.2009
4295	18	Explore	2	1	0.0905	-0.2009
4296	18	Explore	2	1	0.0906	-0.2008
4297	18	Explore	2	1	0.0906	-0.2008
4298	18	Explore	2	1	0.0890	-0.1987
4299	18	Explore	2	1	0.0874	-0.1966
4300	18	Explore	2	1	0.0859	-0.1945
4301	18	Explore	2	1	0.0843	-0.1924
4302	18	Explore	2	1	0.0827	-0.1903
4303	18	Explore	2	1	0.0811	-0.1882
4304	18	Explore	2	1	0.0796	-0.1861
4305	18	Explore	2	1	0.0780	-0.1840
4306	18	Explore	2	1	0.0764	-0.1819
4307	18	Explore	2	1	0.0749	-0.1798
4308	18	Explore	2	1	0.0733	-0.1777
4309	18	Explore	2	1	0.0717	-0.1756
4310	18	Explore	2	1	0.0701	-0.1735
4311	18	Explore	2	1	0.0686	-0.1714
4312	18	Explore	2	1	0.0670	-0.1693
4313	18	Explore	2	1	0.0654	-0.1672
4314	18	Explore	2	1	0.0639	-0.1651
4315	18	Explore	2	1	0.0623	-0.1630
4316	18	Explore	2	1	0.0607	-0.1609
4317	18	Explore	2	1	0.0591	-0.1588
4318	18	Explore	2	1	0.0576	-0.1567
4319	18	Explore	2	1	0.0560	-0.1546
4320	18	Explore	2	1	0.0544	-0.1525
4321	18	Explore	2	1	0.0529	-0.1504
4322	18	Explore	2	1	0.0513	-0.1483
4323	18	Explore	2	1	0.0497	-0.1462
4324	18	Explore	2	1	0.0481	-0.1441
4325	18	Explore	2	1	0.0466	-0.1420
4326	18	Explore	2	1	0.0450	-0.1399
4327	18	Explore	2	1	0.0434	-0.1378
4328	18	Explore	2	1	0.0419	-0.1357
4329	18	Explore	2	1	0.0403	-0.1336
4330	18	Explore	2	1	0.0387	-0.1315
4331	18	Explore	2	1	0.0371	-0.1294
4332	18	Explore	2	1	0.0356	-0.1273
4333	18	Explore	2	1	0.0340	-0.1252
4334	18	Explore	2	1	0.0324	-0.1230
4335	18	Explore	2	1	0.0308	-0.1209
4336	18	Explore	2	1	0.0293	-0.1188
4337	18	Explore	2	1	0.0277	-0.1167
4338	18	Explore	2	1	0.0261	-0.1146
4339	18	Explore	2	1	0.0246	-0.1125
4340	18	Explore	2	1	0.0230	-0.1104
4341	18	Explore	2	1	0.0230	-0.1104
4342	18	Explore	2	1	0.0230	-0.1104
4343	18	Explore	2	1	0.0230	-0.1104
4344	18	Explore	2	1	0.0231	-0.1104
4345	18	Explore	2	1	0.0231	-0.1104
4346	18	Explore	2	1	0.0231	-0.1103
4347	18	Explore	2	1	0.0231	-0.1103
4348	18	Eat	2	1	0.0231	-0.1103
4349	19	Eat	1	2	0.0223	-0.1078
4350	19	Eat	1	2	0.0215	-0.1053
4351	19	Eat	1	2	0.0208	-0.1027
4352	19	Eat	1	2	0.0201	-0.1002
4353	19	Eat	1	2	0.0195	-0.0976
4354	19	Eat	1	2	0.0189	-0.0951
4355	19	Eat	1	2	0.0184	-0.0925
4356	19	Eat	1	2	0.0179	-0.0899
4357	19	Eat	1	2	0.0174	-0.0874
4358	19	Eat	1	2	0.0170	-0.0848
4359	19	Eat	1	2	0.0166	-0.0822
4360	19	Eat	1	2	0.0162	-0.0796
4361	19	Eat	1	2	0.0158	-0.0770
4362	19	Eat	1	2	0.0155	-0.0744
4363	19	Eat	1	2	0.0153	-0.0718
4364	19	Eat	1	2	0.0150	-0.0691
4365	19	Eat	1	2	0.0148	-0.0665
4366	19	Eat	1	2	0.0146	-0.0639
4367	19	Eat	1	2	0.0144	-0.0613
4368	19	Eat	1	2	0.0143	-0.0587
4369	19	Eat	1	2	0.0142	-0.0560
4370	19	Eat	1	2	0.0141	-0.0534
4371	19	Eat	1	2	0.0140	-0.0508
4372	19	Eat	1	2	0.0139	-0.0482
4373	19	Eat	1	2	0.0139	-0.0456
4374	19	Eat	1	2	0.0139	-0.0429
4375	19	Eat	1	2	0.0139	-0.0403
4376	19	Eat	1	2	0.0139	-0.0377
4377	19	Eat	1	2	0.0139	-0.0351
4378	19	Eat	1	2	0.0140	-0.0324
4379	19	Eat	1	2	0.0141	-0.0298
4380	19	Eat	1	2	0.0142	-0.0272
4381	19	Eat	1	2	0.0143	-0.0246
4382	19	Eat	1	2	0.0144	-0.0219
4383	19	Eat	1	2	0.0145	-0.0193
4384	19	Eat	1	2	0.0146	-0.0167
4385	19	Eat	1	2	0.0148	-0.0141
4386	19	Eat	1	2	0.0150	-0.0115
4387	19	Eat	1	2	0.0151	-0.0088
4388	19	Eat	1	2	0.0153	-0.0062
4389	19	Eat	1	2	0.0155	-0.0036
4390	19	Eat	1	2	0.0157	-0.0010
4391	19	Eat	1	2	0.0160	0.0016
4392	19	Eat	1	2	0.0162	0.0042
4393	19	Eat	1	2	0.0164	0.0069
4394	19	Eat	1	2	0.0167	0.0095
4395	19	Eat	1	2	0.0169	0.0121
4396	19	Eat	1	2	0.0172	0.0147
4397	19	Eat	1	2	0.0175	0.0173
4398	19	Eat	1	2	0.0177	0.0199
4399	19	Eat	1	2	0.0180	0.0225
4400	19	Eat	1	2	0.0183	0.0251
4401	19	Eat	1	2	0.0186	0.0277
4402	19	Eat	1	2	0.0189	0.0303
4403	19	Eat	1	2	0.0192	0.0330
4404	19	Eat	1	2	0.0196	0.0356
4405	19	Eat	1	2	0.0199	0.0382
4406	19	Eat	1	2	0.0202	0.0408
4407	19	Eat	1	2	0.0206	0.0434
4408	19	Eat	1	2	0.0209	0.0460
4409	19	Eat	1	2	0.0212	0.0486
4410	19	Eat	1	2	0.0216	0.0512
4411	19	Eat	1	2	0.0220	0.0538
4412	19	Eat	1	2	0.0223	0.0564
4413	19	Eat	1	2	0.0227	0.0590
4414	19	Eat	1	2	0.0230	0.0616
4415	19	Eat	1	2	0.0234	0.0642
4416	19	Eat	1	2	0.0238	0.0668
4417	19	Eat	1	2	0.0242	0.0694
4418	19	Eat	1	2	0.0246	0.0720
4419	19	Eat	1	2	0.0249	0.0746
4420	19	Eat	1	2	0.0253	0.0772
4421	19	Eat	1	2	0.0257	0.0798
4422	19	Eat	1	2	0.0261	0.0823
4423	19	Eat	1	2	0.0265	0.0849
4424	19	Eat	1	2	0.0269	0.0875
4425	19	Eat	1	2	0.0273	0.0901
4426	19	Eat	1	2	0.0277	0.0927
4427	19	Eat	1	2	0.0282	0.0953
4428	19	Eat	1	2	0.0286	0.0979
4429	19	Eat	1	2	0.0290	0.1005
4430	19	Eat	1	2	0.0294	0.1031
4431	19	Eat	1	2	0.0298	0.1057
4432	19	Eat	1	2	0.0303	0.1083
4433	19	Eat	1	2	0.0307	0.1109
4434	19	Eat	1	2	0.0311	0.1134
4435	19	Eat	1	2	0.0316	0.1160
4436	19	Eat	1	2	0.0320	0.1186
4437	19	Eat	1	2	0.0324	0.1212
4438	19	Eat	1	2	0.0329	0.1238
4439	19	Eat	1	2	0.0333	0.1264
4440	19	Eat	1	2	0.0337	0.1290
4441	19	Eat	1	2	0.0342	0.1316
4442	19	Eat	1	2	0.0346	0.1342
4443	19	Eat	1	2	0.0351	0.1367
4444	19	Eat	1	2	0.0355	0.1393
4445	19	Eat	1	2	0.0360	0.1419
4446	19	Eat	1	2	0.0364	0.1445
4447	19	Eat	1	2	0.0369	0.1471
4448	19	Eat	1	2	0.0373	0.1497
4449	19	Eat	1	2	0.0378	0.1523
4450	19	Eat	1	2	0.0382	0.1548
4451	19	Eat	1	2	0.0387	0.1574
4452	19	Eat	1	2	0.0392	0.1600
4453	19	Eat	1	2	0.0396	0.1626
4454	19	Eat	1	2	0.0401	0.1652
4455	19	Eat	1	2	0.0405	0.1678
4456	19	Eat	1	2	0.0410	0.1703
4457	19	Eat	1	2	0.0415	0.1729
4458	19	Eat	1	2	0.0419	0.1755
4459	19	Eat	1	2	0.0424	0.1781
4460	19	Eat	1	2	0.0429	0.1807
4461	19	Eat	1	2	0.0433	0.1833
4462	19	Eat	1	2	0.0438	0.1858
4463	19	Eat	1	2	0.0443	0.1884
4464	19	Eat	1	2	0.0443	0.1884
4465	19	Eat	1	2	0.0443	0.1884
4466	19	Eat	1	2	0.0443	0.1884
4467	19	Eat	1	2	0.0443	0.1884
4468	19	Eat	1	2	0.0443	0.1884
4469	19	Eat	1	2	0.0443	0.1884
4470	19	Eat	1	2	0.0443	0.1884
4471	19	Eat	1	2	0.0443	0.1884
4472	19	Eat	1	2	0.0443	0.1884
4473	19	Eat	1	2	0.0443	0.1884
4474	19	Eat	1	2	0.0443	0.1884
4475	19	Eat	1	2	0.0443	0.1884
4476	19	Eat	1	2	0.0443	0.1884
4477	19	Eat	1	2	0.0443	0.1884
4478	19	Eat	1	2	0.0443	0.1884
4479	19	Eat	1	2	0.0443	0.1884
4480	19	Eat	1	2	0.0443	0.1884
4481	19	Eat	1	2	0.0443	0.1884
4482	19	Eat	1	2	0.0443	0.1884
4483	19	Eat	1	2	0.0443	0.1884
4484	19	Eat	1	2	0.0443	0.1884
4485	19	Eat	1	2	0.0443	0.1884
4486	19	Eat	1	2	0.0443	0.1884
4487	19	Eat	1	2	0.0443	0.1884
4488	19	Eat	1	2	0.0443	0.1884
4489	19	Eat	1	2	0.0443	0.1884
4490	19	Eat	1	2	0.0443	0.1884
4491	19	Eat	1	2	0.0443	0.1884
4492	19	Eat	1	2	0.0443	0.1884
4493	19	Eat	1	2	0.0443	0.1884
4494	19	Eat	1	2	0.0443	0.1884
4495	19	Eat	1	2	0.0443	0.1884
4496	19	Eat	1	2	0.0443	0.1884
4497	19	Eat	1	2	0.0443	0.1884
4498	19	Eat	1	2	0.0443	0.1884
4499	19	Eat	1	2	0.0443	0.1884
4500	19	Eat	1	2	0.0443	0.1884
4501	19	Eat	1	2	0.0443	0.1884
4502	19	Eat	1	2	0.0443	0.1884
4503	19	Eat	1	2	0.0443	0.1884
4504	19	Eat	1	2	0.0443	0.1884
4505	19	Eat	1	2	0.0443	0.1884
4506	19	Eat	1	2	0.0443	0.1884
4507	19	Eat	1	2	0.0443	0.1884
4508	19	Eat	1	2	0.0443	0.1884
4509	19	Eat	1	2	0.0443	0.1884
4510	19	Eat	1	2	0.0443	0.1884
4511	19	Eat	1	2	0.0443	0.1884
4512	19	Eat	1	2	0.0443	0.1884
4513	19	Eat	1	2	0.0443	0.1884
4514	19	Eat	1	2	0.0443	0.1884
4515	19	Eat	1	2	0.0443	0.1884
4516	19	Eat	1	2	0.0443	0.1884
4517	19	Eat	1	2	0.0443	0.1884
4518	19	Eat	1	2	0.0443	0.1884
4519	19	Eat	1	2	0.0443	0.1884
4520	19	Eat	1	2	0.0443	0.1884
4521	19	Eat	1	2	0.0443	0.1884
4522	19	Eat	1	2	0.0443	0.1884
4523	19	Eat	1	2	0.0443	0.1884
4524	19	Eat	1	2	0.0443	0.1884
4525	19	Eat	1	2	0.0443	0.1884
4526	19	Eat	1	2	0.0443	0.1884
4527	19	Eat	1	2	0.0443	0.1884
4528	19	Eat	1	2	0.0443	0.1884
4529	19	Eat	1	2	0.0443	0.1884
4530	19	Eat	1	2	0.0443	0.1884
4531	19	Eat	1	2	0.0443	0.1884
4532	19	Eat	1	2	0.0443	0.1884
4533	19	Eat	1	2	0.0443	0.1884
4534	19	Eat	1	2	0.0443	0.1884
4535	19	Eat	1	2	0.0443	0.1884
4536	19	Eat	1	2	0.0443	0.1884
4537	19	Eat	1	2	0.0443	0.1884
4538	19	Eat	1	2	0.0443	0.1884
4539	19	Eat	1	2	0.0443	0.1884
4540	19	Eat	1	2	0.0443	0.1884
4541	19	Eat	1	2	0.0443	0.1884
4542	19	Eat	1	2	0.0443	0.1884
4543	19	Eat	1	2	0.0443	0.1884
4544	19	Eat	1	2	0.0443	0.1884
4545	19	Eat	1	2	0.0443	0.1884
4546	19	Eat	1	2	0.0443	0.1884
4547	19	Eat	1	2	0.0443	0.1884
4548	19	Eat	1	2	0.0443	0.1884
4549	19	Eat	1	2	0.0443	0.1884
4550	19	Eat	1	2	0.0443	0.1884
4551	19	Eat	1	2	0.0443	0.1884
4552	19	Eat	1	2	0.0443	0.1884
4553	19	Eat	1	2	0.0443	0.1884
4554	19	Eat	1	2	0.0443	0.1884
4555	19	Eat	1	2	0.0443	0.1884
4556	19	Eat	1	2	0.0443	0.1884
4557	19	Eat	1	2	0.0443	0.1884
4558	19	Eat	1	2	0.0443	0.1884
4559	19	Eat	1	2	0.0443	0.1884
4560	19	Eat	1	2	0.0443	0.1884
4561	19	Eat	1	2	0.0443	0.1884
4562	19	Eat	1	2	0.0443	0.1884
4563	19	Eat	1	2	0.0443	0.1884
4564	19	Eat	1	2	0.0443	0.1884
4565	19	Eat	1	2	0.0443	0.1884
4566	19	Eat	1	2	0.0443	0.1884
4567	19	Eat	1	2	0.0443	0.1884
4568	19	Eat	1	2	0.0443	0.1884
4569	19	Eat	1	2	0.0443	0.1884
4570	19	Eat	1	2	0.0443	0.1884
4571	19	Eat	1	2	0.0443	0.1884
4572	19	Eat	1	2	0.0443	0.1884
4573	19	Eat	1	2	0.0443	0.1884
4574	19	Eat	1	2	0.0443	0.1884
4575	19	Eat	1	2	0.0443	0.1884
4576	19	Eat	1	2	0.0443	0.1884
4577	19	Eat	1	2	0.0443	0.1884
4578	19	Eat	1	2	0.0443	0.1884
4579	19	Eat	1	2	0.0443	0.1884
4580	19	Eat	1	2	0.0443	0.1884
4581	19	Eat	1	2	0.0443	0.1884
4582	19	Eat	1	2	0.0443	0.1884
4583	19	Eat	1	2	0.0443	0.1884
4584	19	Eat	1	2	0.0443	0.1884
4585	19	Eat	1	2	0.0443	0.1884
4586	19	Eat	1	2	0.0443	0.1884
4587	19	Eat	1	2	0.0443	0.1884
4588	19	Eat	1	2	0.0443	0.1884
4589	19	Eat	1	2	0.0443	0.1884
4590	19	Eat	1	2	0.0443	0.1884
4591	19	Eat	1	2	0.0443	0.1884
4592	19	Eat	1	2	0.0443	0.1884
4593	19	Eat	1	2	0.0443	0.1884
4594	19	Eat	1	2	0.0443	0.1884
4595	19	Eat	1	2	0.0443	0.1884
4596	19	Eat	1	2	0.0443	0.1884
4597	19	Eat	1	2	0.0443	0.1884
4598	19	Eat	1	2	0.0443	0.1884
4599	19	Eat	1	2	0.0443	0.1884
4600	19	Eat	1	2	0.0443	0.1884
4601	19	Eat	1	2	0.0443	0.1884
4602	19	Eat	1	2	0.0443	0.1884
4603	19	Eat	1	2	0.0443	0.1884
4604	19	Eat	1	2	0.0443	0.1884
4605	19	Eat	1	2	0.0443	0.1884
4606	19	Eat	1	2	0.0443	0.1884
4607	19	Eat	1	2	0.0443	0.1884
4608	19	Eat	1	2	0.0443	0.1884
4609	19	Eat	1	2	0.0443	0.1884
4610	19	Eat	1	2	0.0443	0.1884
4611	19	Eat	1	2	0.0443	0.1884
4612	19	Eat	1	2	0.0443	0.1884
4613	19	Eat	1	2	0.0443	0.1884
4614	19	Eat	1	2	0.0443	0.1884
4615	19	Eat	1	2	0.0443	0.1884
4616	19	Eat	1	2	0.0443	0.1884
4617	19	Eat	1	2	0.0443	0.1884
4618	19	Eat	1	2	0.0443	0.1884
4619	19	Eat	1	2	0.0443	0.1884
4620	19	Eat	1	2	0.0443	0.1884
4621	19	Eat	1	2	0.0443	0.1884
4622	19	Eat	1	2	0.0443	0.1884
4623	19	Explore	1	0	0.0443	0.1884
