TimeStep	Transitions	State	FearLevel	HungerLevel	PosX	posZ
2179	10	Hide	10	1	-0.1139	0.4561
2180	11	Hide	9	2	-0.1139	0.4562
2181	11	Hide	9	2	-0.1165	0.4563
2182	11	Hide	9	2	-0.1192	0.4564
2183	11	Hide	9	2	-0.1192	0.4564
2184	11	Hide	9	2	-0.1218	0.4566
2185	11	Hide	9	2	-0.1244	0.4569
2186	11	Hide	9	2	-0.1270	0.4571
2187	11	Hide	9	2	-0.1296	0.4573
2188	11	Hide	9	2	-0.1323	0.4575
2189	11	Hide	9	2	-0.1349	0.4578
2190	11	Hide	9	2	-0.1375	0.4580
2191	11	Hide	9	2	-0.1401	0.4582
2192	11	Hide	9	2	-0.1427	0.4584
2193	11	Hide	9	2	-0.1453	0.4587
2194	11	Hide	9	2	-0.1479	0.4589
2195	11	Hide	9	2	-0.1506	0.4591
2196	11	Hide	9	2	-0.1532	0.4593
2197	11	Hide	9	2	-0.1558	0.4595
2198	11	Hide	9	2	-0.1584	0.4598
2199	11	Hide	9	2	-0.1610	0.4600
2200	11	Hide	9	2	-0.1636	0.4602
2201	11	Hide	9	2	-0.1663	0.4604
2202	11	Hide	9	2	-0.1689	0.4607
2203	11	Hide	9	2	-0.1715	0.4609
2204	11	Hide	9	2	-0.1741	0.4611
2205	11	Hide	9	2	-0.1767	0.4613
2206	11	Hide	9	2	-0.1793	0.4616
2207	11	Hide	9	2	-0.1819	0.4618
2208	11	Hide	9	2	-0.1846	0.4620
2209	11	Hide	9	2	-0.1872	0.4622
2210	11	Hide	9	2	-0.1898	0.4625
2211	11	Hide	9	2	-0.1924	0.4627
2212	11	Hide	9	2	-0.1950	0.4629
2213	11	Hide	9	2	-0.1976	0.4631
2214	11	Hide	9	2	-0.2003	0.4633
2215	11	Hide	9	2	-0.2029	0.4636
2216	11	Hide	9	2	-0.2055	0.4638
2217	11	Hide	9	2	-0.2081	0.4640
2218	11	Hide	9	2	-0.2107	0.4642
2219	11	Hide	9	2	-0.2133	0.4645
2220	11	Hide	9	2	-0.2159	0.4647
2221	11	Hide	9	2	-0.2186	0.4649
2222	11	Hide	9	2	-0.2212	0.4651
2223	11	Hide	9	2	-0.2238	0.4654
2224	11	Hide	9	2	-0.2264	0.4656
2225	11	Hide	9	2	-0.2290	0.4658
2226	11	Hide	9	2	-0.2316	0.4660
2227	11	Hide	9	2	-0.2342	0.4663
2228	11	Hide	9	2	-0.2369	0.4665
2229	11	Hide	9	2	-0.2395	0.4667
2230	11	Hide	9	2	-0.2421	0.4668
2231	11	Hide	9	2	-0.2447	0.4668
2232	11	Hide	9	2	-0.2473	0.4668
2233	11	Hide	9	2	-0.2499	0.4668
2234	11	Hide	9	2	-0.2526	0.4668
2235	11	Hide	9	2	-0.2552	0.4668
2236	11	Hide	9	2	-0.2578	0.4668
2237	11	Hide	9	2	-0.2604	0.4669
2238	11	Hide	9	2	-0.2630	0.4669
2239	11	Hide	9	2	-0.2656	0.4669
2240	11	Hide	9	2	-0.2682	0.4669
2241	11	Hide	9	2	-0.2709	0.4669
2242	11	Hide	9	2	-0.2735	0.4669
2243	11	Hide	9	2	-0.2761	0.4669
2244	11	Hide	9	2	-0.2787	0.4669
2245	11	Hide	9	2	-0.2813	0.4669
2246	11	Hide	9	2	-0.2839	0.4669
2247	11	Hide	9	2	-0.2865	0.4669
2248	11	Hide	9	2	-0.2892	0.4669
2249	11	Hide	9	2	-0.2918	0.4669
2250	11	Hide	9	2	-0.2944	0.4669
2251	11	Hide	9	2	-0.2970	0.4669
2252	11	Hide	9	2	-0.2996	0.4669
2253	11	Hide	9	2	-0.3022	0.4669
2254	11	Hide	9	2	-0.3048	0.4669
2255	11	Hide	9	2	-0.3075	0.4669
2256	11	Hide	9	2	-0.3101	0.4669
2257	11	Hide	9	2	-0.3127	0.4669
2258	11	Hide	9	2	-0.3153	0.4669
2259	11	Hide	9	2	-0.3179	0.4669
2260	11	Hide	9	2	-0.3205	0.4669
2261	11	Hide	9	2	-0.3231	0.4669
2262	11	Hide	9	2	-0.3258	0.4669
2263	11	Hide	9	2	-0.3284	0.4669
2264	11	Hide	9	2	-0.3310	0.4669
2265	11	Hide	9	2	-0.3336	0.4669
2266	11	Hide	9	2	-0.3362	0.4669
2267	11	Hide	9	2	-0.3388	0.4669
2268	11	Hide	9	2	-0.3414	0.4669
2269	11	Hide	9	2	-0.3441	0.4669
2270	11	Hide	9	2	-0.3467	0.4669
2271	11	Hide	9	2	-0.3493	0.4669
2272	11	Hide	9	2	-0.3519	0.4669
2273	11	Hide	9	2	-0.3545	0.4669
2274	11	Hide	9	2	-0.3571	0.4669
2275	11	Hide	9	2	-0.3597	0.4669
2276	11	Hide	9	2	-0.3623	0.4669
2277	11	Hide	9	2	-0.3650	0.4669
2278	11	Hide	9	2	-0.3676	0.4669
2279	11	Hide	9	2	-0.3702	0.4669
2280	11	Hide	9	2	-0.3728	0.4669
2281	11	Hide	9	2	-0.3754	0.4669
2282	11	Hide	9	2	-0.3780	0.4669
2283	11	Hide	9	2	-0.3806	0.4669
2284	11	Hide	9	2	-0.3832	0.4669
2285	11	Hide	9	2	-0.3859	0.4669
2286	11	Hide	9	2	-0.3885	0.4669
2287	11	Hide	9	2	-0.3911	0.4669
2288	11	Hide	9	2	-0.3937	0.4669
2289	11	Hide	9	2	-0.3963	0.4669
2290	11	Hide	9	2	-0.3989	0.4669
2291	11	Hide	9	2	-0.4015	0.4670
2292	11	Hide	9	2	-0.4041	0.4670
2293	11	Hide	9	2	-0.4068	0.4670
2294	11	Hide	9	2	-0.4094	0.4670
2295	11	Hide	9	2	-0.4120	0.4670
2296	11	Hide	9	2	-0.4146	0.4670
2297	11	Hide	9	2	-0.4172	0.4670
2298	11	Hide	9	2	-0.4198	0.4670
2299	11	Hide	9	2	-0.4224	0.4670
2300	11	Hide	9	2	-0.4250	0.4670
2301	11	Hide	9	2	-0.4277	0.4670
2302	11	Hide	9	2	-0.4303	0.4670
2303	11	Hide	9	2	-0.4329	0.4670
2304	11	Hide	9	2	-0.4355	0.4670
2305	11	Hide	9	2	-0.4381	0.4670
2306	11	Hide	9	2	-0.4407	0.4670
2307	11	Hide	9	2	-0.4433	0.4670
2308	11	Hide	9	2	-0.4459	0.4670
2309	11	Hide	9	2	-0.4486	0.4670
2310	11	Hide	9	2	-0.4512	0.4670
2311	11	Hide	9	2	-0.4538	0.4670
2312	11	Hide	9	2	-0.4564	0.4670
2313	11	Hide	9	2	-0.4590	0.4670
2314	11	Hide	9	2	-0.4616	0.4670
2315	11	Hide	9	2	-0.4642	0.4670
2316	11	Hide	9	2	-0.4668	0.4670
2317	11	Hide	9	2	-0.4694	0.4670
2318	11	Hide	9	2	-0.4694	0.4670
2319	11	Hide	9	2	-0.4694	0.4670
2320	11	Hide	9	2	-0.4694	0.4670
2321	11	Hide	9	2	-0.4694	0.4670
2322	11	Hide	9	2	-0.4694	0.4670
2323	11	Hide	9	2	-0.4694	0.4670
2324	11	Hide	9	2	-0.4694	0.4670
2325	11	Hide	9	2	-0.4694	0.4670
2326	11	Hide	9	2	-0.4694	0.4670
2327	11	Hide	9	2	-0.4694	0.4670
2328	11	Hide	9	2	-0.4694	0.4670
2329	11	Hide	9	2	-0.4694	0.4670
2330	11	Hide	9	2	-0.4694	0.4670
2331	11	Hide	9	2	-0.4694	0.4670
2332	11	Hide	9	2	-0.4694	0.4670
2333	11	Hide	9	2	-0.4694	0.4670
2334	11	Hide	9	2	-0.4694	0.4670
2335	11	Hide	9	2	-0.4694	0.4670
2336	11	Hide	9	2	-0.4694	0.4670
2337	11	Hide	9	2	-0.4694	0.4670
2338	11	Hide	9	2	-0.4694	0.4670
2339	11	Hide	9	2	-0.4694	0.4670
2340	11	Hide	9	2	-0.4694	0.4670
2341	11	Hide	9	2	-0.4694	0.4670
2342	11	Hide	9	2	-0.4694	0.4670
2343	11	Hide	9	2	-0.4694	0.4670
2344	11	Hide	9	2	-0.4694	0.4670
2345	11	Hide	9	2	-0.4694	0.4670
2346	11	Hide	9	2	-0.4694	0.4670
2347	11	Hide	9	2	-0.4694	0.4670
2348	11	Hide	9	2	-0.4694	0.4670
2349	11	Hide	9	2	-0.4694	0.4670
2350	11	Hide	9	2	-0.4694	0.4670
2351	11	Hide	9	2	-0.4694	0.4670
2352	11	Hide	9	2	-0.4694	0.4670
2353	11	Hide	9	2	-0.4694	0.4670
2354	11	Hide	9	2	-0.4694	0.4670
2355	11	Hide	9	2	-0.4694	0.4670
2356	11	Hide	9	2	-0.4694	0.4670
2357	11	Hide	9	2	-0.4694	0.4670
2358	11	Hide	9	2	-0.4694	0.4670
2359	11	Hide	9	2	-0.4694	0.4670
2360	11	Hide	9	2	-0.4694	0.4670
2361	11	Hide	9	2	-0.4694	0.4670
2362	11	Hide	9	2	-0.4694	0.4670
2363	11	Hide	9	2	-0.4694	0.4670
2364	11	Hide	9	2	-0.4694	0.4670
2365	11	Hide	9	2	-0.4694	0.4670
2366	11	Hide	9	2	-0.4694	0.4670
2367	11	Hide	9	2	-0.4694	0.4670
2368	11	Hide	9	2	-0.4694	0.4670
2369	11	Hide	9	2	-0.4694	0.4670
2370	11	Hide	9	2	-0.4694	0.4670
2371	11	Hide	9	2	-0.4694	0.4670
2372	11	Hide	9	2	-0.4694	0.4670
2373	11	Hide	9	2	-0.4694	0.4670
2374	11	Hide	9	2	-0.4694	0.4670
2375	11	Hide	9	2	-0.4694	0.4670
2376	11	Hide	9	2	-0.4694	0.4670
2377	11	Hide	9	2	-0.4694	0.4670
2378	11	Hide	9	2	-0.4694	0.4670
2379	11	Hide	9	2	-0.4694	0.4670
2380	11	Hide	9	2	-0.4694	0.4670
2381	11	Hide	9	2	-0.4694	0.4670
2382	11	Hide	9	2	-0.4694	0.4670
2383	11	Hide	9	2	-0.4694	0.4670
2384	11	Hide	9	2	-0.4694	0.4670
2385	11	Hide	9	2	-0.4694	0.4670
2386	11	Hide	9	2	-0.4694	0.4670
2387	11	Hide	9	2	-0.4694	0.4670
2388	11	Hide	9	2	-0.4694	0.4670
2389	11	Hide	9	2	-0.4694	0.4670
2390	11	Hide	9	2	-0.4694	0.4670
2391	11	Hide	9	2	-0.4694	0.4670
2392	11	Hide	9	2	-0.4694	0.4670
2393	11	Hide	9	2	-0.4694	0.4670
2394	11	Hide	9	2	-0.4694	0.4670
2395	11	Hide	9	2	-0.4694	0.4670
2396	11	Hide	9	2	-0.4694	0.4670
2397	11	Hide	9	2	-0.4694	0.4670
2398	11	Hide	9	2	-0.4694	0.4670
2399	11	Hide	9	2	-0.4694	0.4670
2400	11	Hide	9	2	-0.4694	0.4670
2401	11	Hide	9	2	-0.4694	0.4670
2402	11	Hide	9	2	-0.4694	0.4670
2403	11	Hide	9	2	-0.4694	0.4670
2404	11	Hide	9	2	-0.4694	0.4670
2405	11	Hide	9	2	-0.4694	0.4670
2406	11	Hide	9	2	-0.4694	0.4670
2407	11	Hide	9	2	-0.4694	0.4670
2408	11	Hide	9	2	-0.4694	0.4670
2409	11	Hide	9	2	-0.4694	0.4670
2410	11	Hide	9	2	-0.4694	0.4670
2411	11	Hide	9	2	-0.4694	0.4670
2412	11	Hide	9	2	-0.4694	0.4670
2413	11	Hide	9	2	-0.4694	0.4670
2414	11	Hide	9	2	-0.4694	0.4670
2415	11	Hide	9	2	-0.4694	0.4670
2416	11	Hide	9	2	-0.4694	0.4670
2417	11	Explore	9	2	-0.4694	0.4670
2418	12	Explore	8	3	-0.4694	0.4666
2419	12	Explore	8	3	-0.4694	0.4663
2420	12	Explore	8	3	-0.4694	0.4658
2421	12	Explore	8	3	-0.4694	0.4653
2422	12	Explore	8	3	-0.4694	0.4648
2423	12	Explore	8	3	-0.4694	0.4643
2424	12	Explore	8	3	-0.4694	0.4639
2425	12	Explore	8	3	-0.4694	0.4635
2426	12	Explore	8	3	-0.4694	0.4632
2427	12	Explore	8	3	-0.4694	0.4630
2428	12	Explore	8	3	-0.4694	0.4629
2429	12	Explore	8	3	-0.4694	0.4629
2430	12	Explore	8	3	-0.4694	0.4628
2431	12	Explore	8	3	-0.4693	0.4628
2432	12	Explore	8	3	-0.4693	0.4628
2433	12	Explore	8	3	-0.4692	0.4628
2434	12	Explore	8	3	-0.4692	0.4627
2435	12	Explore	8	3	-0.4691	0.4627
2436	12	Explore	8	3	-0.4691	0.4627
2437	12	Explore	8	3	-0.4691	0.4627
2438	12	Explore	8	3	-0.4691	0.4627
2439	12	Explore	8	3	-0.4691	0.4626
2440	12	Explore	8	3	-0.4691	0.4626
2441	12	Explore	8	3	-0.4691	0.4626
2442	12	Explore	8	3	-0.4690	0.4626
2443	12	Explore	8	3	-0.4690	0.4626
2444	12	Explore	8	3	-0.4690	0.4626
2445	12	Explore	8	3	-0.4690	0.4626
2446	12	Explore	8	3	-0.4690	0.4625
2447	12	Explore	8	3	-0.4690	0.4625
2448	12	Explore	8	3	-0.4689	0.4625
2449	12	Explore	8	3	-0.4689	0.4625
2450	12	Explore	8	3	-0.4689	0.4625
2451	12	Explore	8	3	-0.4689	0.4625
2452	12	Explore	8	3	-0.4689	0.4624
2453	12	Explore	8	3	-0.4688	0.4624
2454	12	Explore	8	3	-0.4687	0.4624
2455	12	Explore	8	3	-0.4682	0.4624
2456	12	Explore	8	3	-0.4677	0.4624
2457	12	Explore	8	3	-0.4672	0.4624
2458	12	Explore	8	3	-0.4668	0.4624
2459	12	Explore	8	3	-0.4664	0.4624
2460	12	Explore	8	3	-0.4661	0.4624
2461	12	Explore	8	3	-0.4655	0.4624
2462	12	Explore	8	3	-0.4650	0.4624
2463	12	Explore	8	3	-0.4645	0.4624
2464	12	Explore	8	3	-0.4641	0.4624
2465	12	Explore	8	3	-0.4637	0.4624
2466	12	Explore	8	3	-0.4633	0.4624
2467	12	Explore	8	3	-0.4631	0.4624
2468	12	Explore	8	3	-0.4629	0.4624
2469	12	Explore	8	3	-0.4629	0.4624
2470	12	Explore	8	3	-0.4620	0.4600
2471	12	Explore	8	3	-0.4611	0.4575
2472	12	Explore	8	3	-0.4603	0.4550
2473	12	Explore	8	3	-0.4594	0.4525
2474	12	Explore	8	3	-0.4585	0.4501
2475	12	Explore	8	3	-0.4576	0.4476
2476	12	Explore	8	3	-0.4568	0.4451
2477	12	Explore	8	3	-0.4559	0.4426
2478	12	Explore	8	3	-0.4550	0.4402
2479	12	Explore	8	3	-0.4541	0.4377
2480	12	Explore	8	3	-0.4533	0.4352
2481	12	Explore	8	3	-0.4524	0.4327
2482	12	Explore	8	3	-0.4515	0.4303
2483	12	Explore	8	3	-0.4506	0.4278
2484	12	Explore	8	3	-0.4498	0.4253
2485	12	Explore	8	3	-0.4489	0.4228
2486	12	Explore	8	3	-0.4480	0.4204
2487	12	Explore	8	3	-0.4471	0.4179
2488	12	Explore	8	3	-0.4463	0.4154
2489	12	Explore	8	3	-0.4454	0.4129
2490	12	Explore	8	3	-0.4445	0.4105
2491	12	Explore	8	3	-0.4436	0.4080
2492	12	Explore	8	3	-0.4427	0.4055
2493	12	Explore	8	3	-0.4419	0.4030
2494	12	Explore	8	3	-0.4410	0.4006
2495	12	Explore	8	3	-0.4401	0.3981
2496	12	Explore	8	3	-0.4392	0.3956
2497	12	Explore	8	3	-0.4384	0.3931
2498	12	Explore	8	3	-0.4384	0.3931
2499	12	Hide	8	3	-0.4384	0.3931
2500	13	Hide	7	4	-0.4384	0.3931
2501	13	Hide	7	4	-0.4378	0.3905
2502	13	Hide	7	4	-0.4373	0.3880
2503	13	Hide	7	4	-0.4367	0.3854
2504	13	Hide	7	4	-0.4361	0.3829
2505	13	Hide	7	4	-0.4355	0.3803
2506	13	Hide	7	4	-0.4349	0.3777
2507	13	Hide	7	4	-0.4344	0.3752
2508	13	Hide	7	4	-0.4338	0.3726
2509	13	Hide	7	4	-0.4332	0.3701
2510	13	Hide	7	4	-0.4326	0.3675
2511	13	Hide	7	4	-0.4320	0.3649
2512	13	Hide	7	4	-0.4315	0.3624
2513	13	Hide	7	4	-0.4309	0.3598
2514	13	Hide	7	4	-0.4303	0.3573
2515	13	Hide	7	4	-0.4297	0.3547
2516	13	Hide	7	4	-0.4291	0.3521
2517	13	Hide	7	4	-0.4286	0.3496
2518	13	Hide	7	4	-0.4280	0.3470
2519	13	Hide	7	4	-0.4274	0.3445
2520	13	Hide	7	4	-0.4268	0.3419
2521	13	Hide	7	4	-0.4262	0.3393
2522	13	Hide	7	4	-0.4257	0.3368
2523	13	Hide	7	4	-0.4251	0.3342
2524	13	Hide	7	4	-0.4245	0.3317
2525	13	Hide	7	4	-0.4239	0.3291
2526	13	Hide	7	4	-0.4233	0.3265
2527	13	Hide	7	4	-0.4228	0.3240
2528	13	Hide	7	4	-0.4222	0.3214
2529	13	Hide	7	4	-0.4216	0.3189
2530	13	Hide	7	4	-0.4210	0.3163
2531	13	Hide	7	4	-0.4204	0.3137
2532	13	Hide	7	4	-0.4199	0.3112
2533	13	Hide	7	4	-0.4193	0.3086
2534	13	Hide	7	4	-0.4187	0.3061
2535	13	Hide	7	4	-0.4181	0.3035
2536	13	Hide	7	4	-0.4175	0.3009
2537	13	Hide	7	4	-0.4170	0.2984
2538	13	Hide	7	4	-0.4164	0.2958
2539	13	Hide	7	4	-0.4158	0.2933
2540	13	Hide	7	4	-0.4152	0.2907
2541	13	Hide	7	4	-0.4146	0.2881
2542	13	Hide	7	4	-0.4141	0.2856
2543	13	Hide	7	4	-0.4135	0.2830
2544	13	Hide	7	4	-0.4129	0.2805
2545	13	Hide	7	4	-0.4123	0.2779
2546	13	Hide	7	4	-0.4117	0.2753
2547	13	Hide	7	4	-0.4112	0.2728
2548	13	Hide	7	4	-0.4106	0.2702
2549	13	Hide	7	4	-0.4100	0.2677
2550	13	Hide	7	4	-0.4094	0.2651
2551	13	Hide	7	4	-0.4088	0.2625
2552	13	Hide	7	4	-0.4083	0.2600
2553	13	Hide	7	4	-0.4077	0.2574
2554	13	Hide	7	4	-0.4071	0.2549
2555	13	Hide	7	4	-0.4065	0.2523
2556	13	Hide	7	4	-0.4059	0.2497
2557	13	Hide	7	4	-0.4054	0.2472
2558	13	Hide	7	4	-0.4048	0.2446
2559	13	Hide	7	4	-0.4042	0.2421
2560	13	Hide	7	4	-0.4036	0.2395
2561	13	Hide	7	4	-0.4030	0.2369
2562	13	Hide	7	4	-0.4025	0.2344
2563	13	Hide	7	4	-0.4019	0.2318
2564	13	Hide	7	4	-0.4013	0.2293
2565	13	Hide	7	4	-0.4007	0.2267
2566	13	Hide	7	4	-0.4001	0.2241
2567	13	Hide	7	4	-0.3995	0.2216
2568	13	Hide	7	4	-0.3990	0.2190
2569	13	Hide	7	4	-0.3984	0.2165
2570	13	Hide	7	4	-0.3978	0.2139
2571	13	Hide	7	4	-0.3972	0.2113
2572	13	Hide	7	4	-0.3966	0.2088
2573	13	Hide	7	4	-0.3961	0.2062
2574	13	Hide	7	4	-0.3955	0.2037
2575	13	Hide	7	4	-0.3949	0.2011
2576	13	Hide	7	4	-0.3943	0.1985
2577	13	Hide	7	4	-0.3937	0.1960
2578	13	Hide	7	4	-0.3932	0.1934
2579	13	Hide	7	4	-0.3926	0.1909
2580	13	Hide	7	4	-0.3920	0.1883
2581	13	Hide	7	4	-0.3914	0.1857
2582	13	Hide	7	4	-0.3908	0.1832
2583	13	Hide	7	4	-0.3903	0.1806
2584	13	Hide	7	4	-0.3897	0.1781
2585	13	Hide	7	4	-0.3891	0.1755
2586	13	Hide	7	4	-0.3885	0.1730
2587	13	Hide	7	4	-0.3879	0.1704
2588	13	Hide	7	4	-0.3874	0.1678
2589	13	Hide	7	4	-0.3868	0.1653
2590	13	Hide	7	4	-0.3862	0.1627
2591	13	Hide	7	4	-0.3856	0.1602
2592	13	Hide	7	4	-0.3850	0.1576
2593	13	Hide	7	4	-0.3844	0.1550
2594	13	Hide	7	4	-0.3839	0.1525
2595	13	Hide	7	4	-0.3833	0.1499
2596	13	Hide	7	4	-0.3827	0.1474
2597	13	Hide	7	4	-0.3821	0.1448
2598	13	Hide	7	4	-0.3815	0.1422
2599	13	Hide	7	4	-0.3810	0.1397
2600	13	Hide	7	4	-0.3804	0.1371
2601	13	Hide	7	4	-0.3798	0.1346
2602	13	Hide	7	4	-0.3792	0.1320
2603	13	Hide	7	4	-0.3786	0.1294
2604	13	Hide	7	4	-0.3781	0.1269
2605	13	Hide	7	4	-0.3775	0.1243
2606	13	Hide	7	4	-0.3769	0.1218
2607	13	Hide	7	4	-0.3763	0.1192
2608	13	Hide	7	4	-0.3757	0.1166
2609	13	Hide	7	4	-0.3751	0.1141
2610	13	Hide	7	4	-0.3746	0.1115
2611	13	Hide	7	4	-0.3740	0.1090
2612	13	Hide	7	4	-0.3734	0.1064
2613	13	Hide	7	4	-0.3728	0.1038
2614	13	Hide	7	4	-0.3722	0.1013
2615	13	Hide	7	4	-0.3717	0.0987
2616	13	Hide	7	4	-0.3711	0.0962
2617	13	Hide	7	4	-0.3705	0.0936
2618	13	Hide	7	4	-0.3699	0.0910
2619	13	Hide	7	4	-0.3693	0.0885
2620	13	Hide	7	4	-0.3688	0.0859
2621	13	Hide	7	4	-0.3682	0.0834
2622	13	Hide	7	4	-0.3676	0.0808
2623	13	Hide	7	4	-0.3670	0.0782
2624	13	Hide	7	4	-0.3664	0.0757
2625	13	Hide	7	4	-0.3658	0.0731
2626	13	Hide	7	4	-0.3653	0.0706
2627	13	Hide	7	4	-0.3647	0.0680
2628	13	Hide	7	4	-0.3641	0.0654
2629	13	Hide	7	4	-0.3635	0.0629
2630	13	Hide	7	4	-0.3629	0.0603
2631	13	Hide	7	4	-0.3624	0.0578
2632	13	Hide	7	4	-0.3618	0.0552
2633	13	Hide	7	4	-0.3612	0.0526
2634	13	Hide	7	4	-0.3606	0.0501
2635	13	Hide	7	4	-0.3600	0.0475
2636	13	Hide	7	4	-0.3595	0.0450
2637	13	Hide	7	4	-0.3589	0.0424
2638	13	Hide	7	4	-0.3583	0.0398
2639	13	Hide	7	4	-0.3577	0.0373
2640	13	Hide	7	4	-0.3571	0.0347
2641	13	Hide	7	4	-0.3565	0.0322
2642	13	Hide	7	4	-0.3560	0.0296
2643	13	Hide	7	4	-0.3554	0.0271
2644	13	Hide	7	4	-0.3548	0.0245
2645	13	Hide	7	4	-0.3542	0.0219
2646	13	Hide	7	4	-0.3536	0.0194
2647	13	Hide	7	4	-0.3531	0.0168
2648	13	Hide	7	4	-0.3525	0.0143
2649	13	Hide	7	4	-0.3519	0.0117
2650	13	Hide	7	4	-0.3513	0.0091
2651	13	Hide	7	4	-0.3507	0.0066
2652	13	Hide	7	4	-0.3501	0.0040
2653	13	Hide	7	4	-0.3496	0.0015
2654	13	Hide	7	4	-0.3490	-0.0011
2655	13	Hide	7	4	-0.3484	-0.0037
2656	13	Hide	7	4	-0.3478	-0.0062
2657	13	Hide	7	4	-0.3472	-0.0088
2658	13	Hide	7	4	-0.3467	-0.0113
2659	13	Hide	7	4	-0.3461	-0.0139
2660	13	Hide	7	4	-0.3455	-0.0165
2661	13	Hide	7	4	-0.3449	-0.0190
2662	13	Hide	7	4	-0.3443	-0.0216
2663	13	Hide	7	4	-0.3437	-0.0241
2664	13	Hide	7	4	-0.3432	-0.0267
2665	13	Hide	7	4	-0.3426	-0.0293
2666	13	Hide	7	4	-0.3420	-0.0318
2667	13	Hide	7	4	-0.3414	-0.0344
2668	13	Hide	7	4	-0.3408	-0.0369
2669	13	Hide	7	4	-0.3403	-0.0395
2670	13	Hide	7	4	-0.3397	-0.0421
2671	13	Hide	7	4	-0.3391	-0.0446
2672	13	Hide	7	4	-0.3385	-0.0472
2673	13	Hide	7	4	-0.3379	-0.0497
2674	13	Hide	7	4	-0.3373	-0.0523
2675	13	Hide	7	4	-0.3368	-0.0549
2676	13	Hide	7	4	-0.3362	-0.0574
2677	13	Hide	7	4	-0.3356	-0.0600
2678	13	Hide	7	4	-0.3350	-0.0625
2679	13	Hide	7	4	-0.3344	-0.0651
2680	13	Hide	7	4	-0.3339	-0.0677
2681	13	Hide	7	4	-0.3333	-0.0702
2682	13	Hide	7	4	-0.3327	-0.0728
2683	13	Hide	7	4	-0.3321	-0.0753
2684	13	Hide	7	4	-0.3315	-0.0779
2685	13	Hide	7	4	-0.3309	-0.0804
2686	13	Hide	7	4	-0.3304	-0.0830
2687	13	Hide	7	4	-0.3298	-0.0856
2688	13	Hide	7	4	-0.3292	-0.0881
2689	13	Hide	7	4	-0.3286	-0.0907
2690	13	Hide	7	4	-0.3280	-0.0932
2691	13	Hide	7	4	-0.3274	-0.0958
2692	13	Hide	7	4	-0.3269	-0.0984
2693	13	Hide	7	4	-0.3263	-0.1009
2694	13	Hide	7	4	-0.3257	-0.1035
2695	13	Hide	7	4	-0.3251	-0.1060
2696	13	Hide	7	4	-0.3245	-0.1086
2697	13	Hide	7	4	-0.3240	-0.1112
2698	13	Hide	7	4	-0.3234	-0.1137
2699	13	Hide	7	4	-0.3228	-0.1163
2700	13	Hide	7	4	-0.3222	-0.1188
2701	13	Hide	7	4	-0.3216	-0.1214
2702	13	Hide	7	4	-0.3210	-0.1240
2703	13	Hide	7	4	-0.3205	-0.1265
2704	13	Hide	7	4	-0.3199	-0.1291
2705	13	Hide	7	4	-0.3193	-0.1316
2706	13	Hide	7	4	-0.3187	-0.1342
2707	13	Hide	7	4	-0.3181	-0.1368
2708	13	Hide	7	4	-0.3175	-0.1393
2709	13	Hide	7	4	-0.3170	-0.1419
2710	13	Hide	7	4	-0.3164	-0.1444
2711	13	Hide	7	4	-0.3158	-0.1470
2712	13	Hide	7	4	-0.3152	-0.1496
2713	13	Hide	7	4	-0.3146	-0.1521
2714	13	Hide	7	4	-0.3141	-0.1547
2715	13	Hide	7	4	-0.3135	-0.1572
2716	13	Hide	7	4	-0.3129	-0.1598
2717	13	Hide	7	4	-0.3123	-0.1623
2718	13	Hide	7	4	-0.3117	-0.1649
2719	13	Hide	7	4	-0.3111	-0.1675
2720	13	Hide	7	4	-0.3106	-0.1700
2721	13	Hide	7	4	-0.3100	-0.1726
2722	13	Hide	7	4	-0.3094	-0.1751
2723	13	Hide	7	4	-0.3088	-0.1777
2724	13	Hide	7	4	-0.3082	-0.1803
2725	13	Hide	7	4	-0.3076	-0.1828
2726	13	Hide	7	4	-0.3071	-0.1854
2727	13	Hide	7	4	-0.3065	-0.1879
2728	13	Hide	7	4	-0.3059	-0.1905
2729	13	Hide	7	4	-0.3053	-0.1931
2730	13	Hide	7	4	-0.3047	-0.1956
2731	13	Hide	7	4	-0.3041	-0.1982
2732	13	Hide	7	4	-0.3036	-0.2007
2733	13	Hide	7	4	-0.3030	-0.2033
2734	13	Hide	7	4	-0.3024	-0.2059
2735	13	Hide	7	4	-0.3018	-0.2084
2736	13	Hide	7	4	-0.3012	-0.2110
2737	13	Hide	7	4	-0.3007	-0.2135
2738	13	Hide	7	4	-0.3001	-0.2161
2739	13	Hide	7	4	-0.2995	-0.2187
2740	13	Hide	7	4	-0.2989	-0.2212
2741	13	Hide	7	4	-0.2983	-0.2238
2742	13	Hide	7	4	-0.2977	-0.2263
2743	13	Hide	7	4	-0.2972	-0.2289
2744	13	Hide	7	4	-0.2966	-0.2314
2745	13	Hide	7	4	-0.2960	-0.2340
2746	13	Hide	7	4	-0.2954	-0.2366
2747	13	Hide	7	4	-0.2948	-0.2391
2748	13	Hide	7	4	-0.2942	-0.2417
2749	13	Hide	7	4	-0.2937	-0.2442
2750	13	Hide	7	4	-0.2931	-0.2468
2751	13	Hide	7	4	-0.2925	-0.2494
2752	13	Hide	7	4	-0.2919	-0.2519
2753	13	Hide	7	4	-0.2913	-0.2545
2754	13	Hide	7	4	-0.2907	-0.2570
2755	13	Hide	7	4	-0.2902	-0.2596
2756	13	Hide	7	4	-0.2896	-0.2622
2757	13	Hide	7	4	-0.2890	-0.2647
2758	13	Hide	7	4	-0.2884	-0.2673
2759	13	Hide	7	4	-0.2878	-0.2698
2760	13	Hide	7	4	-0.2872	-0.2724
2761	13	Hide	7	4	-0.2867	-0.2750
2762	13	Hide	7	4	-0.2861	-0.2775
2763	13	Hide	7	4	-0.2855	-0.2801
2764	13	Hide	7	4	-0.2849	-0.2826
2765	13	Hide	7	4	-0.2843	-0.2852
2766	13	Hide	7	4	-0.2837	-0.2878
2767	13	Hide	7	4	-0.2832	-0.2903
2768	13	Hide	7	4	-0.2826	-0.2929
2769	13	Hide	7	4	-0.2820	-0.2954
2770	13	Hide	7	4	-0.2814	-0.2980
2771	13	Hide	7	4	-0.2808	-0.3005
2772	13	Hide	7	4	-0.2802	-0.3031
2773	13	Hide	7	4	-0.2797	-0.3057
2774	13	Hide	7	4	-0.2791	-0.3082
2775	13	Hide	7	4	-0.2785	-0.3108
2776	13	Hide	7	4	-0.2779	-0.3133
2777	13	Hide	7	4	-0.2773	-0.3159
2778	13	Hide	7	4	-0.2767	-0.3185
2779	13	Hide	7	4	-0.2762	-0.3210
2780	13	Hide	7	4	-0.2756	-0.3236
2781	13	Hide	7	4	-0.2750	-0.3261
2782	13	Hide	7	4	-0.2744	-0.3287
2783	13	Hide	7	4	-0.2738	-0.3313
2784	13	Hide	7	4	-0.2732	-0.3338
2785	13	Hide	7	4	-0.2727	-0.3364
2786	13	Hide	7	4	-0.2721	-0.3389
2787	13	Hide	7	4	-0.2715	-0.3415
2788	13	Hide	7	4	-0.2709	-0.3441
2789	13	Hide	7	4	-0.2703	-0.3466
2790	13	Hide	7	4	-0.2697	-0.3492
2791	13	Hide	7	4	-0.2692	-0.3517
2792	13	Hide	7	4	-0.2686	-0.3543
2793	13	Hide	7	4	-0.2680	-0.3569
2794	13	Hide	7	4	-0.2674	-0.3594
2795	13	Hide	7	4	-0.2668	-0.3620
2796	13	Hide	7	4	-0.2662	-0.3645
2797	13	Hide	7	4	-0.2657	-0.3671
2798	13	Hide	7	4	-0.2651	-0.3696
2799	13	Hide	7	4	-0.2645	-0.3722
2800	13	Hide	7	4	-0.2639	-0.3748
2801	13	Hide	7	4	-0.2633	-0.3773
2802	13	Hide	7	4	-0.2627	-0.3799
2803	13	Hide	7	4	-0.2622	-0.3824
2804	13	Hide	7	4	-0.2616	-0.3850
2805	13	Hide	7	4	-0.2610	-0.3876
2806	13	Hide	7	4	-0.2604	-0.3901
2807	13	Hide	7	4	-0.2598	-0.3927
2808	13	Hide	7	4	-0.2592	-0.3952
2809	13	Hide	7	4	-0.2587	-0.3978
2810	13	Hide	7	4	-0.2581	-0.4004
2811	13	Hide	7	4	-0.2575	-0.4029
2812	13	Hide	7	4	-0.2569	-0.4055
2813	13	Hide	7	4	-0.2563	-0.4080
2814	13	Hide	7	4	-0.2557	-0.4106
2815	13	Hide	7	4	-0.2552	-0.4132
2816	13	Hide	7	4	-0.2546	-0.4157
2817	13	Hide	7	4	-0.2540	-0.4183
2818	13	Hide	7	4	-0.2534	-0.4208
2819	13	Hide	7	4	-0.2528	-0.4234
2820	13	Hide	7	4	-0.2522	-0.4259
2821	13	Hide	7	4	-0.2516	-0.4285
2822	13	Hide	7	4	-0.2511	-0.4311
2823	13	Hide	7	4	-0.2505	-0.4336
2824	13	Hide	7	4	-0.2499	-0.4362
2825	13	Hide	7	4	-0.2493	-0.4387
2826	13	Hide	7	4	-0.2487	-0.4413
2827	13	Hide	7	4	-0.2481	-0.4439
2828	13	Hide	7	4	-0.2476	-0.4464
2829	13	Hide	7	4	-0.2470	-0.4490
2830	13	Hide	7	4	-0.2464	-0.4515
2831	13	Hide	7	4	-0.2458	-0.4541
2832	13	Hide	7	4	-0.2452	-0.4567
2833	13	Hide	7	4	-0.2446	-0.4592
2834	13	Hide	7	4	-0.2441	-0.4618
2835	13	Hide	7	4	-0.2435	-0.4643
2836	13	Hide	7	4	-0.2429	-0.4669
2837	13	Hide	7	4	-0.2423	-0.4694
2838	13	Hide	7	4	-0.2423	-0.4695
2839	13	Hide	7	4	-0.2423	-0.4695
2840	13	Hide	7	4	-0.2423	-0.4695
2841	13	Hide	7	4	-0.2423	-0.4695
2842	13	Hide	7	4	-0.2423	-0.4695
2843	13	Hide	7	4	-0.2423	-0.4695
2844	13	Hide	7	4	-0.2423	-0.4695
2845	13	Hide	7	4	-0.2423	-0.4695
2846	13	Hide	7	4	-0.2423	-0.4695
2847	13	Hide	7	4	-0.2423	-0.4695
2848	13	Hide	7	4	-0.2423	-0.4695
2849	13	Hide	7	4	-0.2423	-0.4695
2850	13	Hide	7	4	-0.2423	-0.4695
2851	13	Hide	7	4	-0.2423	-0.4695
2852	13	Hide	7	4	-0.2423	-0.4695
2853	13	Hide	7	4	-0.2423	-0.4695
2854	13	Hide	7	4	-0.2423	-0.4695
2855	13	Hide	7	4	-0.2423	-0.4695
2856	13	Hide	7	4	-0.2423	-0.4695
2857	13	Hide	7	4	-0.2423	-0.4695
2858	13	Hide	7	4	-0.2423	-0.4695
2859	13	Hide	7	4	-0.2423	-0.4695
2860	13	Hide	7	4	-0.2423	-0.4695
2861	13	Hide	7	4	-0.2423	-0.4695
2862	13	Hide	7	4	-0.2423	-0.4695
2863	13	Hide	7	4	-0.2423	-0.4695
2864	13	Hide	7	4	-0.2423	-0.4695
2865	13	Hide	7	4	-0.2423	-0.4695
2866	13	Hide	7	4	-0.2423	-0.4695
2867	13	Hide	7	4	-0.2423	-0.4695
2868	13	Hide	7	4	-0.2423	-0.4695
2869	13	Hide	7	4	-0.2423	-0.4695
2870	13	Hide	7	4	-0.2423	-0.4695
2871	13	Hide	7	4	-0.2423	-0.4695
2872	13	Hide	7	4	-0.2423	-0.4695
2873	13	Hide	7	4	-0.2423	-0.4695
2874	13	Hide	7	4	-0.2423	-0.4695
2875	13	Hide	7	4	-0.2423	-0.4695
2876	13	Hide	7	4	-0.2423	-0.4695
2877	13	Hide	7	4	-0.2423	-0.4695
2878	13	Hide	7	4	-0.2423	-0.4695
2879	13	Hide	7	4	-0.2423	-0.4695
2880	13	Hide	7	4	-0.2423	-0.4695
2881	13	Hide	7	4	-0.2423	-0.4695
2882	13	Hide	7	4	-0.2423	-0.4695
2883	13	Hide	7	4	-0.2423	-0.4695
2884	13	Hide	7	4	-0.2423	-0.4695
2885	13	Hide	7	4	-0.2423	-0.4695
2886	13	Hide	7	4	-0.2423	-0.4695
2887	13	Hide	7	4	-0.2423	-0.4695
2888	13	Hide	7	4	-0.2423	-0.4695
2889	13	Hide	7	4	-0.2423	-0.4695
2890	13	Hide	7	4	-0.2423	-0.4695
2891	13	Hide	7	4	-0.2423	-0.4695
2892	13	Hide	7	4	-0.2423	-0.4695
2893	13	Hide	7	4	-0.2423	-0.4695
2894	13	Hide	7	4	-0.2423	-0.4695
2895	13	Hide	7	4	-0.2423	-0.4695
2896	13	Hide	7	4	-0.2423	-0.4695
2897	13	Hide	7	4	-0.2423	-0.4695
2898	13	Hide	7	4	-0.2423	-0.4695
2899	13	Hide	7	4	-0.2423	-0.4695
2900	13	Hide	7	4	-0.2423	-0.4695
2901	13	Hide	7	4	-0.2423	-0.4695
2902	13	Hide	7	4	-0.2423	-0.4695
2903	13	Hide	7	4	-0.2423	-0.4695
2904	13	Hide	7	4	-0.2423	-0.4695
2905	13	Hide	7	4	-0.2423	-0.4695
2906	13	Hide	7	4	-0.2423	-0.4695
2907	13	Hide	7	4	-0.2423	-0.4695
2908	13	Hide	7	4	-0.2423	-0.4695
2909	13	Hide	7	4	-0.2423	-0.4695
2910	13	Hide	7	4	-0.2423	-0.4695
2911	13	Hide	7	4	-0.2423	-0.4695
2912	13	Hide	7	4	-0.2423	-0.4695
2913	13	Hide	7	4	-0.2423	-0.4695
2914	13	Hide	7	4	-0.2423	-0.4695
2915	13	Hide	7	4	-0.2423	-0.4695
2916	13	Hide	7	4	-0.2423	-0.4695
2917	13	Hide	7	4	-0.2423	-0.4695
2918	13	Hide	7	4	-0.2423	-0.4695
2919	13	Hide	7	4	-0.2423	-0.4695
2920	13	Hide	7	4	-0.2423	-0.4695
2921	13	Hide	7	4	-0.2423	-0.4695
2922	13	Hide	7	4	-0.2423	-0.4695
2923	13	Hide	7	4	-0.2423	-0.4695
2924	13	Hide	7	4	-0.2423	-0.4695
2925	13	Hide	7	4	-0.2423	-0.4695
2926	13	Hide	7	4	-0.2423	-0.4695
2927	13	Hide	7	4	-0.2423	-0.4695
2928	13	Hide	7	4	-0.2423	-0.4695
2929	13	Hide	7	4	-0.2423	-0.4695
2930	13	Hide	7	4	-0.2423	-0.4695
2931	13	Hide	7	4	-0.2423	-0.4695
2932	13	Hide	7	4	-0.2423	-0.4695
2933	13	Hide	7	4	-0.2423	-0.4695
2934	13	Hide	7	4	-0.2423	-0.4695
2935	13	Hide	7	4	-0.2423	-0.4695
2936	13	Hide	7	4	-0.2423	-0.4695
2937	13	Explore	7	4	-0.2423	-0.4695
2938	14	Explore	6	5	-0.2423	-0.4694
2939	14	Explore	6	5	-0.2423	-0.4694
2940	14	Explore	6	5	-0.2422	-0.4694
2941	14	Explore	6	5	-0.2422	-0.4694
2942	14	Explore	6	5	-0.2422	-0.4694
2943	14	Explore	6	5	-0.2422	-0.4693
2944	14	Explore	6	5	-0.2422	-0.4693
2945	14	Explore	6	5	-0.2422	-0.4693
2946	14	Explore	6	5	-0.2421	-0.4693
2947	14	Explore	6	5	-0.2421	-0.4693
2948	14	Explore	6	5	-0.2421	-0.4693
2949	14	Explore	6	5	-0.2421	-0.4692
2950	14	Explore	6	5	-0.2421	-0.4692
2951	14	Explore	6	5	-0.2421	-0.4692
2952	14	Explore	6	5	-0.2420	-0.4692
2953	14	Explore	6	5	-0.2420	-0.4692
2954	14	Explore	6	5	-0.2420	-0.4692
2955	14	Explore	6	5	-0.2420	-0.4691
2956	14	Explore	6	5	-0.2420	-0.4691
2957	14	Explore	6	5	-0.2420	-0.4691
2958	14	Explore	6	5	-0.2420	-0.4691
2959	14	Explore	6	5	-0.2419	-0.4691
2960	14	Explore	6	5	-0.2419	-0.4691
2961	14	Explore	6	5	-0.2419	-0.4690
2962	14	Explore	6	5	-0.2419	-0.4690
2963	14	Explore	6	5	-0.2419	-0.4690
2964	14	Explore	6	5	-0.2418	-0.4690
2965	14	Explore	6	5	-0.2418	-0.4690
2966	14	Explore	6	5	-0.2418	-0.4685
2967	14	Explore	6	5	-0.2418	-0.4680
2968	14	Explore	6	5	-0.2418	-0.4675
2969	14	Explore	6	5	-0.2418	-0.4670
2970	14	Explore	6	5	-0.2418	-0.4666
2971	14	Explore	6	5	-0.2418	-0.4663
2972	14	Explore	6	5	-0.2418	-0.4659
2973	14	Explore	6	5	-0.2418	-0.4653
2974	14	Explore	6	5	-0.2418	-0.4648
2975	14	Explore	6	5	-0.2418	-0.4643
2976	14	Explore	6	5	-0.2418	-0.4639
2977	14	Explore	6	5	-0.2418	-0.4635
2978	14	Explore	6	5	-0.2418	-0.4632
2979	14	Explore	6	5	-0.2418	-0.4630
2980	14	Explore	6	5	-0.2418	-0.4629
2981	14	Eat	6	5	-0.2418	-0.4629
2982	15	Eat	5	6	-0.2396	-0.4619
2983	15	Eat	5	6	-0.2372	-0.4609
2984	15	Eat	5	6	-0.2348	-0.4599
2985	15	Eat	5	6	-0.2324	-0.4588
2986	15	Eat	5	6	-0.2300	-0.4577
2987	15	Eat	5	6	-0.2276	-0.4565
2988	15	Eat	5	6	-0.2253	-0.4553
2989	15	Eat	5	6	-0.2229	-0.4541
2990	15	Eat	5	6	-0.2206	-0.4528
2991	15	Eat	5	6	-0.2184	-0.4515
2992	15	Eat	5	6	-0.2161	-0.4502
2993	15	Eat	5	6	-0.2138	-0.4488
2994	15	Eat	5	6	-0.2116	-0.4474
2995	15	Eat	5	6	-0.2094	-0.4460
2996	15	Eat	5	6	-0.2072	-0.4446
2997	15	Eat	5	6	-0.2051	-0.4431
2998	15	Eat	5	6	-0.2029	-0.4416
2999	15	Eat	5	6	-0.2007	-0.4401
3000	15	Eat	5	6	-0.1986	-0.4386
3001	15	Eat	5	6	-0.1965	-0.4370
3002	15	Eat	5	6	-0.1944	-0.4354
3003	15	Eat	5	6	-0.1923	-0.4339
3004	15	Eat	5	6	-0.1902	-0.4322
3005	15	Eat	5	6	-0.1882	-0.4306
3006	15	Eat	5	6	-0.1861	-0.4290
3007	15	Eat	5	6	-0.1841	-0.4273
3008	15	Eat	5	6	-0.1820	-0.4257
3009	15	Eat	5	6	-0.1800	-0.4240
3010	15	Eat	5	6	-0.1780	-0.4223
3011	15	Eat	5	6	-0.1760	-0.4206
3012	15	Eat	5	6	-0.1741	-0.4189
3013	15	Eat	5	6	-0.1721	-0.4171
3014	15	Eat	5	6	-0.1701	-0.4154
3015	15	Eat	5	6	-0.1682	-0.4136
3016	15	Eat	5	6	-0.1662	-0.4119
3017	15	Eat	5	6	-0.1643	-0.4101
3018	15	Eat	5	6	-0.1624	-0.4083
3019	15	Eat	5	6	-0.1604	-0.4065
3020	15	Eat	5	6	-0.1585	-0.4047
3021	15	Eat	5	6	-0.1566	-0.4029
3022	15	Eat	5	6	-0.1547	-0.4011
3023	15	Eat	5	6	-0.1528	-0.3993
3024	15	Eat	5	6	-0.1510	-0.3975
3025	15	Eat	5	6	-0.1491	-0.3956
3026	15	Eat	5	6	-0.1472	-0.3938
3027	15	Eat	5	6	-0.1454	-0.3919
3028	15	Eat	5	6	-0.1435	-0.3901
3029	15	Eat	5	6	-0.1416	-0.3882
3030	15	Eat	5	6	-0.1398	-0.3863
3031	15	Eat	5	6	-0.1380	-0.3845
3032	15	Eat	5	6	-0.1361	-0.3826
3033	15	Eat	5	6	-0.1343	-0.3807
3034	15	Eat	5	6	-0.1325	-0.3788
3035	15	Eat	5	6	-0.1307	-0.3769
3036	15	Eat	5	6	-0.1289	-0.3750
3037	15	Eat	5	6	-0.1271	-0.3731
3038	15	Eat	5	6	-0.1253	-0.3712
3039	15	Eat	5	6	-0.1235	-0.3693
3040	15	Eat	5	6	-0.1217	-0.3674
3041	15	Eat	5	6	-0.1199	-0.3654
3042	15	Eat	5	6	-0.1181	-0.3635
3043	15	Eat	5	6	-0.1163	-0.3616
3044	15	Eat	5	6	-0.1145	-0.3597
3045	15	Eat	5	6	-0.1128	-0.3577
3046	15	Eat	5	6	-0.1110	-0.3558
3047	15	Eat	5	6	-0.1092	-0.3538
3048	15	Eat	5	6	-0.1075	-0.3519
3049	15	Eat	5	6	-0.1057	-0.3499
3050	15	Eat	5	6	-0.1040	-0.3480
3051	15	Eat	5	6	-0.1022	-0.3460
3052	15	Eat	5	6	-0.1004	-0.3441
3053	15	Eat	5	6	-0.0987	-0.3421
3054	15	Eat	5	6	-0.0970	-0.3402
3055	15	Eat	5	6	-0.0952	-0.3382
3056	15	Eat	5	6	-0.0935	-0.3362
3057	15	Eat	5	6	-0.0917	-0.3343
3058	15	Eat	5	6	-0.0900	-0.3323
3059	15	Eat	5	6	-0.0883	-0.3303
3060	15	Eat	5	6	-0.0866	-0.3283
3061	15	Eat	5	6	-0.0848	-0.3264
3062	15	Eat	5	6	-0.0831	-0.3244
3063	15	Eat	5	6	-0.0814	-0.3224
3064	15	Eat	5	6	-0.0797	-0.3204
3065	15	Eat	5	6	-0.0780	-0.3184
3066	15	Eat	5	6	-0.0763	-0.3164
3067	15	Eat	5	6	-0.0745	-0.3144
3068	15	Eat	5	6	-0.0728	-0.3124
3069	15	Eat	5	6	-0.0711	-0.3104
3070	15	Eat	5	6	-0.0694	-0.3084
3071	15	Eat	5	6	-0.0677	-0.3064
3072	15	Eat	5	6	-0.0660	-0.3044
3073	15	Eat	5	6	-0.0643	-0.3024
3074	15	Eat	5	6	-0.0627	-0.3004
3075	15	Eat	5	6	-0.0610	-0.2984
3076	15	Eat	5	6	-0.0593	-0.2964
3077	15	Eat	5	6	-0.0576	-0.2944
3078	15	Eat	5	6	-0.0559	-0.2924
3079	15	Eat	5	6	-0.0542	-0.2904
3080	15	Eat	5	6	-0.0525	-0.2884
3081	15	Eat	5	6	-0.0509	-0.2863
3082	15	Eat	5	6	-0.0492	-0.2843
3083	15	Eat	5	6	-0.0475	-0.2823
3084	15	Eat	5	6	-0.0458	-0.2803
3085	15	Eat	5	6	-0.0442	-0.2783
3086	15	Eat	5	6	-0.0425	-0.2762
3087	15	Eat	5	6	-0.0408	-0.2742
3088	15	Eat	5	6	-0.0392	-0.2722
3089	15	Eat	5	6	-0.0375	-0.2701
3090	15	Eat	5	6	-0.0359	-0.2681
3091	15	Eat	5	6	-0.0358	-0.2681
3092	15	Eat	5	6	-0.0358	-0.2681
3093	15	Eat	5	6	-0.0358	-0.2681
3094	15	Eat	5	6	-0.0358	-0.2681
3095	15	Eat	5	6	-0.0358	-0.2681
3096	15	Eat	5	6	-0.0358	-0.2681
3097	15	Eat	5	6	-0.0358	-0.2681
3098	15	Eat	5	6	-0.0358	-0.2681
3099	15	Eat	5	6	-0.0358	-0.2681
3100	15	Eat	5	6	-0.0358	-0.2681
3101	15	Eat	5	6	-0.0358	-0.2681
3102	15	Eat	5	6	-0.0358	-0.2681
3103	15	Eat	5	6	-0.0358	-0.2681
3104	15	Eat	5	6	-0.0358	-0.2681
3105	15	Eat	5	6	-0.0358	-0.2681
3106	15	Eat	5	6	-0.0358	-0.2681
3107	15	Eat	5	6	-0.0358	-0.2681
3108	15	Eat	5	6	-0.0358	-0.2681
3109	15	Eat	5	6	-0.0358	-0.2681
3110	15	Eat	5	6	-0.0358	-0.2681
3111	15	Eat	5	6	-0.0358	-0.2681
3112	15	Eat	5	6	-0.0358	-0.2681
3113	15	Eat	5	6	-0.0358	-0.2681
3114	15	Eat	5	6	-0.0358	-0.2681
3115	15	Eat	5	6	-0.0358	-0.2681
3116	15	Eat	5	6	-0.0358	-0.2681
3117	15	Eat	5	6	-0.0358	-0.2681
3118	15	Eat	5	6	-0.0358	-0.2681
3119	15	Eat	5	6	-0.0358	-0.2681
3120	15	Eat	5	6	-0.0358	-0.2681
3121	15	Eat	5	6	-0.0358	-0.2681
3122	15	Eat	5	6	-0.0358	-0.2681
3123	15	Eat	5	6	-0.0358	-0.2681
3124	15	Eat	5	6	-0.0358	-0.2681
3125	15	Eat	5	6	-0.0358	-0.2681
3126	15	Eat	5	6	-0.0358	-0.2681
3127	15	Eat	5	6	-0.0358	-0.2681
3128	15	Eat	5	6	-0.0358	-0.2681
3129	15	Eat	5	6	-0.0358	-0.2681
3130	15	Eat	5	6	-0.0358	-0.2681
3131	15	Eat	5	6	-0.0358	-0.2681
3132	15	Eat	5	6	-0.0358	-0.2681
3133	15	Eat	5	6	-0.0359	-0.2681
3134	15	Eat	5	6	-0.0359	-0.2682
3135	15	Eat	5	6	-0.0361	-0.2684
3136	15	Eat	5	6	-0.0362	-0.2685
3137	15	Eat	5	6	-0.0362	-0.2685
3138	15	Eat	5	6	-0.0363	-0.2686
3139	15	Eat	5	6	-0.0362	-0.2687
3140	15	Eat	5	6	-0.0362	-0.2687
3141	15	Eat	5	6	-0.0361	-0.2687
3142	15	Eat	5	6	-0.0361	-0.2688
3143	15	Eat	5	6	-0.0361	-0.2688
3144	15	Eat	5	6	-0.0361	-0.2688
3145	15	Eat	5	6	-0.0361	-0.2688
3146	15	Eat	5	6	-0.0361	-0.2688
3147	15	Eat	5	6	-0.0361	-0.2688
3148	15	Eat	5	6	-0.0361	-0.2688
3149	15	Eat	5	6	-0.0361	-0.2688
3150	15	Eat	5	6	-0.0361	-0.2688
3151	15	Eat	5	6	-0.0361	-0.2688
3152	15	Eat	5	6	-0.0361	-0.2688
3153	15	Eat	5	6	-0.0361	-0.2688
3154	15	Eat	5	6	-0.0361	-0.2688
3155	15	Eat	5	6	-0.0361	-0.2688
3156	15	Eat	5	6	-0.0361	-0.2688
3157	15	Eat	5	6	-0.0361	-0.2688
3158	15	Eat	5	6	-0.0361	-0.2688
3159	15	Eat	5	6	-0.0361	-0.2688
3160	15	Eat	5	6	-0.0361	-0.2688
3161	15	Eat	5	6	-0.0361	-0.2688
3162	15	Eat	5	6	-0.0361	-0.2688
3163	15	Eat	5	6	-0.0361	-0.2688
3164	15	Eat	5	6	-0.0361	-0.2688
3165	15	Eat	5	6	-0.0361	-0.2688
3166	15	Eat	5	6	-0.0361	-0.2688
3167	15	Eat	5	6	-0.0361	-0.2688
3168	15	Eat	5	6	-0.0361	-0.2688
3169	15	Eat	5	6	-0.0362	-0.2688
3170	15	Eat	5	6	-0.0364	-0.2691
3171	15	Eat	5	6	-0.0364	-0.2691
3172	15	Eat	5	6	-0.0364	-0.2692
3173	15	Eat	5	6	-0.0364	-0.2692
3174	15	Eat	5	6	-0.0364	-0.2692
3175	15	Eat	5	6	-0.0364	-0.2692
3176	15	Eat	5	6	-0.0364	-0.2692
3177	15	Eat	5	6	-0.0364	-0.2692
3178	15	Eat	5	6	-0.0364	-0.2692
3179	15	Eat	5	6	-0.0364	-0.2692
3180	15	Eat	5	6	-0.0364	-0.2692
3181	15	Eat	5	6	-0.0364	-0.2692
3182	15	Eat	5	6	-0.0364	-0.2692
3183	15	Eat	5	6	-0.0364	-0.2692
3184	15	Eat	5	6	-0.0364	-0.2692
3185	15	Eat	5	6	-0.0364	-0.2692
3186	15	Eat	5	6	-0.0364	-0.2692
3187	15	Eat	5	6	-0.0364	-0.2692
3188	15	Eat	5	6	-0.0364	-0.2692
3189	15	Eat	5	6	-0.0364	-0.2692
3190	15	Eat	5	6	-0.0364	-0.2692
3191	15	Eat	5	6	-0.0364	-0.2692
3192	15	Eat	5	6	-0.0364	-0.2692
3193	15	Eat	5	6	-0.0364	-0.2692
3194	15	Eat	5	6	-0.0364	-0.2692
3195	15	Eat	5	6	-0.0364	-0.2692
3196	15	Eat	5	6	-0.0364	-0.2692
3197	15	Eat	5	6	-0.0364	-0.2692
3198	15	Eat	5	6	-0.0364	-0.2692
3199	15	Eat	5	6	-0.0364	-0.2692
3200	15	Eat	5	6	-0.0364	-0.2692
3201	15	Eat	5	6	-0.0364	-0.2692
3202	15	Eat	5	6	-0.0364	-0.2692
3203	15	Eat	5	6	-0.0364	-0.2692
3204	15	Eat	5	6	-0.0364	-0.2692
3205	15	Eat	5	6	-0.0364	-0.2692
3206	15	Eat	5	6	-0.0364	-0.2692
3207	15	Eat	5	6	-0.0364	-0.2692
3208	15	Eat	5	6	-0.0364	-0.2692
3209	15	Eat	5	6	-0.0364	-0.2692
3210	15	Eat	5	6	-0.0366	-0.2694
3211	15	Eat	5	6	-0.0366	-0.2694
3212	15	Eat	5	6	-0.0366	-0.2694
3213	15	Eat	5	6	-0.0366	-0.2694
3214	15	Eat	5	6	-0.0366	-0.2694
3215	15	Eat	5	6	-0.0366	-0.2694
3216	15	Eat	5	6	-0.0366	-0.2694
3217	15	Eat	5	6	-0.0366	-0.2694
3218	15	Eat	5	6	-0.0366	-0.2694
3219	15	Eat	5	6	-0.0366	-0.2694
3220	15	Eat	5	6	-0.0366	-0.2694
3221	15	Eat	5	6	-0.0366	-0.2694
3222	15	Eat	5	6	-0.0366	-0.2694
3223	15	Eat	5	6	-0.0366	-0.2694
3224	15	Eat	5	6	-0.0366	-0.2694
3225	15	Eat	5	6	-0.0366	-0.2694
3226	15	Eat	5	6	-0.0366	-0.2694
3227	15	Eat	5	6	-0.0366	-0.2694
3228	15	Eat	5	6	-0.0366	-0.2694
3229	15	Eat	5	6	-0.0366	-0.2694
3230	15	Eat	5	6	-0.0366	-0.2694
3231	15	Eat	5	6	-0.0366	-0.2694
3232	15	Eat	5	6	-0.0366	-0.2694
3233	15	Eat	5	6	-0.0366	-0.2694
3234	15	Eat	5	6	-0.0366	-0.2694
3235	15	Eat	5	6	-0.0366	-0.2694
3236	15	Eat	5	6	-0.0366	-0.2694
3237	15	Eat	5	6	-0.0366	-0.2694
3238	15	Eat	5	6	-0.0366	-0.2694
3239	15	Eat	5	6	-0.0366	-0.2694
3240	15	Eat	5	6	-0.0366	-0.2694
3241	15	Eat	5	6	-0.0366	-0.2694
3242	15	Eat	5	6	-0.0366	-0.2694
3243	15	Eat	5	6	-0.0366	-0.2694
3244	15	Eat	5	6	-0.0366	-0.2694
3245	15	Eat	5	6	-0.0366	-0.2694
3246	15	Eat	5	6	-0.0366	-0.2694
3247	15	Eat	5	6	-0.0366	-0.2694
3248	15	Eat	5	6	-0.0366	-0.2694
3249	15	Eat	5	6	-0.0366	-0.2694
3250	15	Explore	5	0	-0.0366	-0.2694
3251	16	Hide	4	1	-0.0349	-0.2673
3252	17	Hide	3	2	-0.0349	-0.2673
3253	17	Hide	3	2	-0.0349	-0.2674
3254	17	Hide	3	2	-0.0349	-0.2674
3255	17	Hide	3	2	-0.0349	-0.2674
3256	17	Hide	3	2	-0.0348	-0.2674
3257	17	Hide	3	2	-0.0348	-0.2674
3258	17	Hide	3	2	-0.0348	-0.2674
3259	17	Hide	3	2	-0.0327	-0.2659
3260	17	Hide	3	2	-0.0306	-0.2644
3261	17	Hide	3	2	-0.0284	-0.2628
3262	17	Hide	3	2	-0.0263	-0.2613
3263	17	Hide	3	2	-0.0242	-0.2598
3264	17	Hide	3	2	-0.0220	-0.2582
3265	17	Hide	3	2	-0.0199	-0.2567
3266	17	Hide	3	2	-0.0178	-0.2552
3267	17	Hide	3	2	-0.0156	-0.2537
3268	17	Hide	3	2	-0.0135	-0.2521
3269	17	Hide	3	2	-0.0114	-0.2506
3270	17	Hide	3	2	-0.0092	-0.2491
3271	17	Hide	3	2	-0.0071	-0.2475
3272	17	Hide	3	2	-0.0050	-0.2460
3273	17	Hide	3	2	-0.0028	-0.2445
3274	17	Hide	3	2	-0.0007	-0.2429
3275	17	Hide	3	2	0.0014	-0.2414
3276	17	Hide	3	2	0.0036	-0.2399
3277	17	Hide	3	2	0.0057	-0.2383
3278	17	Hide	3	2	0.0078	-0.2368
3279	17	Hide	3	2	0.0100	-0.2353
3280	17	Hide	3	2	0.0121	-0.2338
3281	17	Hide	3	2	0.0142	-0.2322
3282	17	Hide	3	2	0.0163	-0.2307
3283	17	Hide	3	2	0.0185	-0.2292
3284	17	Hide	3	2	0.0206	-0.2276
3285	17	Hide	3	2	0.0227	-0.2261
3286	17	Hide	3	2	0.0249	-0.2246
3287	17	Hide	3	2	0.0270	-0.2230
3288	17	Hide	3	2	0.0291	-0.2215
3289	17	Hide	3	2	0.0313	-0.2200
3290	17	Hide	3	2	0.0334	-0.2184
3291	17	Hide	3	2	0.0355	-0.2169
3292	17	Hide	3	2	0.0377	-0.2154
3293	17	Hide	3	2	0.0398	-0.2139
3294	17	Hide	3	2	0.0419	-0.2123
3295	17	Hide	3	2	0.0441	-0.2108
3296	17	Hide	3	2	0.0462	-0.2093
3297	17	Hide	3	2	0.0483	-0.2077
3298	17	Hide	3	2	0.0505	-0.2062
3299	17	Hide	3	2	0.0526	-0.2047
3300	17	Hide	3	2	0.0547	-0.2031
3301	17	Hide	3	2	0.0569	-0.2016
3302	17	Hide	3	2	0.0590	-0.2001
3303	17	Hide	3	2	0.0611	-0.1985
3304	17	Hide	3	2	0.0633	-0.1970
3305	17	Hide	3	2	0.0654	-0.1955
3306	17	Hide	3	2	0.0675	-0.1939
3307	17	Hide	3	2	0.0696	-0.1924
3308	17	Hide	3	2	0.0718	-0.1909
3309	17	Hide	3	2	0.0739	-0.1894
3310	17	Hide	3	2	0.0760	-0.1878
3311	17	Hide	3	2	0.0782	-0.1863
3312	17	Hide	3	2	0.0803	-0.1848
3313	17	Hide	3	2	0.0824	-0.1832
3314	17	Hide	3	2	0.0846	-0.1817
3315	17	Hide	3	2	0.0867	-0.1802
3316	17	Hide	3	2	0.0888	-0.1786
3317	17	Hide	3	2	0.0910	-0.1771
3318	17	Hide	3	2	0.0931	-0.1756
3319	17	Hide	3	2	0.0952	-0.1740
3320	17	Hide	3	2	0.0974	-0.1725
3321	17	Hide	3	2	0.0995	-0.1710
3322	17	Hide	3	2	0.1016	-0.1695
3323	17	Hide	3	2	0.1038	-0.1679
3324	17	Hide	3	2	0.1059	-0.1664
3325	17	Hide	3	2	0.1080	-0.1649
3326	17	Hide	3	2	0.1102	-0.1633
3327	17	Hide	3	2	0.1123	-0.1618
3328	17	Hide	3	2	0.1144	-0.1603
3329	17	Hide	3	2	0.1166	-0.1587
3330	17	Hide	3	2	0.1187	-0.1572
3331	17	Hide	3	2	0.1208	-0.1557
3332	17	Hide	3	2	0.1229	-0.1541
3333	17	Hide	3	2	0.1251	-0.1526
3334	17	Hide	3	2	0.1272	-0.1511
3335	17	Hide	3	2	0.1293	-0.1495
3336	17	Hide	3	2	0.1315	-0.1480
3337	17	Hide	3	2	0.1336	-0.1465
3338	17	Hide	3	2	0.1357	-0.1450
3339	17	Hide	3	2	0.1379	-0.1434
3340	17	Hide	3	2	0.1400	-0.1419
3341	17	Hide	3	2	0.1421	-0.1404
3342	17	Hide	3	2	0.1443	-0.1388
3343	17	Hide	3	2	0.1464	-0.1373
3344	17	Hide	3	2	0.1485	-0.1358
3345	17	Hide	3	2	0.1507	-0.1342
3346	17	Hide	3	2	0.1528	-0.1327
3347	17	Hide	3	2	0.1549	-0.1312
3348	17	Hide	3	2	0.1571	-0.1296
3349	17	Hide	3	2	0.1592	-0.1281
3350	17	Hide	3	2	0.1613	-0.1266
3351	17	Hide	3	2	0.1635	-0.1250
3352	17	Hide	3	2	0.1656	-0.1235
3353	17	Hide	3	2	0.1677	-0.1220
3354	17	Hide	3	2	0.1699	-0.1205
3355	17	Hide	3	2	0.1720	-0.1189
3356	17	Hide	3	2	0.1741	-0.1174
3357	17	Hide	3	2	0.1762	-0.1159
3358	17	Hide	3	2	0.1784	-0.1143
3359	17	Hide	3	2	0.1805	-0.1128
3360	17	Hide	3	2	0.1826	-0.1113
3361	17	Hide	3	2	0.1848	-0.1097
3362	17	Hide	3	2	0.1869	-0.1082
3363	17	Hide	3	2	0.1890	-0.1067
3364	17	Hide	3	2	0.1912	-0.1051
3365	17	Hide	3	2	0.1933	-0.1036
3366	17	Hide	3	2	0.1954	-0.1021
3367	17	Hide	3	2	0.1976	-0.1006
3368	17	Hide	3	2	0.1997	-0.0990
3369	17	Hide	3	2	0.2018	-0.0975
3370	17	Hide	3	2	0.2040	-0.0960
3371	17	Hide	3	2	0.2061	-0.0944
3372	17	Hide	3	2	0.2082	-0.0929
3373	17	Hide	3	2	0.2104	-0.0914
3374	17	Hide	3	2	0.2125	-0.0898
3375	17	Hide	3	2	0.2146	-0.0883
3376	17	Hide	3	2	0.2168	-0.0868
3377	17	Hide	3	2	0.2189	-0.0852
3378	17	Hide	3	2	0.2210	-0.0837
3379	17	Hide	3	2	0.2231	-0.0822
3380	17	Hide	3	2	0.2253	-0.0806
3381	17	Hide	3	2	0.2274	-0.0791
3382	17	Hide	3	2	0.2295	-0.0776
3383	17	Hide	3	2	0.2317	-0.0761
3384	17	Hide	3	2	0.2338	-0.0745
3385	17	Hide	3	2	0.2359	-0.0730
3386	17	Hide	3	2	0.2381	-0.0715
3387	17	Hide	3	2	0.2402	-0.0699
3388	17	Hide	3	2	0.2423	-0.0684
3389	17	Hide	3	2	0.2445	-0.0669
3390	17	Hide	3	2	0.2466	-0.0653
3391	17	Hide	3	2	0.2487	-0.0638
3392	17	Hide	3	2	0.2509	-0.0623
3393	17	Hide	3	2	0.2530	-0.0607
3394	17	Hide	3	2	0.2551	-0.0592
3395	17	Hide	3	2	0.2573	-0.0577
3396	17	Hide	3	2	0.2594	-0.0561
3397	17	Hide	3	2	0.2615	-0.0546
3398	17	Hide	3	2	0.2637	-0.0531
3399	17	Hide	3	2	0.2658	-0.0516
3400	17	Hide	3	2	0.2679	-0.0500
3401	17	Hide	3	2	0.2700	-0.0485
3402	17	Hide	3	2	0.2722	-0.0470
3403	17	Hide	3	2	0.2743	-0.0454
3404	17	Hide	3	2	0.2764	-0.0439
3405	17	Hide	3	2	0.2786	-0.0424
3406	17	Hide	3	2	0.2807	-0.0408
3407	17	Hide	3	2	0.2828	-0.0393
3408	17	Hide	3	2	0.2850	-0.0378
3409	17	Hide	3	2	0.2871	-0.0362
3410	17	Hide	3	2	0.2892	-0.0347
3411	17	Hide	3	2	0.2914	-0.0332
3412	17	Hide	3	2	0.2935	-0.0316
3413	17	Hide	3	2	0.2956	-0.0301
3414	17	Hide	3	2	0.2978	-0.0286
3415	17	Hide	3	2	0.2999	-0.0270
3416	17	Hide	3	2	0.3020	-0.0255
3417	17	Hide	3	2	0.3042	-0.0240
3418	17	Hide	3	2	0.3063	-0.0225
3419	17	Hide	3	2	0.3084	-0.0209
3420	17	Hide	3	2	0.3106	-0.0194
3421	17	Hide	3	2	0.3127	-0.0179
3422	17	Hide	3	2	0.3148	-0.0163
3423	17	Hide	3	2	0.3169	-0.0148
3424	17	Hide	3	2	0.3191	-0.0133
3425	17	Hide	3	2	0.3212	-0.0117
3426	17	Hide	3	2	0.3233	-0.0102
3427	17	Hide	3	2	0.3255	-0.0087
3428	17	Hide	3	2	0.3276	-0.0071
3429	17	Hide	3	2	0.3297	-0.0056
3430	17	Hide	3	2	0.3319	-0.0041
3431	17	Hide	3	2	0.3340	-0.0025
3432	17	Hide	3	2	0.3361	-0.0010
3433	17	Hide	3	2	0.3383	0.0005
3434	17	Hide	3	2	0.3404	0.0020
3435	17	Hide	3	2	0.3425	0.0036
3436	17	Hide	3	2	0.3447	0.0051
3437	17	Hide	3	2	0.3468	0.0066
3438	17	Hide	3	2	0.3489	0.0082
3439	17	Hide	3	2	0.3511	0.0097
3440	17	Hide	3	2	0.3532	0.0112
3441	17	Hide	3	2	0.3553	0.0128
3442	17	Hide	3	2	0.3574	0.0143
3443	17	Hide	3	2	0.3596	0.0158
3444	17	Hide	3	2	0.3617	0.0174
3445	17	Hide	3	2	0.3638	0.0189
3446	17	Hide	3	2	0.3660	0.0204
3447	17	Hide	3	2	0.3681	0.0220
3448	17	Hide	3	2	0.3702	0.0235
3449	17	Hide	3	2	0.3724	0.0250
3450	17	Hide	3	2	0.3745	0.0265
3451	17	Hide	3	2	0.3766	0.0281
3452	17	Hide	3	2	0.3788	0.0296
3453	17	Hide	3	2	0.3809	0.0311
3454	17	Hide	3	2	0.3830	0.0327
3455	17	Hide	3	2	0.3852	0.0342
3456	17	Hide	3	2	0.3873	0.0357
3457	17	Hide	3	2	0.3894	0.0373
3458	17	Hide	3	2	0.3916	0.0388
3459	17	Hide	3	2	0.3937	0.0403
3460	17	Hide	3	2	0.3958	0.0419
3461	17	Hide	3	2	0.3980	0.0434
3462	17	Hide	3	2	0.4001	0.0449
3463	17	Hide	3	2	0.4022	0.0465
3464	17	Hide	3	2	0.4043	0.0480
3465	17	Hide	3	2	0.4065	0.0495
3466	17	Hide	3	2	0.4086	0.0511
3467	17	Hide	3	2	0.4107	0.0526
3468	17	Hide	3	2	0.4129	0.0541
3469	17	Hide	3	2	0.4150	0.0556
3470	17	Hide	3	2	0.4171	0.0572
3471	17	Hide	3	2	0.4193	0.0587
3472	17	Hide	3	2	0.4214	0.0602
3473	17	Hide	3	2	0.4235	0.0618
3474	17	Hide	3	2	0.4257	0.0633
3475	17	Hide	3	2	0.4278	0.0648
3476	17	Hide	3	2	0.4299	0.0664
3477	17	Hide	3	2	0.4321	0.0679
3478	17	Hide	3	2	0.4342	0.0694
3479	17	Hide	3	2	0.4363	0.0710
3480	17	Hide	3	2	0.4385	0.0725
3481	17	Hide	3	2	0.4406	0.0740
3482	17	Hide	3	2	0.4427	0.0756
3483	17	Hide	3	2	0.4448	0.0771
3484	17	Hide	3	2	0.4470	0.0786
3485	17	Hide	3	2	0.4491	0.0802
3486	17	Hide	3	2	0.4512	0.0817
3487	17	Hide	3	2	0.4534	0.0832
3488	17	Hide	3	2	0.4555	0.0847
3489	17	Hide	3	2	0.4576	0.0863
3490	17	Hide	3	2	0.4598	0.0878
3491	17	Hide	3	2	0.4619	0.0893
3492	17	Hide	3	2	0.4640	0.0909
3493	17	Hide	3	2	0.4662	0.0924
3494	17	Hide	3	2	0.4683	0.0939
3495	17	Hide	3	2	0.4683	0.0939
3496	17	Hide	3	2	0.4683	0.0939
3497	17	Hide	3	2	0.4683	0.0939
3498	17	Hide	3	2	0.4683	0.0939
3499	17	Hide	3	2	0.4683	0.0939
3500	17	Hide	3	2	0.4683	0.0939
3501	17	Hide	3	2	0.4683	0.0939
3502	17	Hide	3	2	0.4683	0.0939
3503	17	Hide	3	2	0.4683	0.0939
3504	17	Hide	3	2	0.4683	0.0939
3505	17	Hide	3	2	0.4683	0.0939
3506	17	Hide	3	2	0.4683	0.0939
3507	17	Hide	3	2	0.4683	0.0939
3508	17	Hide	3	2	0.4683	0.0939
3509	17	Hide	3	2	0.4683	0.0939
3510	17	Hide	3	2	0.4683	0.0939
3511	17	Hide	3	2	0.4683	0.0939
3512	17	Hide	3	2	0.4683	0.0939
3513	17	Hide	3	2	0.4683	0.0939
3514	17	Hide	3	2	0.4683	0.0939
3515	17	Hide	3	2	0.4683	0.0939
3516	17	Hide	3	2	0.4683	0.0939
3517	17	Hide	3	2	0.4683	0.0939
3518	17	Hide	3	2	0.4683	0.0939
3519	17	Hide	3	2	0.4683	0.0939
3520	17	Hide	3	2	0.4683	0.0939
3521	17	Hide	3	2	0.4683	0.0939
3522	17	Hide	3	2	0.4683	0.0939
3523	17	Hide	3	2	0.4683	0.0939
3524	17	Hide	3	2	0.4683	0.0939
3525	17	Hide	3	2	0.4683	0.0939
3526	17	Hide	3	2	0.4683	0.0939
3527	17	Hide	3	2	0.4683	0.0939
3528	17	Hide	3	2	0.4683	0.0939
3529	17	Hide	3	2	0.4683	0.0939
3530	17	Hide	3	2	0.4683	0.0939
3531	17	Hide	3	2	0.4683	0.0939
3532	17	Hide	3	2	0.4683	0.0939
3533	17	Hide	3	2	0.4683	0.0939
3534	17	Hide	3	2	0.4683	0.0939
3535	17	Hide	3	2	0.4683	0.0939
3536	17	Hide	3	2	0.4683	0.0939
3537	17	Hide	3	2	0.4683	0.0939
3538	17	Hide	3	2	0.4683	0.0939
3539	17	Hide	3	2	0.4683	0.0939
3540	17	Hide	3	2	0.4683	0.0939
3541	17	Hide	3	2	0.4683	0.0939
3542	17	Hide	3	2	0.4683	0.0939
3543	17	Hide	3	2	0.4683	0.0939
3544	17	Hide	3	2	0.4683	0.0939
3545	17	Hide	3	2	0.4683	0.0939
3546	17	Hide	3	2	0.4683	0.0939
3547	17	Hide	3	2	0.4683	0.0939
3548	17	Hide	3	2	0.4683	0.0939
3549	17	Hide	3	2	0.4683	0.0939
3550	17	Hide	3	2	0.4683	0.0939
3551	17	Hide	3	2	0.4683	0.0939
3552	17	Hide	3	2	0.4683	0.0939
3553	17	Hide	3	2	0.4683	0.0939
3554	17	Hide	3	2	0.4683	0.0939
3555	17	Hide	3	2	0.4683	0.0939
3556	17	Hide	3	2	0.4683	0.0939
3557	17	Hide	3	2	0.4683	0.0939
3558	17	Hide	3	2	0.4683	0.0939
3559	17	Hide	3	2	0.4683	0.0939
3560	17	Hide	3	2	0.4683	0.0939
3561	17	Hide	3	2	0.4683	0.0939
3562	17	Hide	3	2	0.4683	0.0939
3563	17	Hide	3	2	0.4683	0.0939
3564	17	Hide	3	2	0.4683	0.0939
3565	17	Hide	3	2	0.4683	0.0939
3566	17	Hide	3	2	0.4683	0.0939
3567	17	Hide	3	2	0.4683	0.0939
3568	17	Hide	3	2	0.4683	0.0939
3569	17	Hide	3	2	0.4683	0.0939
3570	17	Hide	3	2	0.4683	0.0939
3571	17	Hide	3	2	0.4683	0.0939
3572	17	Hide	3	2	0.4683	0.0939
3573	17	Hide	3	2	0.4683	0.0939
3574	17	Hide	3	2	0.4683	0.0939
3575	17	Hide	3	2	0.4683	0.0939
3576	17	Hide	3	2	0.4683	0.0939
3577	17	Hide	3	2	0.4683	0.0939
3578	17	Hide	3	2	0.4683	0.0939
3579	17	Hide	3	2	0.4683	0.0939
3580	17	Hide	3	2	0.4683	0.0939
3581	17	Hide	3	2	0.4683	0.0939
3582	17	Hide	3	2	0.4683	0.0939
3583	17	Hide	3	2	0.4683	0.0939
3584	17	Hide	3	2	0.4683	0.0939
3585	17	Hide	3	2	0.4683	0.0939
3586	17	Hide	3	2	0.4683	0.0939
3587	17	Hide	3	2	0.4683	0.0939
3588	17	Hide	3	2	0.4683	0.0939
3589	17	Hide	3	2	0.4683	0.0939
3590	17	Hide	3	2	0.4683	0.0939
3591	17	Hide	3	2	0.4683	0.0939
3592	17	Hide	3	2	0.4683	0.0939
3593	17	Hide	3	2	0.4683	0.0939
3594	17	Explore	3	2	0.4683	0.0939
3595	18	Explore	2	3	0.4683	0.0940
3596	18	Explore	2	3	0.4683	0.0940
3597	18	Explore	2	3	0.4683	0.0940
3598	18	Explore	2	3	0.4682	0.0940
3599	18	Explore	2	3	0.4682	0.0940
3600	18	Explore	2	3	0.4682	0.0940
3601	18	Explore	2	3	0.4682	0.0940
3602	18	Explore	2	3	0.4682	0.0941
3603	18	Explore	2	3	0.4682	0.0941
3604	18	Explore	2	3	0.4681	0.0941
3605	18	Explore	2	3	0.4681	0.0941
3606	18	Explore	2	3	0.4681	0.0941
3607	18	Explore	2	3	0.4681	0.0941
3608	18	Explore	2	3	0.4681	0.0942
3609	18	Explore	2	3	0.4681	0.0942
3610	18	Explore	2	3	0.4680	0.0942
3611	18	Explore	2	3	0.4680	0.0942
3612	18	Explore	2	3	0.4680	0.0942
3613	18	Explore	2	3	0.4680	0.0943
3614	18	Explore	2	3	0.4678	0.0943
3615	18	Explore	2	3	0.4674	0.0943
3616	18	Explore	2	3	0.4669	0.0943
3617	18	Explore	2	3	0.4665	0.0943
3618	18	Explore	2	3	0.4662	0.0943
3619	18	Explore	2	3	0.4657	0.0943
3620	18	Explore	2	3	0.4652	0.0943
3621	18	Explore	2	3	0.4647	0.0943
3622	18	Explore	2	3	0.4642	0.0943
3623	18	Explore	2	3	0.4638	0.0943
3624	18	Explore	2	3	0.4634	0.0943
3625	18	Explore	2	3	0.4632	0.0943
3626	18	Explore	2	3	0.4629	0.0943
3627	18	Explore	2	3	0.4629	0.0942
3628	18	Explore	2	3	0.4621	0.0967
3629	18	Explore	2	3	0.4612	0.0992
3630	18	Explore	2	3	0.4604	0.1017
3631	18	Explore	2	3	0.4595	0.1042
3632	18	Explore	2	3	0.4587	0.1067
3633	18	Explore	2	3	0.4578	0.1092
3634	18	Explore	2	3	0.4570	0.1116
3635	18	Explore	2	3	0.4562	0.1141
3636	18	Explore	2	3	0.4553	0.1166
3637	18	Explore	2	3	0.4545	0.1191
3638	18	Explore	2	3	0.4536	0.1216
3639	18	Explore	2	3	0.4528	0.1241
3640	18	Explore	2	3	0.4519	0.1266
3641	18	Explore	2	3	0.4511	0.1290
3642	18	Explore	2	3	0.4503	0.1315
3643	18	Explore	2	3	0.4494	0.1340
3644	18	Explore	2	3	0.4486	0.1365
3645	18	Explore	2	3	0.4477	0.1390
3646	18	Explore	2	3	0.4469	0.1415
3647	18	Explore	2	3	0.4460	0.1440
3648	18	Explore	2	3	0.4452	0.1464
3649	18	Explore	2	3	0.4444	0.1489
3650	18	Explore	2	3	0.4443	0.1489
3651	18	Explore	2	3	0.4443	0.1489
3652	18	Explore	2	3	0.4443	0.1489
3653	18	Explore	2	3	0.4443	0.1489
3654	18	Explore	2	3	0.4443	0.1489
3655	18	Explore	2	3	0.4442	0.1488
3656	18	Explore	2	3	0.4442	0.1488
3657	18	Explore	2	3	0.4442	0.1488
3658	18	Explore	2	3	0.4442	0.1488
3659	18	Explore	2	3	0.4442	0.1488
3660	18	Explore	2	3	0.4442	0.1488
3661	18	Explore	2	3	0.4441	0.1488
3662	18	Explore	2	3	0.4441	0.1487
3663	18	Explore	2	3	0.4441	0.1487
3664	18	Explore	2	3	0.4421	0.1504
3665	18	Explore	2	3	0.4401	0.1521
3666	18	Explore	2	3	0.4381	0.1538
3667	18	Explore	2	3	0.4361	0.1555
3668	18	Explore	2	3	0.4341	0.1572
3669	18	Explore	2	3	0.4321	0.1589
3670	18	Explore	2	3	0.4301	0.1606
3671	18	Explore	2	3	0.4280	0.1622
3672	18	Explore	2	3	0.4260	0.1639
3673	18	Explore	2	3	0.4240	0.1656
3674	18	Explore	2	3	0.4220	0.1673
3675	18	Explore	2	3	0.4200	0.1690
3676	18	Explore	2	3	0.4180	0.1707
3677	18	Explore	2	3	0.4160	0.1724
3678	18	Explore	2	3	0.4140	0.1741
3679	18	Explore	2	3	0.4120	0.1758
3680	18	Explore	2	3	0.4100	0.1775
3681	18	Explore	2	3	0.4080	0.1791
3682	18	Explore	2	3	0.4060	0.1808
3683	18	Explore	2	3	0.4039	0.1825
3684	18	Explore	2	3	0.4019	0.1842
3685	18	Explore	2	3	0.3999	0.1859
3686	18	Explore	2	3	0.3979	0.1876
3687	18	Explore	2	3	0.3959	0.1893
3688	18	Explore	2	3	0.3939	0.1910
3689	18	Explore	2	3	0.3939	0.1910
3690	18	Explore	2	3	0.3939	0.1909
3691	18	Explore	2	3	0.3939	0.1909
3692	18	Explore	2	3	0.3939	0.1909
3693	18	Explore	2	3	0.3938	0.1909
3694	18	Explore	2	3	0.3938	0.1909
3695	18	Explore	2	3	0.3938	0.1908
3696	18	Explore	2	3	0.3938	0.1908
3697	18	Explore	2	3	0.3938	0.1908
3698	18	Hide	2	3	0.3938	0.1908
3699	19	Hide	1	4	0.3938	0.1908
3700	19	Hide	1	4	0.3913	0.1917
3701	19	Hide	1	4	0.3888	0.1926
3702	19	Hide	1	4	0.3864	0.1935
3703	19	Hide	1	4	0.3839	0.1944
3704	19	Hide	1	4	0.3814	0.1953
3705	19	Hide	1	4	0.3790	0.1962
3706	19	Hide	1	4	0.3765	0.1971
3707	19	Hide	1	4	0.3741	0.1980
3708	19	Hide	1	4	0.3716	0.1989
3709	19	Hide	1	4	0.3691	0.1998
3710	19	Hide	1	4	0.3667	0.2007
3711	19	Hide	1	4	0.3642	0.2016
3712	19	Hide	1	4	0.3617	0.2025
3713	19	Hide	1	4	0.3593	0.2034
3714	19	Hide	1	4	0.3568	0.2043
3715	19	Hide	1	4	0.3543	0.2052
3716	19	Hide	1	4	0.3519	0.2061
3717	19	Hide	1	4	0.3494	0.2070
3718	19	Hide	1	4	0.3469	0.2079
3719	19	Hide	1	4	0.3445	0.2088
3720	19	Hide	1	4	0.3420	0.2097
3721	19	Hide	1	4	0.3395	0.2106
3722	19	Hide	1	4	0.3371	0.2115
3723	19	Hide	1	4	0.3346	0.2124
3724	19	Hide	1	4	0.3321	0.2133
3725	19	Hide	1	4	0.3297	0.2142
3726	19	Hide	1	4	0.3272	0.2151
3727	19	Hide	1	4	0.3247	0.2160
3728	19	Hide	1	4	0.3223	0.2169
3729	19	Hide	1	4	0.3198	0.2178
3730	19	Hide	1	4	0.3173	0.2187
3731	19	Hide	1	4	0.3149	0.2196
3732	19	Hide	1	4	0.3124	0.2205
3733	19	Hide	1	4	0.3099	0.2214
3734	19	Hide	1	4	0.3075	0.2223
3735	19	Hide	1	4	0.3050	0.2232
3736	19	Hide	1	4	0.3025	0.2241
3737	19	Hide	1	4	0.3001	0.2250
3738	19	Hide	1	4	0.2976	0.2259
3739	19	Hide	1	4	0.2951	0.2268
3740	19	Hide	1	4	0.2927	0.2277
3741	19	Hide	1	4	0.2902	0.2286
3742	19	Hide	1	4	0.2877	0.2295
3743	19	Hide	1	4	0.2853	0.2304
3744	19	Hide	1	4	0.2828	0.2313
3745	19	Hide	1	4	0.2803	0.2322
3746	19	Hide	1	4	0.2779	0.2331
3747	19	Hide	1	4	0.2754	0.2340
3748	19	Hide	1	4	0.2729	0.2349
3749	19	Hide	1	4	0.2705	0.2358
3750	19	Hide	1	4	0.2680	0.2367
3751	19	Hide	1	4	0.2655	0.2376
3752	19	Hide	1	4	0.2631	0.2384
3753	19	Hide	1	4	0.2606	0.2393
3754	19	Hide	1	4	0.2581	0.2402
3755	19	Hide	1	4	0.2557	0.2411
3756	19	Hide	1	4	0.2532	0.2420
3757	19	Hide	1	4	0.2507	0.2429
3758	19	Hide	1	4	0.2483	0.2438
3759	19	Hide	1	4	0.2458	0.2447
3760	19	Hide	1	4	0.2433	0.2456
3761	19	Hide	1	4	0.2409	0.2465
3762	19	Hide	1	4	0.2384	0.2474
3763	19	Hide	1	4	0.2360	0.2483
3764	19	Hide	1	4	0.2335	0.2492
3765	19	Hide	1	4	0.2310	0.2501
3766	19	Hide	1	4	0.2286	0.2510
3767	19	Hide	1	4	0.2261	0.2519
3768	19	Hide	1	4	0.2236	0.2528
3769	19	Hide	1	4	0.2212	0.2537
3770	19	Hide	1	4	0.2187	0.2546
3771	19	Hide	1	4	0.2162	0.2555
3772	19	Hide	1	4	0.2138	0.2564
3773	19	Hide	1	4	0.2113	0.2573
3774	19	Hide	1	4	0.2088	0.2582
3775	19	Hide	1	4	0.2064	0.2591
3776	19	Hide	1	4	0.2039	0.2600
3777	19	Hide	1	4	0.2014	0.2609
3778	19	Hide	1	4	0.1990	0.2618
3779	19	Hide	1	4	0.1965	0.2627
3780	19	Hide	1	4	0.1940	0.2636
3781	19	Hide	1	4	0.1916	0.2645
3782	19	Hide	1	4	0.1891	0.2654
3783	19	Hide	1	4	0.1866	0.2663
3784	19	Hide	1	4	0.1842	0.2672
3785	19	Hide	1	4	0.1817	0.2681
3786	19	Hide	1	4	0.1792	0.2690
3787	19	Hide	1	4	0.1768	0.2699
3788	19	Hide	1	4	0.1743	0.2708
3789	19	Hide	1	4	0.1718	0.2717
3790	19	Hide	1	4	0.1694	0.2726
3791	19	Hide	1	4	0.1669	0.2735
3792	19	Hide	1	4	0.1644	0.2744
3793	19	Hide	1	4	0.1620	0.2753
3794	19	Hide	1	4	0.1595	0.2762
3795	19	Hide	1	4	0.1570	0.2771
3796	19	Hide	1	4	0.1546	0.2780
3797	19	Hide	1	4	0.1521	0.2789
3798	19	Hide	1	4	0.1496	0.2798
3799	19	Hide	1	4	0.1472	0.2807
3800	19	Hide	1	4	0.1447	0.2816
3801	19	Hide	1	4	0.1422	0.2825
3802	19	Hide	1	4	0.1398	0.2834
3803	19	Hide	1	4	0.1373	0.2843
3804	19	Hide	1	4	0.1349	0.2852
3805	19	Hide	1	4	0.1324	0.2861
3806	19	Hide	1	4	0.1299	0.2870
3807	19	Hide	1	4	0.1275	0.2879
3808	19	Hide	1	4	0.1250	0.2888
3809	19	Hide	1	4	0.1225	0.2897
3810	19	Hide	1	4	0.1201	0.2906
3811	19	Hide	1	4	0.1176	0.2915
3812	19	Hide	1	4	0.1151	0.2924
3813	19	Hide	1	4	0.1127	0.2933
3814	19	Hide	1	4	0.1102	0.2942
3815	19	Hide	1	4	0.1077	0.2951
3816	19	Hide	1	4	0.1053	0.2960
3817	19	Hide	1	4	0.1028	0.2969
3818	19	Hide	1	4	0.1003	0.2978
3819	19	Hide	1	4	0.0979	0.2987
3820	19	Hide	1	4	0.0954	0.2996
3821	19	Hide	1	4	0.0929	0.3005
3822	19	Hide	1	4	0.0905	0.3014
3823	19	Hide	1	4	0.0880	0.3023
3824	19	Hide	1	4	0.0855	0.3032
3825	19	Hide	1	4	0.0831	0.3041
3826	19	Hide	1	4	0.0806	0.3050
3827	19	Hide	1	4	0.0781	0.3059
3828	19	Hide	1	4	0.0757	0.3068
3829	19	Hide	1	4	0.0732	0.3077
3830	19	Hide	1	4	0.0707	0.3086
3831	19	Hide	1	4	0.0683	0.3095
3832	19	Hide	1	4	0.0658	0.3104
3833	19	Hide	1	4	0.0633	0.3113
3834	19	Hide	1	4	0.0609	0.3122
3835	19	Hide	1	4	0.0584	0.3131
3836	19	Hide	1	4	0.0559	0.3140
3837	19	Hide	1	4	0.0535	0.3149
3838	19	Hide	1	4	0.0510	0.3158
3839	19	Hide	1	4	0.0486	0.3167
3840	19	Hide	1	4	0.0461	0.3176
3841	19	Hide	1	4	0.0436	0.3185
3842	19	Hide	1	4	0.0412	0.3194
3843	19	Hide	1	4	0.0387	0.3203
3844	19	Hide	1	4	0.0362	0.3212
3845	19	Hide	1	4	0.0338	0.3221
3846	19	Hide	1	4	0.0313	0.3230
3847	19	Hide	1	4	0.0288	0.3239
3848	19	Hide	1	4	0.0264	0.3248
3849	19	Hide	1	4	0.0239	0.3257
3850	19	Hide	1	4	0.0214	0.3266
3851	19	Hide	1	4	0.0190	0.3275
3852	19	Hide	1	4	0.0165	0.3284
3853	19	Hide	1	4	0.0140	0.3293
3854	19	Hide	1	4	0.0116	0.3302
3855	19	Hide	1	4	0.0091	0.3311
3856	19	Hide	1	4	0.0066	0.3320
3857	19	Hide	1	4	0.0042	0.3329
3858	19	Hide	1	4	0.0017	0.3338
3859	19	Hide	1	4	-0.0008	0.3347
3860	19	Hide	1	4	-0.0032	0.3356
3861	19	Hide	1	4	-0.0057	0.3365
3862	19	Hide	1	4	-0.0082	0.3374
3863	19	Hide	1	4	-0.0106	0.3383
3864	19	Hide	1	4	-0.0131	0.3392
3865	19	Hide	1	4	-0.0156	0.3401
3866	19	Hide	1	4	-0.0180	0.3410
3867	19	Hide	1	4	-0.0205	0.3419
3868	19	Hide	1	4	-0.0230	0.3428
3869	19	Hide	1	4	-0.0254	0.3437
3870	19	Hide	1	4	-0.0279	0.3446
3871	19	Hide	1	4	-0.0303	0.3455
3872	19	Hide	1	4	-0.0328	0.3464
3873	19	Hide	1	4	-0.0353	0.3473
3874	19	Hide	1	4	-0.0377	0.3482
3875	19	Hide	1	4	-0.0402	0.3491
3876	19	Hide	1	4	-0.0427	0.3500
3877	19	Hide	1	4	-0.0451	0.3509
3878	19	Hide	1	4	-0.0476	0.3518
3879	19	Hide	1	4	-0.0501	0.3527
3880	19	Hide	1	4	-0.0525	0.3536
3881	19	Hide	1	4	-0.0550	0.3545
3882	19	Hide	1	4	-0.0575	0.3554
3883	19	Hide	1	4	-0.0599	0.3563
3884	19	Hide	1	4	-0.0624	0.3572
3885	19	Hide	1	4	-0.0649	0.3581
3886	19	Hide	1	4	-0.0673	0.3590
3887	19	Hide	1	4	-0.0698	0.3599
3888	19	Hide	1	4	-0.0723	0.3608
3889	19	Hide	1	4	-0.0747	0.3617
3890	19	Hide	1	4	-0.0772	0.3626
3891	19	Hide	1	4	-0.0797	0.3635
3892	19	Hide	1	4	-0.0821	0.3644
3893	19	Hide	1	4	-0.0846	0.3653
3894	19	Hide	1	4	-0.0871	0.3662
3895	19	Hide	1	4	-0.0895	0.3671
3896	19	Hide	1	4	-0.0920	0.3680
3897	19	Hide	1	4	-0.0945	0.3689
3898	19	Hide	1	4	-0.0969	0.3698
3899	19	Hide	1	4	-0.0994	0.3707
3900	19	Hide	1	4	-0.1018	0.3716
3901	19	Hide	1	4	-0.1043	0.3725
3902	19	Hide	1	4	-0.1068	0.3734
3903	19	Hide	1	4	-0.1092	0.3743
3904	19	Hide	1	4	-0.1117	0.3752
3905	19	Hide	1	4	-0.1142	0.3761
3906	19	Hide	1	4	-0.1166	0.3770
3907	19	Hide	1	4	-0.1191	0.3779
3908	19	Hide	1	4	-0.1216	0.3788
3909	19	Hide	1	4	-0.1240	0.3797
3910	19	Hide	1	4	-0.1265	0.3806
3911	19	Hide	1	4	-0.1290	0.3815
3912	19	Hide	1	4	-0.1314	0.3824
3913	19	Hide	1	4	-0.1339	0.3833
3914	19	Hide	1	4	-0.1364	0.3842
3915	19	Hide	1	4	-0.1388	0.3851
3916	19	Hide	1	4	-0.1413	0.3860
3917	19	Hide	1	4	-0.1438	0.3869
3918	19	Hide	1	4	-0.1462	0.3878
3919	19	Hide	1	4	-0.1487	0.3887
3920	19	Hide	1	4	-0.1512	0.3896
3921	19	Hide	1	4	-0.1536	0.3905
3922	19	Hide	1	4	-0.1561	0.3914
3923	19	Hide	1	4	-0.1586	0.3923
3924	19	Hide	1	4	-0.1610	0.3932
3925	19	Hide	1	4	-0.1635	0.3941
3926	19	Hide	1	4	-0.1660	0.3950
3927	19	Hide	1	4	-0.1684	0.3960
3928	19	Hide	1	4	-0.1709	0.3969
3929	19	Hide	1	4	-0.1733	0.3978
3930	19	Hide	1	4	-0.1758	0.3987
3931	19	Hide	1	4	-0.1783	0.3996
3932	19	Hide	1	4	-0.1807	0.4005
3933	19	Hide	1	4	-0.1832	0.4014
3934	19	Hide	1	4	-0.1857	0.4023
3935	19	Hide	1	4	-0.1881	0.4032
3936	19	Hide	1	4	-0.1906	0.4041
3937	19	Hide	1	4	-0.1931	0.4050
3938	19	Hide	1	4	-0.1955	0.4059
3939	19	Hide	1	4	-0.1980	0.4068
3940	19	Hide	1	4	-0.2005	0.4077
3941	19	Hide	1	4	-0.2029	0.4086
3942	19	Hide	1	4	-0.2054	0.4095
3943	19	Hide	1	4	-0.2079	0.4104
3944	19	Hide	1	4	-0.2103	0.4113
3945	19	Hide	1	4	-0.2128	0.4122
3946	19	Hide	1	4	-0.2153	0.4131
3947	19	Hide	1	4	-0.2177	0.4140
3948	19	Hide	1	4	-0.2202	0.4149
3949	19	Hide	1	4	-0.2227	0.4158
3950	19	Hide	1	4	-0.2251	0.4167
3951	19	Hide	1	4	-0.2276	0.4176
3952	19	Hide	1	4	-0.2300	0.4185
3953	19	Hide	1	4	-0.2325	0.4194
3954	19	Hide	1	4	-0.2350	0.4203
3955	19	Hide	1	4	-0.2374	0.4212
3956	19	Hide	1	4	-0.2399	0.4221
3957	19	Hide	1	4	-0.2424	0.4230
3958	19	Hide	1	4	-0.2448	0.4239
3959	19	Hide	1	4	-0.2473	0.4248
3960	19	Hide	1	4	-0.2498	0.4257
3961	19	Hide	1	4	-0.2522	0.4266
3962	19	Hide	1	4	-0.2547	0.4275
3963	19	Hide	1	4	-0.2572	0.4284
3964	19	Hide	1	4	-0.2596	0.4293
3965	19	Hide	1	4	-0.2621	0.4302
3966	19	Hide	1	4	-0.2646	0.4311
3967	19	Hide	1	4	-0.2670	0.4320
3968	19	Hide	1	4	-0.2695	0.4329
3969	19	Hide	1	4	-0.2720	0.4338
3970	19	Hide	1	4	-0.2744	0.4347
3971	19	Hide	1	4	-0.2769	0.4356
3972	19	Hide	1	4	-0.2794	0.4365
3973	19	Hide	1	4	-0.2818	0.4374
3974	19	Hide	1	4	-0.2843	0.4383
3975	19	Hide	1	4	-0.2868	0.4392
3976	19	Hide	1	4	-0.2892	0.4401
3977	19	Hide	1	4	-0.2917	0.4410
3978	19	Hide	1	4	-0.2941	0.4419
3979	19	Hide	1	4	-0.2966	0.4428
3980	19	Hide	1	4	-0.2991	0.4437
3981	19	Hide	1	4	-0.3015	0.4446
3982	19	Hide	1	4	-0.3040	0.4455
3983	19	Hide	1	4	-0.3065	0.4464
3984	19	Hide	1	4	-0.3089	0.4473
3985	19	Hide	1	4	-0.3114	0.4482
3986	19	Hide	1	4	-0.3139	0.4491
3987	19	Hide	1	4	-0.3163	0.4500
3988	19	Hide	1	4	-0.3188	0.4509
3989	19	Hide	1	4	-0.3213	0.4518
3990	19	Hide	1	4	-0.3237	0.4527
3991	19	Hide	1	4	-0.3262	0.4536
3992	19	Hide	1	4	-0.3287	0.4545
3993	19	Hide	1	4	-0.3311	0.4554
3994	19	Hide	1	4	-0.3336	0.4563
3995	19	Hide	1	4	-0.3361	0.4572
3996	19	Hide	1	4	-0.3385	0.4581
3997	19	Hide	1	4	-0.3410	0.4590
3998	19	Hide	1	4	-0.3434	0.4599
3999	19	Hide	1	4	-0.3459	0.4608
4000	19	Hide	1	4	-0.3484	0.4617
4001	19	Hide	1	4	-0.3508	0.4626
4002	19	Hide	1	4	-0.3533	0.4635
4003	19	Hide	1	4	-0.3558	0.4644
4004	19	Hide	1	4	-0.3582	0.4653
4005	19	Hide	1	4	-0.3607	0.4662
4006	19	Hide	1	4	-0.3632	0.4671
4007	19	Hide	1	4	-0.3656	0.4680
4008	19	Hide	1	4	-0.3656	0.4680
4009	19	Hide	1	4	-0.3656	0.4680
4010	19	Hide	1	4	-0.3656	0.4680
4011	19	Hide	1	4	-0.3656	0.4680
4012	19	Hide	1	4	-0.3656	0.4680
4013	19	Hide	1	4	-0.3656	0.4680
4014	19	Hide	1	4	-0.3656	0.4680
4015	19	Hide	1	4	-0.3656	0.4680
4016	19	Hide	1	4	-0.3656	0.4680
4017	19	Hide	1	4	-0.3656	0.4680
4018	19	Hide	1	4	-0.3656	0.4680
4019	19	Hide	1	4	-0.3656	0.4680
4020	19	Hide	1	4	-0.3656	0.4680
4021	19	Hide	1	4	-0.3656	0.4680
4022	19	Hide	1	4	-0.3656	0.4680
4023	19	Hide	1	4	-0.3656	0.4680
4024	19	Hide	1	4	-0.3656	0.4680
4025	19	Hide	1	4	-0.3656	0.4680
4026	19	Hide	1	4	-0.3656	0.4680
4027	19	Hide	1	4	-0.3656	0.4680
4028	19	Hide	1	4	-0.3656	0.4680
4029	19	Hide	1	4	-0.3656	0.4680
4030	19	Hide	1	4	-0.3656	0.4680
4031	19	Hide	1	4	-0.3656	0.4680
4032	19	Hide	1	4	-0.3656	0.4680
4033	19	Hide	1	4	-0.3656	0.4680
4034	19	Hide	1	4	-0.3656	0.4680
4035	19	Hide	1	4	-0.3656	0.4680
4036	19	Hide	1	4	-0.3656	0.4680
4037	19	Hide	1	4	-0.3656	0.4680
4038	19	Hide	1	4	-0.3656	0.4680
4039	19	Hide	1	4	-0.3656	0.4680
4040	19	Hide	1	4	-0.3656	0.4680
4041	19	Hide	1	4	-0.3656	0.4680
4042	19	Hide	1	4	-0.3656	0.4680
4043	19	Hide	1	4	-0.3656	0.4680
4044	19	Hide	1	4	-0.3656	0.4680
4045	19	Hide	1	4	-0.3656	0.4680
4046	19	Hide	1	4	-0.3656	0.4680
4047	19	Hide	1	4	-0.3656	0.4680
4048	19	Hide	1	4	-0.3656	0.4680
4049	19	Hide	1	4	-0.3656	0.4680
4050	19	Hide	1	4	-0.3656	0.4680
4051	19	Hide	1	4	-0.3656	0.4680
4052	19	Hide	1	4	-0.3656	0.4680
4053	19	Hide	1	4	-0.3656	0.4680
4054	19	Hide	1	4	-0.3656	0.4680
4055	19	Hide	1	4	-0.3656	0.4680
4056	19	Hide	1	4	-0.3656	0.4680
4057	19	Hide	1	4	-0.3656	0.4680
4058	19	Hide	1	4	-0.3656	0.4680
4059	19	Hide	1	4	-0.3656	0.4680
4060	19	Hide	1	4	-0.3656	0.4680
4061	19	Hide	1	4	-0.3656	0.4680
4062	19	Hide	1	4	-0.3656	0.4680
4063	19	Hide	1	4	-0.3656	0.4680
4064	19	Hide	1	4	-0.3656	0.4680
4065	19	Hide	1	4	-0.3656	0.4680
4066	19	Hide	1	4	-0.3656	0.4680
4067	19	Hide	1	4	-0.3656	0.4680
4068	19	Hide	1	4	-0.3656	0.4680
4069	19	Hide	1	4	-0.3656	0.4680
4070	19	Hide	1	4	-0.3656	0.4680
4071	19	Hide	1	4	-0.3656	0.4680
4072	19	Hide	1	4	-0.3656	0.4680
4073	19	Hide	1	4	-0.3656	0.4680
4074	19	Hide	1	4	-0.3656	0.4680
4075	19	Hide	1	4	-0.3656	0.4680
4076	19	Hide	1	4	-0.3656	0.4680
4077	19	Hide	1	4	-0.3656	0.4680
4078	19	Hide	1	4	-0.3656	0.4680
4079	19	Hide	1	4	-0.3656	0.4680
4080	19	Hide	1	4	-0.3656	0.4680
4081	19	Hide	1	4	-0.3656	0.4680
4082	19	Hide	1	4	-0.3656	0.4680
4083	19	Hide	1	4	-0.3656	0.4680
4084	19	Hide	1	4	-0.3656	0.4680
4085	19	Hide	1	4	-0.3656	0.4680
4086	19	Hide	1	4	-0.3656	0.4680
4087	19	Hide	1	4	-0.3656	0.4680
4088	19	Hide	1	4	-0.3656	0.4680
4089	19	Hide	1	4	-0.3656	0.4680
4090	19	Hide	1	4	-0.3656	0.4680
4091	19	Hide	1	4	-0.3656	0.4680
4092	19	Hide	1	4	-0.3656	0.4680
4093	19	Hide	1	4	-0.3656	0.4680
4094	19	Hide	1	4	-0.3656	0.4680
4095	19	Hide	1	4	-0.3656	0.4680
4096	19	Hide	1	4	-0.3656	0.4680
4097	19	Hide	1	4	-0.3656	0.4680
4098	19	Hide	1	4	-0.3656	0.4680
4099	19	Hide	1	4	-0.3656	0.4680
4100	19	Hide	1	4	-0.3656	0.4680
4101	19	Hide	1	4	-0.3656	0.4680
4102	19	Hide	1	4	-0.3656	0.4680
4103	19	Hide	1	4	-0.3656	0.4680
4104	19	Hide	1	4	-0.3656	0.4680
4105	19	Hide	1	4	-0.3656	0.4680
4106	19	Hide	1	4	-0.3656	0.4680
4107	19	Explore	1	4	-0.3656	0.4680
