TimeStep	Transitions	State	FearLevel	HungerLevel	PosX	posZ
0	0	Hide	20	0	0.1863	-0.1251
1	1	Hide	19	1	0.1863	-0.1251
2	1	Hide	19	1	0.1864	-0.1251
3	1	Hide	19	1	0.1864	-0.1251
4	1	Hide	19	1	0.1864	-0.1251
5	1	Hide	19	1	0.1864	-0.1251
6	1	Hide	19	1	0.1859	-0.1225
7	1	Hide	19	1	0.1854	-0.1200
8	1	Hide	19	1	0.1849	-0.1174
9	1	Hide	19	1	0.1844	-0.1148
10	1	Hide	19	1	0.1840	-0.1122
11	1	Hide	19	1	0.1835	-0.1096
12	1	Hide	19	1	0.1830	-0.1071
13	1	Hide	19	1	0.1825	-0.1045
14	1	Hide	19	1	0.1820	-0.1019
15	1	Hide	19	1	0.1815	-0.0993
16	1	Hide	19	1	0.1810	-0.0968
17	1	Hide	19	1	0.1805	-0.0942
18	1	Hide	19	1	0.1800	-0.0916
19	1	Hide	19	1	0.1795	-0.0890
20	1	Hide	19	1	0.1790	-0.0864
21	1	Hide	19	1	0.1785	-0.0839
22	1	Hide	19	1	0.1780	-0.0813
23	1	Hide	19	1	0.1776	-0.0787
24	1	Hide	19	1	0.1771	-0.0761
25	1	Hide	19	1	0.1766	-0.0736
26	1	Hide	19	1	0.1761	-0.0710
27	1	Hide	19	1	0.1756	-0.0684
28	1	Hide	19	1	0.1751	-0.0658
29	1	Hide	19	1	0.1746	-0.0632
30	1	Hide	19	1	0.1741	-0.0607
31	1	Hide	19	1	0.1736	-0.0581
32	1	Hide	19	1	0.1731	-0.0555
33	1	Hide	19	1	0.1726	-0.0529
34	1	Hide	19	1	0.1721	-0.0503
35	1	Hide	19	1	0.1716	-0.0478
36	1	Hide	19	1	0.1712	-0.0452
37	1	Hide	19	1	0.1707	-0.0426
38	1	Hide	19	1	0.1702	-0.0400
39	1	Hide	19	1	0.1697	-0.0375
40	1	Hide	19	1	0.1692	-0.0349
41	1	Hide	19	1	0.1687	-0.0323
42	1	Hide	19	1	0.1682	-0.0297
43	1	Hide	19	1	0.1677	-0.0271
44	1	Hide	19	1	0.1672	-0.0246
45	1	Hide	19	1	0.1667	-0.0220
46	1	Hide	19	1	0.1662	-0.0194
47	1	Hide	19	1	0.1657	-0.0168
48	1	Hide	19	1	0.1652	-0.0143
49	1	Hide	19	1	0.1648	-0.0117
50	1	Hide	19	1	0.1643	-0.0091
51	1	Hide	19	1	0.1638	-0.0065
52	1	Hide	19	1	0.1633	-0.0039
53	1	Hide	19	1	0.1628	-0.0014
54	1	Hide	19	1	0.1623	0.0012
55	1	Hide	19	1	0.1618	0.0038
56	1	Hide	19	1	0.1613	0.0064
57	1	Hide	19	1	0.1608	0.0090
58	1	Hide	19	1	0.1603	0.0115
59	1	Hide	19	1	0.1598	0.0141
60	1	Hide	19	1	0.1593	0.0167
61	1	Hide	19	1	0.1588	0.0193
62	1	Hide	19	1	0.1583	0.0218
63	1	Hide	19	1	0.1579	0.0244
64	1	Hide	19	1	0.1574	0.0270
65	1	Hide	19	1	0.1569	0.0296
66	1	Hide	19	1	0.1564	0.0322
67	1	Hide	19	1	0.1559	0.0347
68	1	Hide	19	1	0.1554	0.0373
69	1	Hide	19	1	0.1549	0.0399
70	1	Hide	19	1	0.1544	0.0425
71	1	Hide	19	1	0.1539	0.0450
72	1	Hide	19	1	0.1534	0.0476
73	1	Hide	19	1	0.1529	0.0502
74	1	Hide	19	1	0.1524	0.0528
75	1	Hide	19	1	0.1519	0.0554
76	1	Hide	19	1	0.1514	0.0579
77	1	Hide	19	1	0.1510	0.0605
78	1	Hide	19	1	0.1505	0.0631
79	1	Hide	19	1	0.1500	0.0657
80	1	Hide	19	1	0.1495	0.0682
81	1	Hide	19	1	0.1490	0.0708
82	1	Hide	19	1	0.1485	0.0734
83	1	Hide	19	1	0.1480	0.0760
84	1	Hide	19	1	0.1475	0.0786
85	1	Hide	19	1	0.1470	0.0811
86	1	Hide	19	1	0.1465	0.0837
87	1	Hide	19	1	0.1460	0.0863
88	1	Hide	19	1	0.1455	0.0889
89	1	Hide	19	1	0.1450	0.0915
90	1	Hide	19	1	0.1445	0.0940
91	1	Hide	19	1	0.1440	0.0966
92	1	Hide	19	1	0.1436	0.0992
93	1	Hide	19	1	0.1431	0.1018
94	1	Hide	19	1	0.1426	0.1043
95	1	Hide	19	1	0.1421	0.1069
96	1	Hide	19	1	0.1416	0.1095
97	1	Hide	19	1	0.1411	0.1121
98	1	Hide	19	1	0.1406	0.1147
99	1	Hide	19	1	0.1401	0.1172
100	1	Hide	19	1	0.1396	0.1198
101	1	Hide	19	1	0.1391	0.1224
102	1	Hide	19	1	0.1386	0.1250
103	1	Hide	19	1	0.1381	0.1275
104	1	Hide	19	1	0.1376	0.1301
105	1	Hide	19	1	0.1371	0.1327
106	1	Hide	19	1	0.1367	0.1353
107	1	Hide	19	1	0.1362	0.1379
108	1	Hide	19	1	0.1357	0.1404
109	1	Hide	19	1	0.1352	0.1430
110	1	Hide	19	1	0.1347	0.1456
111	1	Hide	19	1	0.1342	0.1482
112	1	Hide	19	1	0.1337	0.1507
113	1	Hide	19	1	0.1332	0.1533
114	1	Hide	19	1	0.1327	0.1559
115	1	Hide	19	1	0.1322	0.1585
116	1	Hide	19	1	0.1317	0.1611
117	1	Hide	19	1	0.1312	0.1636
118	1	Hide	19	1	0.1307	0.1662
119	1	Hide	19	1	0.1302	0.1688
120	1	Hide	19	1	0.1297	0.1714
121	1	Hide	19	1	0.1292	0.1739
122	1	Hide	19	1	0.1288	0.1765
123	1	Hide	19	1	0.1283	0.1791
124	1	Hide	19	1	0.1278	0.1817
125	1	Hide	19	1	0.1273	0.1843
126	1	Hide	19	1	0.1268	0.1868
127	1	Hide	19	1	0.1263	0.1894
128	1	Hide	19	1	0.1258	0.1920
129	1	Hide	19	1	0.1253	0.1946
130	1	Hide	19	1	0.1248	0.1971
131	1	Hide	19	1	0.1243	0.1997
132	1	Hide	19	1	0.1238	0.2023
133	1	Hide	19	1	0.1233	0.2049
134	1	Hide	19	1	0.1228	0.2075
135	1	Hide	19	1	0.1223	0.2100
136	1	Hide	19	1	0.1218	0.2126
137	1	Hide	19	1	0.1213	0.2152
138	1	Hide	19	1	0.1209	0.2178
139	1	Hide	19	1	0.1204	0.2204
140	1	Hide	19	1	0.1199	0.2229
141	1	Hide	19	1	0.1194	0.2255
142	1	Hide	19	1	0.1189	0.2281
143	1	Hide	19	1	0.1184	0.2307
144	1	Hide	19	1	0.1179	0.2332
145	1	Hide	19	1	0.1174	0.2358
146	1	Hide	19	1	0.1169	0.2384
147	1	Hide	19	1	0.1164	0.2410
148	1	Hide	19	1	0.1159	0.2436
149	1	Hide	19	1	0.1154	0.2461
150	1	Hide	19	1	0.1149	0.2487
151	1	Hide	19	1	0.1144	0.2513
152	1	Hide	19	1	0.1139	0.2539
153	1	Hide	19	1	0.1134	0.2564
154	1	Hide	19	1	0.1130	0.2590
155	1	Hide	19	1	0.1125	0.2616
156	1	Hide	19	1	0.1120	0.2642
157	1	Hide	19	1	0.1115	0.2668
158	1	Hide	19	1	0.1110	0.2693
159	1	Hide	19	1	0.1105	0.2719
160	1	Hide	19	1	0.1100	0.2745
161	1	Hide	19	1	0.1095	0.2771
162	1	Hide	19	1	0.1090	0.2796
163	1	Hide	19	1	0.1085	0.2822
164	1	Hide	19	1	0.1080	0.2848
165	1	Hide	19	1	0.1075	0.2874
166	1	Hide	19	1	0.1070	0.2900
167	1	Hide	19	1	0.1065	0.2925
168	1	Hide	19	1	0.1060	0.2951
169	1	Hide	19	1	0.1055	0.2977
170	1	Hide	19	1	0.1050	0.3003
171	1	Hide	19	1	0.1046	0.3028
172	1	Hide	19	1	0.1041	0.3054
173	1	Hide	19	1	0.1036	0.3080
174	1	Hide	19	1	0.1031	0.3106
175	1	Hide	19	1	0.1026	0.3132
176	1	Hide	19	1	0.1021	0.3157
177	1	Hide	19	1	0.1016	0.3183
178	1	Hide	19	1	0.1011	0.3209
179	1	Hide	19	1	0.1006	0.3235
180	1	Hide	19	1	0.1001	0.3260
181	1	Hide	19	1	0.0996	0.3286
182	1	Hide	19	1	0.0991	0.3312
183	1	Hide	19	1	0.0986	0.3338
184	1	Hide	19	1	0.0981	0.3364
185	1	Hide	19	1	0.0976	0.3389
186	1	Hide	19	1	0.0971	0.3415
187	1	Hide	19	1	0.0966	0.3441
188	1	Hide	19	1	0.0961	0.3467
189	1	Hide	19	1	0.0957	0.3492
190	1	Hide	19	1	0.0952	0.3518
191	1	Hide	19	1	0.0947	0.3544
192	1	Hide	19	1	0.0942	0.3570
193	1	Hide	19	1	0.0937	0.3596
194	1	Hide	19	1	0.0932	0.3621
195	1	Hide	19	1	0.0927	0.3647
196	1	Hide	19	1	0.0922	0.3673
197	1	Hide	19	1	0.0917	0.3699
198	1	Hide	19	1	0.0912	0.3724
199	1	Hide	19	1	0.0907	0.3750
200	1	Hide	19	1	0.0902	0.3776
201	1	Hide	19	1	0.0897	0.3802
202	1	Hide	19	1	0.0892	0.3828
203	1	Hide	19	1	0.0887	0.3853
204	1	Hide	19	1	0.0882	0.3879
205	1	Hide	19	1	0.0877	0.3905
206	1	Hide	19	1	0.0872	0.3931
207	1	Hide	19	1	0.0868	0.3956
208	1	Hide	19	1	0.0863	0.3982
209	1	Hide	19	1	0.0858	0.4008
210	1	Hide	19	1	0.0853	0.4034
211	1	Hide	19	1	0.0848	0.4060
212	1	Hide	19	1	0.0843	0.4085
213	1	Hide	19	1	0.0838	0.4111
214	1	Hide	19	1	0.0833	0.4137
215	1	Hide	19	1	0.0828	0.4163
216	1	Hide	19	1	0.0823	0.4188
217	1	Hide	19	1	0.0818	0.4214
218	1	Hide	19	1	0.0813	0.4240
219	1	Hide	19	1	0.0808	0.4266
220	1	Hide	19	1	0.0803	0.4292
221	1	Hide	19	1	0.0798	0.4317
222	1	Hide	19	1	0.0793	0.4343
223	1	Hide	19	1	0.0788	0.4369
224	1	Hide	19	1	0.0783	0.4395
225	1	Hide	19	1	0.0778	0.4420
226	1	Hide	19	1	0.0773	0.4446
227	1	Hide	19	1	0.0769	0.4472
228	1	Hide	19	1	0.0764	0.4498
229	1	Hide	19	1	0.0759	0.4524
230	1	Hide	19	1	0.0754	0.4549
231	1	Hide	19	1	0.0749	0.4575
232	1	Hide	19	1	0.0744	0.4601
233	1	Hide	19	1	0.0739	0.4627
234	1	Hide	19	1	0.0734	0.4652
235	1	Hide	19	1	0.0729	0.4678
236	1	Hide	19	1	0.0729	0.4678
237	1	Hide	19	1	0.0729	0.4678
238	1	Hide	19	1	0.0729	0.4678
239	1	Hide	19	1	0.0729	0.4678
240	1	Hide	19	1	0.0729	0.4678
241	1	Hide	19	1	0.0729	0.4678
242	1	Hide	19	1	0.0729	0.4678
243	1	Hide	19	1	0.0729	0.4678
244	1	Hide	19	1	0.0729	0.4678
245	1	Hide	19	1	0.0729	0.4678
246	1	Hide	19	1	0.0729	0.4678
247	1	Hide	19	1	0.0729	0.4678
248	1	Hide	19	1	0.0729	0.4678
249	1	Hide	19	1	0.0729	0.4678
250	1	Hide	19	1	0.0729	0.4678
251	1	Hide	19	1	0.0729	0.4678
252	1	Hide	19	1	0.0729	0.4678
253	1	Hide	19	1	0.0729	0.4678
254	1	Hide	19	1	0.0729	0.4678
255	1	Hide	19	1	0.0729	0.4678
256	1	Hide	19	1	0.0729	0.4678
257	1	Hide	19	1	0.0729	0.4678
258	1	Hide	19	1	0.0729	0.4678
259	1	Hide	19	1	0.0729	0.4678
260	1	Hide	19	1	0.0729	0.4678
261	1	Hide	19	1	0.0729	0.4678
262	1	Hide	19	1	0.0729	0.4678
263	1	Hide	19	1	0.0729	0.4678
264	1	Hide	19	1	0.0729	0.4678
265	1	Hide	19	1	0.0729	0.4678
266	1	Hide	19	1	0.0729	0.4678
267	1	Hide	19	1	0.0729	0.4678
268	1	Hide	19	1	0.0729	0.4678
269	1	Hide	19	1	0.0729	0.4678
270	1	Hide	19	1	0.0729	0.4678
271	1	Hide	19	1	0.0729	0.4678
272	1	Hide	19	1	0.0729	0.4678
273	1	Hide	19	1	0.0729	0.4678
274	1	Hide	19	1	0.0729	0.4678
275	1	Hide	19	1	0.0729	0.4678
276	1	Hide	19	1	0.0729	0.4678
277	1	Hide	19	1	0.0729	0.4678
278	1	Hide	19	1	0.0729	0.4678
279	1	Hide	19	1	0.0729	0.4678
280	1	Hide	19	1	0.0729	0.4678
281	1	Hide	19	1	0.0729	0.4678
282	1	Hide	19	1	0.0729	0.4678
283	1	Hide	19	1	0.0729	0.4678
284	1	Hide	19	1	0.0729	0.4678
285	1	Hide	19	1	0.0729	0.4678
286	1	Hide	19	1	0.0729	0.4678
287	1	Hide	19	1	0.0729	0.4678
288	1	Hide	19	1	0.0729	0.4678
289	1	Hide	19	1	0.0729	0.4678
290	1	Hide	19	1	0.0729	0.4678
291	1	Hide	19	1	0.0729	0.4678
292	1	Hide	19	1	0.0729	0.4678
293	1	Hide	19	1	0.0729	0.4678
294	1	Hide	19	1	0.0729	0.4678
295	1	Hide	19	1	0.0729	0.4678
296	1	Hide	19	1	0.0729	0.4678
297	1	Hide	19	1	0.0729	0.4678
298	1	Hide	19	1	0.0729	0.4678
299	1	Hide	19	1	0.0729	0.4678
300	1	Hide	19	1	0.0729	0.4678
301	1	Hide	19	1	0.0729	0.4678
302	1	Hide	19	1	0.0729	0.4678
303	1	Hide	19	1	0.0729	0.4678
304	1	Hide	19	1	0.0729	0.4678
305	1	Hide	19	1	0.0729	0.4678
306	1	Hide	19	1	0.0729	0.4678
307	1	Hide	19	1	0.0729	0.4678
308	1	Hide	19	1	0.0729	0.4678
309	1	Hide	19	1	0.0729	0.4678
310	1	Hide	19	1	0.0729	0.4678
311	1	Hide	19	1	0.0729	0.4678
312	1	Hide	19	1	0.0729	0.4678
313	1	Hide	19	1	0.0729	0.4678
314	1	Hide	19	1	0.0729	0.4678
315	1	Hide	19	1	0.0729	0.4678
316	1	Hide	19	1	0.0729	0.4678
317	1	Hide	19	1	0.0729	0.4678
318	1	Hide	19	1	0.0729	0.4678
319	1	Hide	19	1	0.0729	0.4678
320	1	Hide	19	1	0.0729	0.4678
321	1	Hide	19	1	0.0729	0.4678
322	1	Hide	19	1	0.0729	0.4678
323	1	Hide	19	1	0.0729	0.4678
324	1	Hide	19	1	0.0729	0.4678
325	1	Hide	19	1	0.0729	0.4678
326	1	Hide	19	1	0.0729	0.4678
327	1	Hide	19	1	0.0729	0.4678
328	1	Hide	19	1	0.0729	0.4678
329	1	Hide	19	1	0.0729	0.4678
330	1	Hide	19	1	0.0729	0.4678
331	1	Hide	19	1	0.0729	0.4678
332	1	Hide	19	1	0.0729	0.4678
333	1	Hide	19	1	0.0729	0.4678
334	1	Hide	19	1	0.0729	0.4678
335	1	Explore	19	1	0.0729	0.4678
336	2	Explore	18	2	0.0729	0.4678
337	2	Explore	18	2	0.0729	0.4678
338	2	Explore	18	2	0.0728	0.4678
339	2	Explore	18	2	0.0728	0.4678
340	2	Explore	18	2	0.0728	0.4677
341	2	Explore	18	2	0.0728	0.4677
342	2	Explore	18	2	0.0728	0.4677
343	2	Explore	18	2	0.0727	0.4677
344	2	Explore	18	2	0.0727	0.4677
345	2	Explore	18	2	0.0727	0.4677
346	2	Explore	18	2	0.0727	0.4676
347	2	Explore	18	2	0.0727	0.4676
348	2	Explore	18	2	0.0726	0.4676
349	2	Explore	18	2	0.0726	0.4676
350	2	Explore	18	2	0.0726	0.4676
351	2	Explore	18	2	0.0726	0.4676
352	2	Explore	18	2	0.0726	0.4676
353	2	Explore	18	2	0.0726	0.4675
354	2	Explore	18	2	0.0726	0.4675
355	2	Explore	18	2	0.0725	0.4675
356	2	Explore	18	2	0.0725	0.4675
357	2	Explore	18	2	0.0725	0.4675
358	2	Explore	18	2	0.0725	0.4675
359	2	Explore	18	2	0.0725	0.4674
360	2	Explore	18	2	0.0725	0.4674
361	2	Explore	18	2	0.0725	0.4674
362	2	Explore	18	2	0.0724	0.4674
363	2	Explore	18	2	0.0724	0.4674
364	2	Explore	18	2	0.0724	0.4673
365	2	Explore	18	2	0.0724	0.4673
366	2	Explore	18	2	0.0724	0.4673
367	2	Explore	18	2	0.0724	0.4673
368	2	Explore	18	2	0.0724	0.4670
369	2	Explore	18	2	0.0724	0.4666
370	2	Explore	18	2	0.0724	0.4662
371	2	Explore	18	2	0.0724	0.4658
372	2	Explore	18	2	0.0724	0.4652
373	2	Hide	18	2	0.0724	0.4647
374	3	Hide	17	3	0.0724	0.4648
375	3	Hide	17	3	0.0698	0.4646
376	3	Hide	17	3	0.0697	0.4646
377	3	Hide	17	3	0.0697	0.4647
378	3	Hide	17	3	0.0697	0.4647
379	3	Hide	17	3	0.0697	0.4647
380	3	Hide	17	3	0.0671	0.4650
381	3	Hide	17	3	0.0645	0.4652
382	3	Hide	17	3	0.0619	0.4655
383	3	Hide	17	3	0.0593	0.4658
384	3	Hide	17	3	0.0567	0.4660
385	3	Hide	17	3	0.0541	0.4663
386	3	Hide	17	3	0.0515	0.4666
387	3	Hide	17	3	0.0514	0.4666
388	3	Hide	17	3	0.0489	0.4670
389	3	Hide	17	3	0.0488	0.4670
390	3	Hide	17	3	0.0463	0.4675
391	3	Hide	17	3	0.0437	0.4679
392	3	Hide	17	3	0.0437	0.4679
393	3	Hide	17	3	0.0437	0.4679
394	3	Hide	17	3	0.0437	0.4679
395	3	Hide	17	3	0.0437	0.4679
396	3	Hide	17	3	0.0437	0.4679
397	3	Hide	17	3	0.0437	0.4679
398	3	Hide	17	3	0.0437	0.4679
399	3	Hide	17	3	0.0437	0.4679
400	3	Hide	17	3	0.0437	0.4679
401	3	Hide	17	3	0.0437	0.4679
402	3	Hide	17	3	0.0437	0.4679
403	3	Hide	17	3	0.0437	0.4679
404	3	Hide	17	3	0.0437	0.4679
405	3	Hide	17	3	0.0437	0.4679
406	3	Hide	17	3	0.0437	0.4679
407	3	Hide	17	3	0.0437	0.4679
408	3	Hide	17	3	0.0437	0.4679
409	3	Hide	17	3	0.0437	0.4679
410	3	Hide	17	3	0.0437	0.4679
411	3	Hide	17	3	0.0437	0.4679
412	3	Hide	17	3	0.0437	0.4679
413	3	Hide	17	3	0.0437	0.4679
414	3	Hide	17	3	0.0437	0.4679
415	3	Hide	17	3	0.0437	0.4679
416	3	Hide	17	3	0.0437	0.4679
417	3	Hide	17	3	0.0437	0.4679
418	3	Hide	17	3	0.0437	0.4679
419	3	Hide	17	3	0.0437	0.4679
420	3	Hide	17	3	0.0437	0.4679
421	3	Hide	17	3	0.0437	0.4679
422	3	Hide	17	3	0.0437	0.4679
423	3	Hide	17	3	0.0437	0.4679
424	3	Hide	17	3	0.0437	0.4679
425	3	Hide	17	3	0.0437	0.4679
426	3	Hide	17	3	0.0437	0.4679
427	3	Hide	17	3	0.0437	0.4679
428	3	Hide	17	3	0.0437	0.4679
429	3	Hide	17	3	0.0437	0.4679
430	3	Hide	17	3	0.0437	0.4679
431	3	Hide	17	3	0.0437	0.4679
432	3	Hide	17	3	0.0437	0.4679
433	3	Hide	17	3	0.0437	0.4679
434	3	Hide	17	3	0.0437	0.4679
435	3	Hide	17	3	0.0437	0.4679
436	3	Hide	17	3	0.0437	0.4679
437	3	Hide	17	3	0.0437	0.4679
438	3	Hide	17	3	0.0437	0.4679
439	3	Hide	17	3	0.0437	0.4679
440	3	Hide	17	3	0.0437	0.4679
441	3	Hide	17	3	0.0437	0.4679
442	3	Hide	17	3	0.0437	0.4679
443	3	Hide	17	3	0.0437	0.4679
444	3	Hide	17	3	0.0437	0.4679
445	3	Hide	17	3	0.0437	0.4679
446	3	Hide	17	3	0.0437	0.4679
447	3	Hide	17	3	0.0437	0.4679
448	3	Hide	17	3	0.0437	0.4679
449	3	Hide	17	3	0.0437	0.4679
450	3	Hide	17	3	0.0437	0.4679
451	3	Hide	17	3	0.0437	0.4679
452	3	Hide	17	3	0.0437	0.4679
453	3	Hide	17	3	0.0437	0.4679
454	3	Hide	17	3	0.0437	0.4679
455	3	Hide	17	3	0.0437	0.4679
456	3	Hide	17	3	0.0437	0.4679
457	3	Hide	17	3	0.0437	0.4679
458	3	Hide	17	3	0.0437	0.4679
459	3	Hide	17	3	0.0437	0.4679
460	3	Hide	17	3	0.0437	0.4679
461	3	Hide	17	3	0.0437	0.4679
462	3	Hide	17	3	0.0437	0.4679
463	3	Hide	17	3	0.0437	0.4679
464	3	Hide	17	3	0.0437	0.4679
465	3	Hide	17	3	0.0437	0.4679
466	3	Hide	17	3	0.0437	0.4679
467	3	Hide	17	3	0.0437	0.4679
468	3	Hide	17	3	0.0437	0.4679
469	3	Hide	17	3	0.0437	0.4679
470	3	Hide	17	3	0.0437	0.4679
471	3	Hide	17	3	0.0437	0.4679
472	3	Hide	17	3	0.0437	0.4679
473	3	Hide	17	3	0.0437	0.4679
474	3	Hide	17	3	0.0437	0.4679
475	3	Hide	17	3	0.0437	0.4679
476	3	Hide	17	3	0.0437	0.4679
477	3	Hide	17	3	0.0437	0.4679
478	3	Hide	17	3	0.0437	0.4679
479	3	Hide	17	3	0.0437	0.4679
480	3	Hide	17	3	0.0437	0.4679
481	3	Hide	17	3	0.0437	0.4679
482	3	Hide	17	3	0.0437	0.4679
483	3	Hide	17	3	0.0437	0.4679
484	3	Hide	17	3	0.0437	0.4679
485	3	Hide	17	3	0.0437	0.4679
486	3	Hide	17	3	0.0437	0.4679
487	3	Hide	17	3	0.0437	0.4679
488	3	Hide	17	3	0.0437	0.4679
489	3	Hide	17	3	0.0437	0.4679
490	3	Hide	17	3	0.0437	0.4679
491	3	Explore	17	3	0.0437	0.4679
492	4	Eat	16	4	0.0437	0.4675
493	5	Eat	15	5	0.0413	0.4674
494	5	Eat	15	5	0.0387	0.4673
495	5	Eat	15	5	0.0361	0.4672
496	5	Eat	15	5	0.0335	0.4670
497	5	Eat	15	5	0.0309	0.4669
498	5	Eat	15	5	0.0283	0.4668
499	5	Eat	15	5	0.0257	0.4668
500	5	Eat	15	5	0.0257	0.4664
501	5	Eat	15	5	0.0230	0.4663
502	5	Eat	15	5	0.0230	0.4659
503	5	Eat	15	5	0.0230	0.4653
504	5	Eat	15	5	0.0204	0.4652
505	5	Eat	15	5	0.0178	0.4650
506	5	Eat	15	5	0.0178	0.4646
507	5	Eat	15	5	0.0178	0.4641
508	5	Eat	15	5	0.0152	0.4638
509	5	Eat	15	5	0.0152	0.4636
510	5	Eat	15	5	0.0152	0.4633
511	5	Eat	15	5	0.0127	0.4627
512	5	Eat	15	5	0.0126	0.4627
513	5	Eat	15	5	0.0127	0.4627
514	5	Eat	15	5	0.0102	0.4618
515	5	Eat	15	5	0.0102	0.4618
516	5	Eat	15	5	0.0077	0.4608
517	5	Eat	15	5	0.0053	0.4598
518	5	Eat	15	5	0.0053	0.4598
519	5	Eat	15	5	0.0029	0.4587
520	5	Eat	15	5	0.0006	0.4575
521	5	Eat	15	5	-0.0017	0.4563
522	5	Eat	15	5	-0.0040	0.4551
523	5	Eat	15	5	-0.0040	0.4550
524	5	Eat	15	5	-0.0040	0.4550
525	5	Eat	15	5	-0.0040	0.4550
526	5	Eat	15	5	-0.0040	0.4550
527	5	Eat	15	5	-0.0061	0.4534
528	5	Eat	15	5	-0.0061	0.4534
529	5	Eat	15	5	-0.0061	0.4534
530	5	Eat	15	5	-0.0080	0.4516
531	5	Eat	15	5	-0.0080	0.4516
532	5	Eat	15	5	-0.0080	0.4516
533	5	Eat	15	5	-0.0080	0.4516
534	5	Eat	15	5	-0.0080	0.4515
535	5	Eat	15	5	-0.0080	0.4515
536	5	Eat	15	5	-0.0079	0.4515
537	5	Eat	15	5	-0.0079	0.4515
538	5	Eat	15	5	-0.0079	0.4515
539	5	Eat	15	5	-0.0079	0.4515
540	5	Eat	15	5	-0.0079	0.4515
541	5	Eat	15	5	-0.0078	0.4514
542	5	Eat	15	5	-0.0078	0.4514
543	5	Eat	15	5	-0.0088	0.4490
544	5	Eat	15	5	-0.0097	0.4465
545	5	Eat	15	5	-0.0106	0.4440
546	5	Eat	15	5	-0.0114	0.4415
547	5	Eat	15	5	-0.0122	0.4390
548	5	Eat	15	5	-0.0129	0.4365
549	5	Eat	15	5	-0.0137	0.4340
550	5	Eat	15	5	-0.0143	0.4315
551	5	Eat	15	5	-0.0150	0.4289
552	5	Eat	15	5	-0.0156	0.4264
553	5	Eat	15	5	-0.0162	0.4238
554	5	Eat	15	5	-0.0167	0.4212
555	5	Eat	15	5	-0.0172	0.4187
556	5	Eat	15	5	-0.0177	0.4161
557	5	Eat	15	5	-0.0181	0.4135
558	5	Eat	15	5	-0.0185	0.4109
559	5	Eat	15	5	-0.0189	0.4083
560	5	Eat	15	5	-0.0193	0.4057
561	5	Eat	15	5	-0.0196	0.4031
562	5	Eat	15	5	-0.0199	0.4005
563	5	Eat	15	5	-0.0202	0.3979
564	5	Eat	15	5	-0.0204	0.3953
565	5	Eat	15	5	-0.0207	0.3927
566	5	Eat	15	5	-0.0209	0.3900
567	5	Eat	15	5	-0.0210	0.3874
568	5	Eat	15	5	-0.0212	0.3848
569	5	Eat	15	5	-0.0214	0.3822
570	5	Eat	15	5	-0.0215	0.3796
571	5	Eat	15	5	-0.0216	0.3769
572	5	Eat	15	5	-0.0217	0.3743
573	5	Eat	15	5	-0.0218	0.3717
574	5	Eat	15	5	-0.0218	0.3691
575	5	Eat	15	5	-0.0219	0.3664
576	5	Eat	15	5	-0.0219	0.3638
577	5	Eat	15	5	-0.0219	0.3612
578	5	Eat	15	5	-0.0219	0.3586
579	5	Eat	15	5	-0.0219	0.3559
580	5	Eat	15	5	-0.0219	0.3533
581	5	Eat	15	5	-0.0218	0.3507
582	5	Eat	15	5	-0.0218	0.3481
583	5	Eat	15	5	-0.0217	0.3454
584	5	Eat	15	5	-0.0216	0.3428
585	5	Eat	15	5	-0.0216	0.3402
586	5	Eat	15	5	-0.0215	0.3376
587	5	Eat	15	5	-0.0214	0.3350
588	5	Eat	15	5	-0.0212	0.3323
589	5	Eat	15	5	-0.0211	0.3297
590	5	Eat	15	5	-0.0210	0.3271
591	5	Eat	15	5	-0.0208	0.3245
592	5	Eat	15	5	-0.0207	0.3218
593	5	Eat	15	5	-0.0205	0.3192
594	5	Eat	15	5	-0.0204	0.3166
595	5	Eat	15	5	-0.0202	0.3140
596	5	Eat	15	5	-0.0200	0.3114
597	5	Eat	15	5	-0.0198	0.3088
598	5	Eat	15	5	-0.0196	0.3061
599	5	Eat	15	5	-0.0194	0.3035
600	5	Eat	15	5	-0.0192	0.3009
601	5	Eat	15	5	-0.0190	0.2983
602	5	Eat	15	5	-0.0188	0.2957
603	5	Eat	15	5	-0.0185	0.2931
604	5	Eat	15	5	-0.0183	0.2904
605	5	Eat	15	5	-0.0181	0.2878
606	5	Eat	15	5	-0.0178	0.2852
607	5	Eat	15	5	-0.0176	0.2826
608	5	Eat	15	5	-0.0173	0.2800
609	5	Eat	15	5	-0.0170	0.2774
610	5	Eat	15	5	-0.0168	0.2748
611	5	Eat	15	5	-0.0165	0.2722
612	5	Eat	15	5	-0.0162	0.2695
613	5	Eat	15	5	-0.0159	0.2669
614	5	Eat	15	5	-0.0157	0.2643
615	5	Eat	15	5	-0.0154	0.2617
616	5	Eat	15	5	-0.0151	0.2591
617	5	Eat	15	5	-0.0148	0.2565
618	5	Eat	15	5	-0.0145	0.2539
619	5	Eat	15	5	-0.0142	0.2513
620	5	Eat	15	5	-0.0139	0.2487
621	5	Eat	15	5	-0.0136	0.2461
622	5	Eat	15	5	-0.0133	0.2435
623	5	Eat	15	5	-0.0129	0.2409
624	5	Eat	15	5	-0.0126	0.2383
625	5	Eat	15	5	-0.0123	0.2357
626	5	Eat	15	5	-0.0120	0.2330
627	5	Eat	15	5	-0.0116	0.2304
628	5	Eat	15	5	-0.0113	0.2278
629	5	Eat	15	5	-0.0110	0.2252
630	5	Eat	15	5	-0.0106	0.2226
631	5	Eat	15	5	-0.0103	0.2200
632	5	Eat	15	5	-0.0099	0.2174
633	5	Eat	15	5	-0.0096	0.2148
634	5	Eat	15	5	-0.0092	0.2122
635	5	Eat	15	5	-0.0089	0.2096
636	5	Eat	15	5	-0.0085	0.2070
637	5	Eat	15	5	-0.0081	0.2044
638	5	Eat	15	5	-0.0078	0.2018
639	5	Eat	15	5	-0.0074	0.1992
640	5	Eat	15	5	-0.0070	0.1966
641	5	Eat	15	5	-0.0067	0.1940
642	5	Eat	15	5	-0.0063	0.1914
643	5	Eat	15	5	-0.0059	0.1888
644	5	Eat	15	5	-0.0055	0.1862
645	5	Eat	15	5	-0.0051	0.1836
646	5	Eat	15	5	-0.0048	0.1810
647	5	Eat	15	5	-0.0044	0.1785
648	5	Eat	15	5	-0.0040	0.1759
649	5	Eat	15	5	-0.0036	0.1733
650	5	Eat	15	5	-0.0032	0.1707
651	5	Eat	15	5	-0.0028	0.1681
652	5	Eat	15	5	-0.0024	0.1655
653	5	Eat	15	5	-0.0020	0.1629
654	5	Eat	15	5	-0.0020	0.1629
655	5	Eat	15	5	-0.0020	0.1629
656	5	Eat	15	5	-0.0020	0.1629
657	5	Eat	15	5	-0.0020	0.1629
658	5	Eat	15	5	-0.0020	0.1629
659	5	Eat	15	5	-0.0020	0.1629
660	5	Eat	15	5	-0.0020	0.1629
661	5	Eat	15	5	-0.0020	0.1629
662	5	Eat	15	5	-0.0020	0.1629
663	5	Eat	15	5	-0.0020	0.1629
664	5	Eat	15	5	-0.0020	0.1629
665	5	Eat	15	5	-0.0020	0.1629
666	5	Eat	15	5	-0.0020	0.1629
667	5	Eat	15	5	-0.0020	0.1629
668	5	Eat	15	5	-0.0020	0.1629
669	5	Eat	15	5	-0.0020	0.1629
670	5	Eat	15	5	-0.0020	0.1629
671	5	Eat	15	5	-0.0020	0.1629
672	5	Eat	15	5	-0.0020	0.1629
673	5	Eat	15	5	-0.0020	0.1629
674	5	Eat	15	5	-0.0020	0.1629
675	5	Eat	15	5	-0.0020	0.1629
676	5	Eat	15	5	-0.0020	0.1629
677	5	Eat	15	5	-0.0020	0.1629
678	5	Eat	15	5	-0.0020	0.1629
679	5	Eat	15	5	-0.0020	0.1629
680	5	Eat	15	5	-0.0020	0.1629
681	5	Eat	15	5	-0.0020	0.1629
682	5	Eat	15	5	-0.0020	0.1629
683	5	Eat	15	5	-0.0020	0.1629
684	5	Eat	15	5	-0.0020	0.1629
685	5	Eat	15	5	-0.0020	0.1629
686	5	Eat	15	5	-0.0020	0.1629
687	5	Eat	15	5	-0.0020	0.1629
688	5	Eat	15	5	-0.0020	0.1629
689	5	Eat	15	5	-0.0020	0.1629
690	5	Eat	15	5	-0.0020	0.1629
691	5	Eat	15	5	-0.0020	0.1629
692	5	Eat	15	5	-0.0020	0.1629
693	5	Eat	15	5	-0.0020	0.1629
694	5	Eat	15	5	-0.0020	0.1629
695	5	Eat	15	5	-0.0020	0.1629
696	5	Eat	15	5	-0.0020	0.1629
697	5	Eat	15	5	-0.0020	0.1629
698	5	Eat	15	5	-0.0020	0.1629
699	5	Eat	15	5	-0.0020	0.1629
700	5	Eat	15	5	-0.0020	0.1629
701	5	Eat	15	5	-0.0020	0.1629
702	5	Eat	15	5	-0.0020	0.1629
703	5	Eat	15	5	-0.0020	0.1629
704	5	Eat	15	5	-0.0020	0.1629
705	5	Eat	15	5	-0.0020	0.1629
706	5	Eat	15	5	-0.0020	0.1629
707	5	Eat	15	5	-0.0020	0.1629
708	5	Eat	15	5	-0.0020	0.1629
709	5	Eat	15	5	-0.0020	0.1629
710	5	Eat	15	5	-0.0020	0.1629
711	5	Eat	15	5	-0.0020	0.1629
712	5	Eat	15	5	-0.0020	0.1629
713	5	Eat	15	5	-0.0020	0.1629
714	5	Eat	15	5	-0.0020	0.1629
715	5	Eat	15	5	-0.0020	0.1629
716	5	Eat	15	5	-0.0020	0.1629
717	5	Eat	15	5	-0.0020	0.1629
718	5	Eat	15	5	-0.0020	0.1629
719	5	Eat	15	5	-0.0020	0.1629
720	5	Eat	15	5	-0.0020	0.1629
721	5	Eat	15	5	-0.0020	0.1629
722	5	Eat	15	5	-0.0020	0.1629
723	5	Eat	15	5	-0.0020	0.1629
724	5	Eat	15	5	-0.0020	0.1629
725	5	Eat	15	5	-0.0020	0.1629
726	5	Eat	15	5	-0.0020	0.1629
727	5	Eat	15	5	-0.0020	0.1629
728	5	Eat	15	5	-0.0020	0.1629
729	5	Eat	15	5	-0.0020	0.1629
730	5	Eat	15	5	-0.0020	0.1629
731	5	Eat	15	5	-0.0020	0.1629
732	5	Eat	15	5	-0.0020	0.1629
733	5	Eat	15	5	-0.0020	0.1629
734	5	Eat	15	5	-0.0020	0.1629
735	5	Eat	15	5	-0.0020	0.1629
736	5	Eat	15	5	-0.0020	0.1629
737	5	Eat	15	5	-0.0020	0.1629
738	5	Eat	15	5	-0.0020	0.1629
739	5	Eat	15	5	-0.0020	0.1629
740	5	Eat	15	5	-0.0020	0.1629
741	5	Eat	15	5	-0.0020	0.1629
742	5	Eat	15	5	-0.0020	0.1629
743	5	Eat	15	5	-0.0020	0.1629
744	5	Eat	15	5	-0.0020	0.1629
745	5	Eat	15	5	-0.0020	0.1629
746	5	Eat	15	5	-0.0020	0.1629
747	5	Eat	15	5	-0.0020	0.1629
748	5	Eat	15	5	-0.0020	0.1629
749	5	Eat	15	5	-0.0020	0.1629
750	5	Eat	15	5	-0.0020	0.1629
751	5	Eat	15	5	-0.0020	0.1629
752	5	Eat	15	5	-0.0020	0.1629
753	5	Eat	15	5	-0.0020	0.1629
754	5	Eat	15	5	-0.0020	0.1629
755	5	Eat	15	5	-0.0020	0.1629
756	5	Eat	15	5	-0.0020	0.1629
757	5	Eat	15	5	-0.0020	0.1629
758	5	Eat	15	5	-0.0020	0.1629
759	5	Eat	15	5	-0.0020	0.1629
760	5	Eat	15	5	-0.0020	0.1629
761	5	Eat	15	5	-0.0020	0.1629
762	5	Eat	15	5	-0.0020	0.1629
763	5	Eat	15	5	-0.0020	0.1629
764	5	Eat	15	5	-0.0020	0.1629
765	5	Eat	15	5	-0.0020	0.1629
766	5	Eat	15	5	-0.0020	0.1629
767	5	Eat	15	5	-0.0020	0.1629
768	5	Eat	15	5	-0.0020	0.1629
769	5	Eat	15	5	-0.0020	0.1629
770	5	Eat	15	5	-0.0020	0.1629
771	5	Eat	15	5	-0.0020	0.1629
772	5	Eat	15	5	-0.0020	0.1629
773	5	Eat	15	5	-0.0020	0.1629
774	5	Eat	15	5	-0.0020	0.1629
775	5	Eat	15	5	-0.0020	0.1629
776	5	Eat	15	5	-0.0020	0.1629
777	5	Eat	15	5	-0.0020	0.1629
778	5	Eat	15	5	-0.0020	0.1629
779	5	Eat	15	5	-0.0020	0.1629
780	5	Eat	15	5	-0.0020	0.1629
781	5	Eat	15	5	-0.0020	0.1629
782	5	Eat	15	5	-0.0020	0.1629
783	5	Eat	15	5	-0.0020	0.1629
784	5	Eat	15	5	-0.0020	0.1629
785	5	Eat	15	5	-0.0020	0.1629
786	5	Eat	15	5	-0.0020	0.1629
787	5	Eat	15	5	-0.0020	0.1629
788	5	Eat	15	5	-0.0020	0.1629
789	5	Eat	15	5	-0.0020	0.1629
790	5	Eat	15	5	-0.0020	0.1629
791	5	Eat	15	5	-0.0020	0.1629
792	5	Eat	15	5	-0.0020	0.1629
793	5	Eat	15	5	-0.0020	0.1629
794	5	Eat	15	5	-0.0020	0.1629
795	5	Eat	15	5	-0.0020	0.1629
796	5	Eat	15	5	-0.0020	0.1629
797	5	Eat	15	5	-0.0020	0.1629
798	5	Eat	15	5	-0.0020	0.1629
799	5	Eat	15	5	-0.0020	0.1629
800	5	Eat	15	5	-0.0020	0.1629
801	5	Eat	15	5	-0.0020	0.1629
802	5	Eat	15	5	-0.0020	0.1629
803	5	Eat	15	5	-0.0020	0.1629
804	5	Eat	15	5	-0.0020	0.1629
805	5	Eat	15	5	-0.0020	0.1629
806	5	Eat	15	5	-0.0020	0.1629
807	5	Eat	15	5	-0.0020	0.1629
808	5	Eat	15	5	-0.0020	0.1629
809	5	Eat	15	5	-0.0020	0.1629
810	5	Eat	15	5	-0.0020	0.1629
811	5	Eat	15	5	-0.0020	0.1629
812	5	Eat	15	5	-0.0020	0.1629
813	5	Explore	15	0	-0.0020	0.1629
814	6	Hide	14	1	-0.0016	0.1603
815	7	Hide	13	2	-0.0016	0.1603
816	7	Hide	13	2	-0.0016	0.1603
817	7	Hide	13	2	-0.0016	0.1603
818	7	Hide	13	2	-0.0017	0.1603
819	7	Hide	13	2	-0.0017	0.1603
820	7	Hide	13	2	-0.0017	0.1603
821	7	Hide	13	2	-0.0017	0.1603
822	7	Hide	13	2	-0.0017	0.1603
823	7	Hide	13	2	-0.0018	0.1603
824	7	Hide	13	2	-0.0018	0.1603
825	7	Hide	13	2	-0.0018	0.1603
826	7	Hide	13	2	-0.0018	0.1604
827	7	Hide	13	2	-0.0018	0.1604
828	7	Hide	13	2	-0.0019	0.1604
829	7	Hide	13	2	-0.0019	0.1604
830	7	Hide	13	2	-0.0030	0.1580
831	7	Hide	13	2	-0.0041	0.1557
832	7	Hide	13	2	-0.0052	0.1533
833	7	Hide	13	2	-0.0063	0.1509
834	7	Hide	13	2	-0.0073	0.1485
835	7	Hide	13	2	-0.0084	0.1461
836	7	Hide	13	2	-0.0095	0.1437
837	7	Hide	13	2	-0.0106	0.1413
838	7	Hide	13	2	-0.0117	0.1390
839	7	Hide	13	2	-0.0128	0.1366
840	7	Hide	13	2	-0.0139	0.1342
841	7	Hide	13	2	-0.0150	0.1318
842	7	Hide	13	2	-0.0161	0.1294
843	7	Hide	13	2	-0.0172	0.1270
844	7	Hide	13	2	-0.0183	0.1246
845	7	Hide	13	2	-0.0194	0.1222
846	7	Hide	13	2	-0.0205	0.1199
847	7	Hide	13	2	-0.0216	0.1175
848	7	Hide	13	2	-0.0227	0.1151
849	7	Hide	13	2	-0.0237	0.1127
850	7	Hide	13	2	-0.0248	0.1103
851	7	Hide	13	2	-0.0259	0.1079
852	7	Hide	13	2	-0.0270	0.1055
853	7	Hide	13	2	-0.0281	0.1032
854	7	Hide	13	2	-0.0292	0.1008
855	7	Hide	13	2	-0.0303	0.0984
856	7	Hide	13	2	-0.0314	0.0960
857	7	Hide	13	2	-0.0325	0.0936
858	7	Hide	13	2	-0.0336	0.0912
859	7	Hide	13	2	-0.0347	0.0888
860	7	Hide	13	2	-0.0358	0.0865
861	7	Hide	13	2	-0.0369	0.0841
862	7	Hide	13	2	-0.0380	0.0817
863	7	Hide	13	2	-0.0391	0.0793
864	7	Hide	13	2	-0.0401	0.0769
865	7	Hide	13	2	-0.0412	0.0745
866	7	Hide	13	2	-0.0423	0.0721
867	7	Hide	13	2	-0.0434	0.0698
868	7	Hide	13	2	-0.0445	0.0674
869	7	Hide	13	2	-0.0456	0.0650
870	7	Hide	13	2	-0.0467	0.0626
871	7	Hide	13	2	-0.0478	0.0602
872	7	Hide	13	2	-0.0489	0.0578
873	7	Hide	13	2	-0.0500	0.0554
874	7	Hide	13	2	-0.0511	0.0530
875	7	Hide	13	2	-0.0522	0.0507
876	7	Hide	13	2	-0.0533	0.0483
877	7	Hide	13	2	-0.0544	0.0459
878	7	Hide	13	2	-0.0555	0.0435
879	7	Hide	13	2	-0.0566	0.0411
880	7	Hide	13	2	-0.0576	0.0387
881	7	Hide	13	2	-0.0587	0.0363
882	7	Hide	13	2	-0.0598	0.0340
883	7	Hide	13	2	-0.0609	0.0316
884	7	Hide	13	2	-0.0620	0.0292
885	7	Hide	13	2	-0.0631	0.0268
886	7	Hide	13	2	-0.0642	0.0244
887	7	Hide	13	2	-0.0653	0.0220
888	7	Hide	13	2	-0.0664	0.0196
889	7	Hide	13	2	-0.0675	0.0173
890	7	Hide	13	2	-0.0686	0.0149
891	7	Hide	13	2	-0.0697	0.0125
892	7	Hide	13	2	-0.0708	0.0101
893	7	Hide	13	2	-0.0719	0.0077
894	7	Hide	13	2	-0.0730	0.0053
895	7	Hide	13	2	-0.0741	0.0029
896	7	Hide	13	2	-0.0751	0.0006
897	7	Hide	13	2	-0.0762	-0.0018
898	7	Hide	13	2	-0.0773	-0.0042
899	7	Hide	13	2	-0.0784	-0.0066
900	7	Hide	13	2	-0.0795	-0.0090
901	7	Hide	13	2	-0.0806	-0.0114
902	7	Hide	13	2	-0.0817	-0.0138
903	7	Hide	13	2	-0.0828	-0.0161
904	7	Hide	13	2	-0.0839	-0.0185
905	7	Hide	13	2	-0.0850	-0.0209
906	7	Hide	13	2	-0.0861	-0.0233
907	7	Hide	13	2	-0.0872	-0.0257
908	7	Hide	13	2	-0.0883	-0.0281
909	7	Hide	13	2	-0.0894	-0.0305
910	7	Hide	13	2	-0.0905	-0.0329
911	7	Hide	13	2	-0.0916	-0.0352
912	7	Hide	13	2	-0.0926	-0.0376
913	7	Hide	13	2	-0.0937	-0.0400
914	7	Hide	13	2	-0.0948	-0.0424
915	7	Hide	13	2	-0.0959	-0.0448
916	7	Hide	13	2	-0.0970	-0.0472
917	7	Hide	13	2	-0.0981	-0.0496
918	7	Hide	13	2	-0.0992	-0.0519
919	7	Hide	13	2	-0.1003	-0.0543
920	7	Hide	13	2	-0.1014	-0.0567
921	7	Hide	13	2	-0.1025	-0.0591
922	7	Hide	13	2	-0.1036	-0.0615
923	7	Hide	13	2	-0.1047	-0.0639
924	7	Hide	13	2	-0.1058	-0.0663
925	7	Hide	13	2	-0.1069	-0.0686
926	7	Hide	13	2	-0.1080	-0.0710
927	7	Hide	13	2	-0.1091	-0.0734
928	7	Hide	13	2	-0.1101	-0.0758
929	7	Hide	13	2	-0.1112	-0.0782
930	7	Hide	13	2	-0.1123	-0.0806
931	7	Hide	13	2	-0.1134	-0.0830
932	7	Hide	13	2	-0.1145	-0.0853
933	7	Hide	13	2	-0.1156	-0.0877
934	7	Hide	13	2	-0.1167	-0.0901
935	7	Hide	13	2	-0.1178	-0.0925
936	7	Hide	13	2	-0.1189	-0.0949
937	7	Hide	13	2	-0.1200	-0.0973
938	7	Hide	13	2	-0.1211	-0.0997
939	7	Hide	13	2	-0.1222	-0.1020
940	7	Hide	13	2	-0.1233	-0.1044
941	7	Hide	13	2	-0.1244	-0.1068
942	7	Hide	13	2	-0.1255	-0.1092
943	7	Hide	13	2	-0.1266	-0.1116
944	7	Hide	13	2	-0.1277	-0.1140
945	7	Hide	13	2	-0.1287	-0.1164
946	7	Hide	13	2	-0.1298	-0.1187
947	7	Hide	13	2	-0.1309	-0.1211
948	7	Hide	13	2	-0.1320	-0.1235
949	7	Hide	13	2	-0.1331	-0.1259
950	7	Hide	13	2	-0.1342	-0.1283
951	7	Hide	13	2	-0.1353	-0.1307
952	7	Hide	13	2	-0.1364	-0.1331
953	7	Hide	13	2	-0.1375	-0.1354
954	7	Hide	13	2	-0.1386	-0.1378
955	7	Hide	13	2	-0.1397	-0.1402
956	7	Hide	13	2	-0.1408	-0.1426
957	7	Hide	13	2	-0.1419	-0.1450
958	7	Hide	13	2	-0.1430	-0.1474
959	7	Hide	13	2	-0.1441	-0.1498
960	7	Hide	13	2	-0.1452	-0.1521
961	7	Hide	13	2	-0.1463	-0.1545
962	7	Hide	13	2	-0.1473	-0.1569
963	7	Hide	13	2	-0.1484	-0.1593
964	7	Hide	13	2	-0.1495	-0.1617
965	7	Hide	13	2	-0.1506	-0.1641
966	7	Hide	13	2	-0.1517	-0.1665
967	7	Hide	13	2	-0.1528	-0.1688
968	7	Hide	13	2	-0.1539	-0.1712
969	7	Hide	13	2	-0.1550	-0.1736
970	7	Hide	13	2	-0.1561	-0.1760
971	7	Hide	13	2	-0.1572	-0.1784
972	7	Hide	13	2	-0.1583	-0.1808
973	7	Hide	13	2	-0.1594	-0.1832
974	7	Hide	13	2	-0.1605	-0.1855
975	7	Hide	13	2	-0.1616	-0.1879
976	7	Hide	13	2	-0.1627	-0.1903
977	7	Hide	13	2	-0.1638	-0.1927
978	7	Hide	13	2	-0.1649	-0.1951
979	7	Hide	13	2	-0.1660	-0.1975
980	7	Hide	13	2	-0.1670	-0.1999
981	7	Hide	13	2	-0.1681	-0.2022
982	7	Hide	13	2	-0.1692	-0.2046
983	7	Hide	13	2	-0.1703	-0.2070
984	7	Hide	13	2	-0.1714	-0.2094
985	7	Hide	13	2	-0.1725	-0.2118
986	7	Hide	13	2	-0.1736	-0.2142
987	7	Hide	13	2	-0.1747	-0.2166
988	7	Hide	13	2	-0.1758	-0.2189
989	7	Hide	13	2	-0.1769	-0.2213
990	7	Hide	13	2	-0.1780	-0.2237
991	7	Hide	13	2	-0.1791	-0.2261
992	7	Hide	13	2	-0.1802	-0.2285
993	7	Hide	13	2	-0.1813	-0.2309
994	7	Hide	13	2	-0.1824	-0.2333
995	7	Hide	13	2	-0.1835	-0.2356
996	7	Hide	13	2	-0.1846	-0.2380
997	7	Hide	13	2	-0.1857	-0.2404
998	7	Hide	13	2	-0.1867	-0.2428
999	7	Hide	13	2	-0.1878	-0.2452
1000	7	Hide	13	2	-0.1889	-0.2476
1001	7	Hide	13	2	-0.1900	-0.2500
1002	7	Hide	13	2	-0.1911	-0.2523
1003	7	Hide	13	2	-0.1922	-0.2547
1004	7	Hide	13	2	-0.1933	-0.2571
1005	7	Hide	13	2	-0.1944	-0.2595
1006	7	Hide	13	2	-0.1955	-0.2619
1007	7	Hide	13	2	-0.1966	-0.2643
1008	7	Hide	13	2	-0.1977	-0.2667
1009	7	Hide	13	2	-0.1988	-0.2690
1010	7	Hide	13	2	-0.1999	-0.2714
1011	7	Hide	13	2	-0.2010	-0.2738
1012	7	Hide	13	2	-0.2021	-0.2762
1013	7	Hide	13	2	-0.2032	-0.2786
1014	7	Hide	13	2	-0.2043	-0.2810
1015	7	Hide	13	2	-0.2054	-0.2834
1016	7	Hide	13	2	-0.2064	-0.2857
1017	7	Hide	13	2	-0.2075	-0.2881
1018	7	Hide	13	2	-0.2086	-0.2905
1019	7	Hide	13	2	-0.2097	-0.2929
1020	7	Hide	13	2	-0.2108	-0.2953
1021	7	Hide	13	2	-0.2119	-0.2977
1022	7	Hide	13	2	-0.2130	-0.3001
1023	7	Hide	13	2	-0.2141	-0.3024
1024	7	Hide	13	2	-0.2152	-0.3048
1025	7	Hide	13	2	-0.2163	-0.3072
1026	7	Hide	13	2	-0.2174	-0.3096
1027	7	Hide	13	2	-0.2185	-0.3120
1028	7	Hide	13	2	-0.2196	-0.3144
1029	7	Hide	13	2	-0.2207	-0.3168
1030	7	Hide	13	2	-0.2218	-0.3191
1031	7	Hide	13	2	-0.2229	-0.3215
1032	7	Hide	13	2	-0.2240	-0.3239
1033	7	Hide	13	2	-0.2240	-0.3239
1034	7	Hide	13	2	-0.2240	-0.3239
1035	7	Hide	13	2	-0.2240	-0.3239
1036	7	Hide	13	2	-0.2240	-0.3239
1037	7	Hide	13	2	-0.2241	-0.3239
1038	7	Hide	13	2	-0.2241	-0.3239
1039	7	Hide	13	2	-0.2241	-0.3238
1040	7	Hide	13	2	-0.2241	-0.3238
1041	7	Hide	13	2	-0.2241	-0.3238
1042	7	Hide	13	2	-0.2241	-0.3238
1043	7	Hide	13	2	-0.2242	-0.3238
1044	7	Hide	13	2	-0.2242	-0.3238
1045	7	Hide	13	2	-0.2242	-0.3237
1046	7	Hide	13	2	-0.2242	-0.3237
1047	7	Hide	13	2	-0.2242	-0.3237
1048	7	Hide	13	2	-0.2242	-0.3237
1049	7	Hide	13	2	-0.2242	-0.3237
1050	7	Hide	13	2	-0.2242	-0.3237
1051	7	Hide	13	2	-0.2243	-0.3236
1052	7	Hide	13	2	-0.2243	-0.3236
1053	7	Hide	13	2	-0.2243	-0.3236
1054	7	Hide	13	2	-0.2243	-0.3236
1055	7	Hide	13	2	-0.2244	-0.3236
1056	7	Hide	13	2	-0.2244	-0.3235
1057	7	Hide	13	2	-0.2244	-0.3235
1058	7	Hide	13	2	-0.2245	-0.3235
1059	7	Hide	13	2	-0.2245	-0.3235
1060	7	Hide	13	2	-0.2245	-0.3235
1061	7	Hide	13	2	-0.2245	-0.3234
1062	7	Hide	13	2	-0.2245	-0.3234
1063	7	Hide	13	2	-0.2245	-0.3234
1064	7	Hide	13	2	-0.2245	-0.3234
1065	7	Hide	13	2	-0.2245	-0.3234
1066	7	Hide	13	2	-0.2271	-0.3230
1067	7	Hide	13	2	-0.2297	-0.3226
1068	7	Hide	13	2	-0.2323	-0.3222
1069	7	Hide	13	2	-0.2349	-0.3218
1070	7	Hide	13	2	-0.2375	-0.3215
1071	7	Hide	13	2	-0.2401	-0.3211
1072	7	Hide	13	2	-0.2427	-0.3207
1073	7	Hide	13	2	-0.2453	-0.3203
1074	7	Hide	13	2	-0.2478	-0.3200
1075	7	Hide	13	2	-0.2504	-0.3196
1076	7	Hide	13	2	-0.2530	-0.3192
1077	7	Hide	13	2	-0.2556	-0.3188
1078	7	Hide	13	2	-0.2582	-0.3184
1079	7	Hide	13	2	-0.2608	-0.3181
1080	7	Hide	13	2	-0.2634	-0.3177
1081	7	Hide	13	2	-0.2660	-0.3173
1082	7	Hide	13	2	-0.2686	-0.3169
1083	7	Hide	13	2	-0.2712	-0.3165
1084	7	Hide	13	2	-0.2738	-0.3162
1085	7	Hide	13	2	-0.2764	-0.3158
1086	7	Hide	13	2	-0.2790	-0.3154
1087	7	Hide	13	2	-0.2816	-0.3150
1088	7	Hide	13	2	-0.2842	-0.3147
1089	7	Hide	13	2	-0.2868	-0.3143
1090	7	Hide	13	2	-0.2894	-0.3139
1091	7	Hide	13	2	-0.2920	-0.3135
1092	7	Hide	13	2	-0.2946	-0.3131
1093	7	Hide	13	2	-0.2972	-0.3128
1094	7	Hide	13	2	-0.2998	-0.3124
1095	7	Hide	13	2	-0.3024	-0.3120
1096	7	Hide	13	2	-0.3050	-0.3116
1097	7	Hide	13	2	-0.3076	-0.3112
1098	7	Hide	13	2	-0.3102	-0.3109
1099	7	Hide	13	2	-0.3128	-0.3105
1100	7	Hide	13	2	-0.3154	-0.3101
1101	7	Hide	13	2	-0.3180	-0.3097
1102	7	Hide	13	2	-0.3206	-0.3094
1103	7	Hide	13	2	-0.3232	-0.3090
1104	7	Hide	13	2	-0.3258	-0.3086
1105	7	Hide	13	2	-0.3284	-0.3082
1106	7	Hide	13	2	-0.3310	-0.3078
1107	7	Hide	13	2	-0.3336	-0.3075
1108	7	Hide	13	2	-0.3362	-0.3071
1109	7	Hide	13	2	-0.3388	-0.3067
1110	7	Hide	13	2	-0.3414	-0.3063
1111	7	Hide	13	2	-0.3440	-0.3059
1112	7	Hide	13	2	-0.3465	-0.3056
1113	7	Hide	13	2	-0.3491	-0.3052
1114	7	Hide	13	2	-0.3517	-0.3048
1115	7	Hide	13	2	-0.3543	-0.3044
1116	7	Hide	13	2	-0.3569	-0.3041
1117	7	Hide	13	2	-0.3595	-0.3037
1118	7	Hide	13	2	-0.3621	-0.3033
1119	7	Hide	13	2	-0.3647	-0.3029
1120	7	Hide	13	2	-0.3673	-0.3025
1121	7	Hide	13	2	-0.3699	-0.3022
1122	7	Hide	13	2	-0.3725	-0.3018
1123	7	Hide	13	2	-0.3751	-0.3014
1124	7	Hide	13	2	-0.3777	-0.3010
1125	7	Hide	13	2	-0.3803	-0.3006
1126	7	Hide	13	2	-0.3829	-0.3003
1127	7	Hide	13	2	-0.3855	-0.2999
1128	7	Hide	13	2	-0.3881	-0.2995
1129	7	Hide	13	2	-0.3907	-0.2991
1130	7	Hide	13	2	-0.3933	-0.2987
1131	7	Hide	13	2	-0.3959	-0.2984
1132	7	Hide	13	2	-0.3985	-0.2980
1133	7	Hide	13	2	-0.4011	-0.2976
1134	7	Hide	13	2	-0.4037	-0.2972
1135	7	Hide	13	2	-0.4063	-0.2969
1136	7	Hide	13	2	-0.4089	-0.2965
1137	7	Hide	13	2	-0.4115	-0.2961
1138	7	Hide	13	2	-0.4141	-0.2957
1139	7	Hide	13	2	-0.4167	-0.2953
1140	7	Hide	13	2	-0.4193	-0.2950
1141	7	Hide	13	2	-0.4219	-0.2946
1142	7	Hide	13	2	-0.4245	-0.2942
1143	7	Hide	13	2	-0.4271	-0.2938
1144	7	Hide	13	2	-0.4297	-0.2934
1145	7	Hide	13	2	-0.4323	-0.2931
1146	7	Hide	13	2	-0.4349	-0.2927
1147	7	Hide	13	2	-0.4375	-0.2923
1148	7	Hide	13	2	-0.4401	-0.2919
1149	7	Hide	13	2	-0.4426	-0.2915
1150	7	Hide	13	2	-0.4452	-0.2912
1151	7	Hide	13	2	-0.4478	-0.2908
1152	7	Hide	13	2	-0.4504	-0.2904
1153	7	Hide	13	2	-0.4530	-0.2900
1154	7	Hide	13	2	-0.4556	-0.2896
1155	7	Hide	13	2	-0.4582	-0.2893
1156	7	Hide	13	2	-0.4608	-0.2889
1157	7	Hide	13	2	-0.4634	-0.2885
1158	7	Hide	13	2	-0.4660	-0.2881
1159	7	Hide	13	2	-0.4686	-0.2877
1160	7	Hide	13	2	-0.4686	-0.2877
1161	7	Hide	13	2	-0.4686	-0.2877
1162	7	Hide	13	2	-0.4686	-0.2877
1163	7	Hide	13	2	-0.4686	-0.2877
1164	7	Hide	13	2	-0.4686	-0.2877
1165	7	Hide	13	2	-0.4686	-0.2877
1166	7	Hide	13	2	-0.4686	-0.2877
1167	7	Hide	13	2	-0.4686	-0.2877
1168	7	Hide	13	2	-0.4686	-0.2877
1169	7	Hide	13	2	-0.4686	-0.2877
1170	7	Hide	13	2	-0.4686	-0.2877
1171	7	Hide	13	2	-0.4686	-0.2877
1172	7	Hide	13	2	-0.4686	-0.2877
1173	7	Hide	13	2	-0.4686	-0.2877
1174	7	Hide	13	2	-0.4686	-0.2877
1175	7	Hide	13	2	-0.4686	-0.2877
1176	7	Hide	13	2	-0.4686	-0.2877
1177	7	Hide	13	2	-0.4686	-0.2877
1178	7	Hide	13	2	-0.4686	-0.2877
1179	7	Hide	13	2	-0.4686	-0.2877
1180	7	Hide	13	2	-0.4686	-0.2877
1181	7	Hide	13	2	-0.4686	-0.2877
1182	7	Hide	13	2	-0.4686	-0.2877
1183	7	Hide	13	2	-0.4686	-0.2877
1184	7	Hide	13	2	-0.4686	-0.2877
1185	7	Hide	13	2	-0.4686	-0.2877
1186	7	Hide	13	2	-0.4686	-0.2877
1187	7	Hide	13	2	-0.4686	-0.2877
1188	7	Hide	13	2	-0.4686	-0.2877
1189	7	Hide	13	2	-0.4686	-0.2877
1190	7	Hide	13	2	-0.4686	-0.2877
1191	7	Hide	13	2	-0.4686	-0.2877
1192	7	Hide	13	2	-0.4686	-0.2877
1193	7	Hide	13	2	-0.4686	-0.2877
1194	7	Hide	13	2	-0.4686	-0.2877
1195	7	Hide	13	2	-0.4686	-0.2877
1196	7	Hide	13	2	-0.4686	-0.2877
1197	7	Hide	13	2	-0.4686	-0.2877
1198	7	Hide	13	2	-0.4686	-0.2877
1199	7	Hide	13	2	-0.4686	-0.2877
1200	7	Hide	13	2	-0.4686	-0.2877
1201	7	Hide	13	2	-0.4686	-0.2877
1202	7	Hide	13	2	-0.4686	-0.2877
1203	7	Hide	13	2	-0.4686	-0.2877
1204	7	Hide	13	2	-0.4686	-0.2877
1205	7	Hide	13	2	-0.4686	-0.2877
1206	7	Hide	13	2	-0.4686	-0.2877
1207	7	Hide	13	2	-0.4686	-0.2877
1208	7	Hide	13	2	-0.4686	-0.2877
1209	7	Hide	13	2	-0.4686	-0.2877
1210	7	Hide	13	2	-0.4686	-0.2877
1211	7	Hide	13	2	-0.4686	-0.2877
1212	7	Hide	13	2	-0.4686	-0.2877
1213	7	Hide	13	2	-0.4686	-0.2877
1214	7	Hide	13	2	-0.4686	-0.2877
1215	7	Hide	13	2	-0.4686	-0.2877
1216	7	Hide	13	2	-0.4686	-0.2877
1217	7	Hide	13	2	-0.4686	-0.2877
1218	7	Hide	13	2	-0.4686	-0.2877
1219	7	Hide	13	2	-0.4686	-0.2877
1220	7	Hide	13	2	-0.4686	-0.2877
1221	7	Hide	13	2	-0.4686	-0.2877
1222	7	Hide	13	2	-0.4686	-0.2877
1223	7	Hide	13	2	-0.4686	-0.2877
1224	7	Hide	13	2	-0.4686	-0.2877
1225	7	Hide	13	2	-0.4686	-0.2877
1226	7	Hide	13	2	-0.4686	-0.2877
1227	7	Hide	13	2	-0.4686	-0.2877
1228	7	Hide	13	2	-0.4686	-0.2877
1229	7	Hide	13	2	-0.4686	-0.2877
1230	7	Hide	13	2	-0.4686	-0.2877
1231	7	Hide	13	2	-0.4686	-0.2877
1232	7	Hide	13	2	-0.4686	-0.2877
1233	7	Hide	13	2	-0.4686	-0.2877
1234	7	Hide	13	2	-0.4686	-0.2877
1235	7	Hide	13	2	-0.4686	-0.2877
1236	7	Hide	13	2	-0.4686	-0.2877
1237	7	Hide	13	2	-0.4686	-0.2877
1238	7	Hide	13	2	-0.4686	-0.2877
1239	7	Hide	13	2	-0.4686	-0.2877
1240	7	Hide	13	2	-0.4686	-0.2877
1241	7	Hide	13	2	-0.4686	-0.2877
1242	7	Hide	13	2	-0.4686	-0.2877
1243	7	Hide	13	2	-0.4686	-0.2877
1244	7	Hide	13	2	-0.4686	-0.2877
1245	7	Hide	13	2	-0.4686	-0.2877
1246	7	Hide	13	2	-0.4686	-0.2877
1247	7	Hide	13	2	-0.4686	-0.2877
1248	7	Hide	13	2	-0.4686	-0.2877
1249	7	Hide	13	2	-0.4686	-0.2877
1250	7	Hide	13	2	-0.4686	-0.2877
1251	7	Hide	13	2	-0.4686	-0.2877
1252	7	Hide	13	2	-0.4686	-0.2877
1253	7	Hide	13	2	-0.4686	-0.2877
1254	7	Hide	13	2	-0.4686	-0.2877
1255	7	Hide	13	2	-0.4686	-0.2877
1256	7	Hide	13	2	-0.4686	-0.2877
1257	7	Hide	13	2	-0.4686	-0.2877
1258	7	Hide	13	2	-0.4686	-0.2877
1259	7	Explore	13	2	-0.4686	-0.2877
1260	8	Explore	12	3	-0.4686	-0.2878
1261	8	Explore	12	3	-0.4687	-0.2878
1262	8	Explore	12	3	-0.4687	-0.2878
1263	8	Explore	12	3	-0.4687	-0.2878
1264	8	Explore	12	3	-0.4687	-0.2879
1265	8	Explore	12	3	-0.4687	-0.2879
1266	8	Explore	12	3	-0.4686	-0.2879
1267	8	Explore	12	3	-0.4686	-0.2879
1268	8	Explore	12	3	-0.4686	-0.2879
1269	8	Explore	12	3	-0.4685	-0.2880
1270	8	Explore	12	3	-0.4685	-0.2880
1271	8	Explore	12	3	-0.4685	-0.2880
1272	8	Explore	12	3	-0.4685	-0.2880
1273	8	Explore	12	3	-0.4684	-0.2880
1274	8	Explore	12	3	-0.4684	-0.2881
1275	8	Explore	12	3	-0.4684	-0.2881
1276	8	Explore	12	3	-0.4684	-0.2881
1277	8	Explore	12	3	-0.4684	-0.2881
1278	8	Explore	12	3	-0.4683	-0.2881
1279	8	Explore	12	3	-0.4683	-0.2881
1280	8	Explore	12	3	-0.4683	-0.2882
1281	8	Explore	12	3	-0.4683	-0.2882
1282	8	Explore	12	3	-0.4683	-0.2882
1283	8	Explore	12	3	-0.4683	-0.2882
1284	8	Explore	12	3	-0.4683	-0.2882
1285	8	Explore	12	3	-0.4682	-0.2882
1286	8	Explore	12	3	-0.4682	-0.2882
1287	8	Explore	12	3	-0.4682	-0.2883
1288	8	Explore	12	3	-0.4682	-0.2883
1289	8	Explore	12	3	-0.4682	-0.2883
1290	8	Explore	12	3	-0.4682	-0.2883
1291	8	Explore	12	3	-0.4681	-0.2883
1292	8	Explore	12	3	-0.4681	-0.2883
1293	8	Explore	12	3	-0.4681	-0.2883
1294	8	Explore	12	3	-0.4681	-0.2884
1295	8	Explore	12	3	-0.4681	-0.2884
1296	8	Explore	12	3	-0.4680	-0.2884
1297	8	Explore	12	3	-0.4680	-0.2884
1298	8	Explore	12	3	-0.4680	-0.2885
1299	8	Explore	12	3	-0.4677	-0.2885
1300	8	Explore	12	3	-0.4672	-0.2885
1301	8	Explore	12	3	-0.4668	-0.2885
1302	8	Explore	12	3	-0.4664	-0.2885
1303	8	Explore	12	3	-0.4661	-0.2885
1304	8	Explore	12	3	-0.4655	-0.2885
1305	8	Explore	12	3	-0.4650	-0.2885
1306	8	Explore	12	3	-0.4645	-0.2885
1307	8	Explore	12	3	-0.4641	-0.2885
1308	8	Explore	12	3	-0.4637	-0.2885
1309	8	Explore	12	3	-0.4633	-0.2885
1310	8	Explore	12	3	-0.4631	-0.2885
1311	8	Explore	12	3	-0.4629	-0.2885
1312	8	Explore	12	3	-0.4629	-0.2884
1313	8	Explore	12	3	-0.4620	-0.2909
1314	8	Explore	12	3	-0.4611	-0.2934
1315	8	Explore	12	3	-0.4603	-0.2959
1316	8	Explore	12	3	-0.4594	-0.2983
1317	8	Explore	12	3	-0.4585	-0.3008
1318	8	Explore	12	3	-0.4576	-0.3033
1319	8	Explore	12	3	-0.4567	-0.3058
1320	8	Explore	12	3	-0.4559	-0.3082
1321	8	Explore	12	3	-0.4550	-0.3107
1322	8	Explore	12	3	-0.4550	-0.3107
1323	8	Explore	12	3	-0.4549	-0.3107
1324	8	Explore	12	3	-0.4549	-0.3107
1325	8	Explore	12	3	-0.4549	-0.3107
1326	8	Explore	12	3	-0.4549	-0.3107
1327	8	Explore	12	3	-0.4549	-0.3106
1328	8	Explore	12	3	-0.4549	-0.3106
1329	8	Explore	12	3	-0.4548	-0.3106
1330	8	Explore	12	3	-0.4548	-0.3106
1331	8	Explore	12	3	-0.4548	-0.3106
1332	8	Explore	12	3	-0.4548	-0.3106
1333	8	Explore	12	3	-0.4548	-0.3106
1334	8	Explore	12	3	-0.4548	-0.3106
1335	8	Explore	12	3	-0.4547	-0.3105
1336	8	Explore	12	3	-0.4547	-0.3105
1337	8	Explore	12	3	-0.4547	-0.3105
1338	8	Explore	12	3	-0.4547	-0.3105
1339	8	Explore	12	3	-0.4547	-0.3105
1340	8	Explore	12	3	-0.4547	-0.3105
1341	8	Explore	12	3	-0.4547	-0.3104
1342	8	Explore	12	3	-0.4523	-0.3116
1343	8	Explore	12	3	-0.4499	-0.3127
1344	8	Explore	12	3	-0.4476	-0.3139
1345	8	Explore	12	3	-0.4452	-0.3150
1346	8	Explore	12	3	-0.4429	-0.3162
1347	8	Explore	12	3	-0.4405	-0.3173
1348	8	Explore	12	3	-0.4381	-0.3185
1349	8	Explore	12	3	-0.4358	-0.3196
1350	8	Explore	12	3	-0.4334	-0.3208
1351	8	Explore	12	3	-0.4311	-0.3219
1352	8	Explore	12	3	-0.4287	-0.3231
1353	8	Explore	12	3	-0.4263	-0.3242
1354	8	Explore	12	3	-0.4240	-0.3254
1355	8	Explore	12	3	-0.4216	-0.3265
1356	8	Explore	12	3	-0.4193	-0.3277
1357	8	Explore	12	3	-0.4169	-0.3288
1358	8	Explore	12	3	-0.4145	-0.3300
1359	8	Explore	12	3	-0.4122	-0.3311
1360	8	Explore	12	3	-0.4098	-0.3323
1361	8	Explore	12	3	-0.4075	-0.3334
1362	8	Explore	12	3	-0.4051	-0.3346
1363	8	Explore	12	3	-0.4027	-0.3357
1364	8	Explore	12	3	-0.4004	-0.3369
1365	8	Explore	12	3	-0.3980	-0.3380
1366	8	Explore	12	3	-0.3957	-0.3392
1367	8	Explore	12	3	-0.3933	-0.3403
1368	8	Explore	12	3	-0.3909	-0.3415
1369	8	Explore	12	3	-0.3886	-0.3426
1370	8	Explore	12	3	-0.3886	-0.3426
1371	8	Explore	12	3	-0.3885	-0.3426
1372	8	Explore	12	3	-0.3885	-0.3426
1373	8	Explore	12	3	-0.3885	-0.3425
1374	8	Explore	12	3	-0.3885	-0.3425
1375	8	Explore	12	3	-0.3884	-0.3425
1376	8	Explore	12	3	-0.3884	-0.3425
1377	8	Explore	12	3	-0.3884	-0.3425
1378	8	Explore	12	3	-0.3883	-0.3424
1379	8	Explore	12	3	-0.3883	-0.3424
1380	8	Explore	12	3	-0.3883	-0.3424
1381	8	Hide	12	3	-0.3883	-0.3424
1382	9	Hide	11	4	-0.3883	-0.3424
1383	9	Hide	11	4	-0.3857	-0.3425
1384	9	Hide	11	4	-0.3831	-0.3425
1385	9	Hide	11	4	-0.3804	-0.3426
1386	9	Hide	11	4	-0.3778	-0.3426
1387	9	Hide	11	4	-0.3752	-0.3427
1388	9	Hide	11	4	-0.3726	-0.3427
1389	9	Hide	11	4	-0.3700	-0.3428
1390	9	Hide	11	4	-0.3673	-0.3428
1391	9	Hide	11	4	-0.3647	-0.3429
1392	9	Hide	11	4	-0.3621	-0.3429
1393	9	Hide	11	4	-0.3595	-0.3430
1394	9	Hide	11	4	-0.3568	-0.3431
1395	9	Hide	11	4	-0.3542	-0.3431
1396	9	Hide	11	4	-0.3516	-0.3432
1397	9	Hide	11	4	-0.3490	-0.3432
1398	9	Hide	11	4	-0.3463	-0.3433
1399	9	Hide	11	4	-0.3437	-0.3433
1400	9	Hide	11	4	-0.3411	-0.3434
1401	9	Hide	11	4	-0.3385	-0.3434
1402	9	Hide	11	4	-0.3358	-0.3435
1403	9	Hide	11	4	-0.3332	-0.3436
1404	9	Hide	11	4	-0.3306	-0.3436
1405	9	Hide	11	4	-0.3280	-0.3437
1406	9	Hide	11	4	-0.3253	-0.3437
1407	9	Hide	11	4	-0.3227	-0.3438
1408	9	Hide	11	4	-0.3201	-0.3438
1409	9	Hide	11	4	-0.3175	-0.3439
1410	9	Hide	11	4	-0.3148	-0.3439
1411	9	Hide	11	4	-0.3122	-0.3440
1412	9	Hide	11	4	-0.3096	-0.3440
1413	9	Hide	11	4	-0.3070	-0.3441
1414	9	Hide	11	4	-0.3043	-0.3442
1415	9	Hide	11	4	-0.3017	-0.3442
1416	9	Hide	11	4	-0.2991	-0.3443
1417	9	Hide	11	4	-0.2965	-0.3443
1418	9	Hide	11	4	-0.2938	-0.3444
1419	9	Hide	11	4	-0.2912	-0.3444
1420	9	Hide	11	4	-0.2886	-0.3445
1421	9	Hide	11	4	-0.2860	-0.3445
1422	9	Hide	11	4	-0.2833	-0.3446
1423	9	Hide	11	4	-0.2807	-0.3447
1424	9	Hide	11	4	-0.2781	-0.3447
1425	9	Hide	11	4	-0.2755	-0.3448
1426	9	Hide	11	4	-0.2729	-0.3448
1427	9	Hide	11	4	-0.2702	-0.3449
1428	9	Hide	11	4	-0.2676	-0.3449
1429	9	Hide	11	4	-0.2650	-0.3450
1430	9	Hide	11	4	-0.2624	-0.3450
1431	9	Hide	11	4	-0.2597	-0.3451
1432	9	Hide	11	4	-0.2571	-0.3452
1433	9	Hide	11	4	-0.2545	-0.3452
1434	9	Hide	11	4	-0.2519	-0.3453
1435	9	Hide	11	4	-0.2492	-0.3453
1436	9	Hide	11	4	-0.2466	-0.3454
1437	9	Hide	11	4	-0.2440	-0.3454
1438	9	Hide	11	4	-0.2414	-0.3455
1439	9	Hide	11	4	-0.2387	-0.3455
1440	9	Hide	11	4	-0.2361	-0.3456
1441	9	Hide	11	4	-0.2335	-0.3457
1442	9	Hide	11	4	-0.2309	-0.3457
1443	9	Hide	11	4	-0.2282	-0.3458
1444	9	Hide	11	4	-0.2256	-0.3458
1445	9	Hide	11	4	-0.2230	-0.3459
1446	9	Hide	11	4	-0.2204	-0.3459
1447	9	Hide	11	4	-0.2177	-0.3460
1448	9	Hide	11	4	-0.2151	-0.3460
1449	9	Hide	11	4	-0.2125	-0.3461
1450	9	Hide	11	4	-0.2099	-0.3462
1451	9	Hide	11	4	-0.2072	-0.3462
1452	9	Hide	11	4	-0.2046	-0.3463
1453	9	Hide	11	4	-0.2020	-0.3463
1454	9	Hide	11	4	-0.1994	-0.3464
1455	9	Hide	11	4	-0.1967	-0.3464
1456	9	Hide	11	4	-0.1941	-0.3465
1457	9	Hide	11	4	-0.1915	-0.3465
1458	9	Hide	11	4	-0.1889	-0.3466
1459	9	Hide	11	4	-0.1863	-0.3467
1460	9	Hide	11	4	-0.1836	-0.3467
1461	9	Hide	11	4	-0.1810	-0.3468
1462	9	Hide	11	4	-0.1784	-0.3468
1463	9	Hide	11	4	-0.1758	-0.3469
1464	9	Hide	11	4	-0.1731	-0.3469
1465	9	Hide	11	4	-0.1705	-0.3470
1466	9	Hide	11	4	-0.1679	-0.3471
1467	9	Hide	11	4	-0.1653	-0.3471
1468	9	Hide	11	4	-0.1626	-0.3472
1469	9	Hide	11	4	-0.1600	-0.3472
1470	9	Hide	11	4	-0.1574	-0.3473
1471	9	Hide	11	4	-0.1548	-0.3473
1472	9	Hide	11	4	-0.1521	-0.3474
1473	9	Hide	11	4	-0.1495	-0.3474
1474	9	Hide	11	4	-0.1469	-0.3475
1475	9	Hide	11	4	-0.1443	-0.3476
1476	9	Hide	11	4	-0.1416	-0.3476
1477	9	Hide	11	4	-0.1390	-0.3477
1478	9	Hide	11	4	-0.1364	-0.3477
1479	9	Hide	11	4	-0.1338	-0.3478
1480	9	Hide	11	4	-0.1311	-0.3478
1481	9	Hide	11	4	-0.1285	-0.3479
1482	9	Hide	11	4	-0.1259	-0.3480
1483	9	Hide	11	4	-0.1233	-0.3480
1484	9	Hide	11	4	-0.1206	-0.3481
1485	9	Hide	11	4	-0.1180	-0.3481
1486	9	Hide	11	4	-0.1154	-0.3482
1487	9	Hide	11	4	-0.1128	-0.3482
1488	9	Hide	11	4	-0.1101	-0.3483
1489	9	Hide	11	4	-0.1075	-0.3483
1490	9	Hide	11	4	-0.1049	-0.3484
1491	9	Hide	11	4	-0.1023	-0.3485
1492	9	Hide	11	4	-0.0997	-0.3485
1493	9	Hide	11	4	-0.0970	-0.3486
1494	9	Hide	11	4	-0.0944	-0.3486
1495	9	Hide	11	4	-0.0918	-0.3487
1496	9	Hide	11	4	-0.0892	-0.3487
1497	9	Hide	11	4	-0.0865	-0.3488
1498	9	Hide	11	4	-0.0839	-0.3489
1499	9	Hide	11	4	-0.0813	-0.3489
1500	9	Hide	11	4	-0.0787	-0.3490
1501	9	Hide	11	4	-0.0760	-0.3490
1502	9	Hide	11	4	-0.0734	-0.3491
1503	9	Hide	11	4	-0.0708	-0.3491
1504	9	Hide	11	4	-0.0682	-0.3492
1505	9	Hide	11	4	-0.0655	-0.3493
1506	9	Hide	11	4	-0.0629	-0.3493
1507	9	Hide	11	4	-0.0603	-0.3494
1508	9	Hide	11	4	-0.0577	-0.3494
1509	9	Hide	11	4	-0.0550	-0.3495
1510	9	Hide	11	4	-0.0524	-0.3495
1511	9	Hide	11	4	-0.0498	-0.3496
1512	9	Hide	11	4	-0.0472	-0.3497
1513	9	Hide	11	4	-0.0445	-0.3497
1514	9	Hide	11	4	-0.0419	-0.3498
1515	9	Hide	11	4	-0.0393	-0.3498
1516	9	Hide	11	4	-0.0367	-0.3499
1517	9	Hide	11	4	-0.0340	-0.3499
1518	9	Hide	11	4	-0.0314	-0.3500
1519	9	Hide	11	4	-0.0288	-0.3501
1520	9	Hide	11	4	-0.0262	-0.3501
1521	9	Hide	11	4	-0.0236	-0.3502
1522	9	Hide	11	4	-0.0209	-0.3502
1523	9	Hide	11	4	-0.0183	-0.3503
1524	9	Hide	11	4	-0.0157	-0.3503
1525	9	Hide	11	4	-0.0131	-0.3504
1526	9	Hide	11	4	-0.0104	-0.3505
1527	9	Hide	11	4	-0.0078	-0.3505
1528	9	Hide	11	4	-0.0052	-0.3506
1529	9	Hide	11	4	-0.0026	-0.3506
1530	9	Hide	11	4	0.0001	-0.3507
1531	9	Hide	11	4	0.0027	-0.3507
1532	9	Hide	11	4	0.0053	-0.3508
1533	9	Hide	11	4	0.0079	-0.3509
1534	9	Hide	11	4	0.0106	-0.3509
1535	9	Hide	11	4	0.0132	-0.3510
1536	9	Hide	11	4	0.0158	-0.3510
1537	9	Hide	11	4	0.0184	-0.3511
1538	9	Hide	11	4	0.0211	-0.3511
1539	9	Hide	11	4	0.0237	-0.3512
1540	9	Hide	11	4	0.0263	-0.3513
1541	9	Hide	11	4	0.0289	-0.3513
1542	9	Hide	11	4	0.0316	-0.3514
1543	9	Hide	11	4	0.0342	-0.3514
1544	9	Hide	11	4	0.0368	-0.3515
1545	9	Hide	11	4	0.0394	-0.3515
1546	9	Hide	11	4	0.0421	-0.3516
1547	9	Hide	11	4	0.0447	-0.3517
1548	9	Hide	11	4	0.0473	-0.3517
1549	9	Hide	11	4	0.0499	-0.3518
1550	9	Hide	11	4	0.0526	-0.3518
1551	9	Hide	11	4	0.0552	-0.3519
1552	9	Hide	11	4	0.0578	-0.3519
1553	9	Hide	11	4	0.0604	-0.3520
1554	9	Hide	11	4	0.0630	-0.3521
1555	9	Hide	11	4	0.0657	-0.3521
1556	9	Hide	11	4	0.0683	-0.3522
1557	9	Hide	11	4	0.0709	-0.3522
1558	9	Hide	11	4	0.0735	-0.3523
1559	9	Hide	11	4	0.0762	-0.3523
1560	9	Hide	11	4	0.0788	-0.3524
1561	9	Hide	11	4	0.0814	-0.3525
1562	9	Hide	11	4	0.0840	-0.3525
1563	9	Hide	11	4	0.0867	-0.3526
1564	9	Hide	11	4	0.0893	-0.3526
1565	9	Hide	11	4	0.0919	-0.3527
1566	9	Hide	11	4	0.0945	-0.3527
1567	9	Hide	11	4	0.0972	-0.3528
1568	9	Hide	11	4	0.0998	-0.3529
1569	9	Hide	11	4	0.1024	-0.3529
1570	9	Hide	11	4	0.1050	-0.3530
1571	9	Hide	11	4	0.1077	-0.3530
1572	9	Hide	11	4	0.1103	-0.3531
1573	9	Hide	11	4	0.1129	-0.3532
1574	9	Hide	11	4	0.1155	-0.3532
1575	9	Hide	11	4	0.1182	-0.3533
1576	9	Hide	11	4	0.1208	-0.3533
1577	9	Hide	11	4	0.1234	-0.3534
1578	9	Hide	11	4	0.1260	-0.3534
1579	9	Hide	11	4	0.1287	-0.3535
1580	9	Hide	11	4	0.1313	-0.3536
1581	9	Hide	11	4	0.1339	-0.3536
1582	9	Hide	11	4	0.1365	-0.3537
1583	9	Hide	11	4	0.1392	-0.3537
1584	9	Hide	11	4	0.1418	-0.3538
1585	9	Hide	11	4	0.1444	-0.3539
1586	9	Hide	11	4	0.1470	-0.3539
1587	9	Hide	11	4	0.1496	-0.3540
1588	9	Hide	11	4	0.1523	-0.3540
1589	9	Hide	11	4	0.1549	-0.3541
1590	9	Hide	11	4	0.1575	-0.3541
1591	9	Hide	11	4	0.1601	-0.3542
1592	9	Hide	11	4	0.1628	-0.3543
1593	9	Hide	11	4	0.1654	-0.3543
1594	9	Hide	11	4	0.1680	-0.3544
1595	9	Hide	11	4	0.1706	-0.3544
1596	9	Hide	11	4	0.1733	-0.3545
1597	9	Hide	11	4	0.1759	-0.3545
1598	9	Hide	11	4	0.1785	-0.3546
1599	9	Hide	11	4	0.1811	-0.3547
1600	9	Hide	11	4	0.1838	-0.3547
1601	9	Hide	11	4	0.1864	-0.3548
1602	9	Hide	11	4	0.1890	-0.3548
1603	9	Hide	11	4	0.1916	-0.3549
1604	9	Hide	11	4	0.1943	-0.3550
1605	9	Hide	11	4	0.1969	-0.3550
1606	9	Hide	11	4	0.1995	-0.3551
1607	9	Hide	11	4	0.2021	-0.3551
1608	9	Hide	11	4	0.2048	-0.3552
1609	9	Hide	11	4	0.2074	-0.3552
1610	9	Hide	11	4	0.2100	-0.3553
1611	9	Hide	11	4	0.2126	-0.3554
1612	9	Hide	11	4	0.2153	-0.3554
1613	9	Hide	11	4	0.2179	-0.3555
1614	9	Hide	11	4	0.2205	-0.3555
1615	9	Hide	11	4	0.2231	-0.3556
1616	9	Hide	11	4	0.2257	-0.3557
1617	9	Hide	11	4	0.2284	-0.3557
1618	9	Hide	11	4	0.2310	-0.3558
1619	9	Hide	11	4	0.2336	-0.3558
1620	9	Hide	11	4	0.2362	-0.3559
1621	9	Hide	11	4	0.2389	-0.3560
1622	9	Hide	11	4	0.2415	-0.3560
1623	9	Hide	11	4	0.2441	-0.3561
1624	9	Hide	11	4	0.2467	-0.3561
1625	9	Hide	11	4	0.2494	-0.3562
1626	9	Hide	11	4	0.2520	-0.3562
1627	9	Hide	11	4	0.2546	-0.3563
1628	9	Hide	11	4	0.2572	-0.3564
1629	9	Hide	11	4	0.2599	-0.3564
1630	9	Hide	11	4	0.2625	-0.3565
1631	9	Hide	11	4	0.2651	-0.3565
1632	9	Hide	11	4	0.2677	-0.3566
1633	9	Hide	11	4	0.2704	-0.3567
1634	9	Hide	11	4	0.2730	-0.3567
1635	9	Hide	11	4	0.2756	-0.3568
1636	9	Hide	11	4	0.2782	-0.3568
1637	9	Hide	11	4	0.2809	-0.3569
1638	9	Hide	11	4	0.2835	-0.3570
1639	9	Hide	11	4	0.2861	-0.3570
1640	9	Hide	11	4	0.2887	-0.3571
1641	9	Hide	11	4	0.2914	-0.3571
1642	9	Hide	11	4	0.2940	-0.3572
1643	9	Hide	11	4	0.2966	-0.3572
1644	9	Hide	11	4	0.2992	-0.3573
1645	9	Hide	11	4	0.3019	-0.3574
1646	9	Hide	11	4	0.3045	-0.3574
1647	9	Hide	11	4	0.3071	-0.3575
1648	9	Hide	11	4	0.3097	-0.3575
1649	9	Hide	11	4	0.3123	-0.3576
1650	9	Hide	11	4	0.3150	-0.3577
1651	9	Hide	11	4	0.3176	-0.3577
1652	9	Hide	11	4	0.3202	-0.3578
1653	9	Hide	11	4	0.3228	-0.3578
1654	9	Hide	11	4	0.3255	-0.3579
1655	9	Hide	11	4	0.3281	-0.3580
1656	9	Hide	11	4	0.3307	-0.3580
1657	9	Hide	11	4	0.3333	-0.3581
1658	9	Hide	11	4	0.3360	-0.3581
1659	9	Hide	11	4	0.3386	-0.3582
1660	9	Hide	11	4	0.3412	-0.3583
1661	9	Hide	11	4	0.3438	-0.3583
1662	9	Hide	11	4	0.3465	-0.3584
1663	9	Hide	11	4	0.3491	-0.3584
1664	9	Hide	11	4	0.3517	-0.3585
1665	9	Hide	11	4	0.3543	-0.3586
1666	9	Hide	11	4	0.3570	-0.3586
1667	9	Hide	11	4	0.3596	-0.3587
1668	9	Hide	11	4	0.3622	-0.3587
1669	9	Hide	11	4	0.3648	-0.3588
1670	9	Hide	11	4	0.3675	-0.3588
1671	9	Hide	11	4	0.3701	-0.3589
1672	9	Hide	11	4	0.3727	-0.3590
1673	9	Hide	11	4	0.3753	-0.3590
1674	9	Hide	11	4	0.3780	-0.3591
1675	9	Hide	11	4	0.3806	-0.3591
1676	9	Hide	11	4	0.3832	-0.3592
1677	9	Hide	11	4	0.3858	-0.3593
1678	9	Hide	11	4	0.3884	-0.3593
1679	9	Hide	11	4	0.3911	-0.3594
1680	9	Hide	11	4	0.3937	-0.3594
1681	9	Hide	11	4	0.3963	-0.3595
1682	9	Hide	11	4	0.3989	-0.3596
1683	9	Hide	11	4	0.4016	-0.3596
1684	9	Hide	11	4	0.4042	-0.3597
1685	9	Hide	11	4	0.4068	-0.3597
1686	9	Hide	11	4	0.4094	-0.3598
1687	9	Hide	11	4	0.4121	-0.3599
1688	9	Hide	11	4	0.4147	-0.3599
1689	9	Hide	11	4	0.4173	-0.3600
1690	9	Hide	11	4	0.4199	-0.3600
1691	9	Hide	11	4	0.4226	-0.3601
1692	9	Hide	11	4	0.4252	-0.3602
1693	9	Hide	11	4	0.4278	-0.3602
1694	9	Hide	11	4	0.4304	-0.3603
1695	9	Hide	11	4	0.4331	-0.3603
1696	9	Hide	11	4	0.4357	-0.3604
1697	9	Hide	11	4	0.4383	-0.3605
1698	9	Hide	11	4	0.4409	-0.3605
1699	9	Hide	11	4	0.4436	-0.3606
1700	9	Hide	11	4	0.4462	-0.3606
1701	9	Hide	11	4	0.4488	-0.3607
1702	9	Hide	11	4	0.4514	-0.3608
1703	9	Hide	11	4	0.4541	-0.3608
1704	9	Hide	11	4	0.4567	-0.3609
1705	9	Hide	11	4	0.4593	-0.3609
1706	9	Hide	11	4	0.4619	-0.3610
1707	9	Hide	11	4	0.4645	-0.3611
1708	9	Hide	11	4	0.4672	-0.3611
1709	9	Hide	11	4	0.4698	-0.3612
1710	9	Hide	11	4	0.4698	-0.3612
1711	9	Hide	11	4	0.4698	-0.3612
1712	9	Hide	11	4	0.4698	-0.3612
1713	9	Hide	11	4	0.4698	-0.3612
1714	9	Hide	11	4	0.4698	-0.3612
1715	9	Hide	11	4	0.4698	-0.3612
1716	9	Hide	11	4	0.4698	-0.3612
1717	9	Hide	11	4	0.4698	-0.3612
1718	9	Hide	11	4	0.4698	-0.3612
1719	9	Hide	11	4	0.4698	-0.3612
1720	9	Hide	11	4	0.4698	-0.3612
1721	9	Hide	11	4	0.4698	-0.3612
1722	9	Hide	11	4	0.4698	-0.3612
1723	9	Hide	11	4	0.4698	-0.3612
1724	9	Hide	11	4	0.4698	-0.3612
1725	9	Hide	11	4	0.4698	-0.3612
1726	9	Hide	11	4	0.4698	-0.3612
1727	9	Hide	11	4	0.4698	-0.3612
1728	9	Hide	11	4	0.4698	-0.3612
1729	9	Hide	11	4	0.4698	-0.3612
1730	9	Hide	11	4	0.4698	-0.3612
1731	9	Hide	11	4	0.4698	-0.3612
1732	9	Hide	11	4	0.4698	-0.3612
1733	9	Hide	11	4	0.4698	-0.3612
1734	9	Hide	11	4	0.4698	-0.3612
1735	9	Hide	11	4	0.4698	-0.3612
1736	9	Hide	11	4	0.4698	-0.3612
1737	9	Hide	11	4	0.4698	-0.3612
1738	9	Hide	11	4	0.4698	-0.3612
1739	9	Hide	11	4	0.4698	-0.3612
1740	9	Hide	11	4	0.4698	-0.3612
1741	9	Hide	11	4	0.4698	-0.3612
1742	9	Hide	11	4	0.4698	-0.3612
1743	9	Hide	11	4	0.4698	-0.3612
1744	9	Hide	11	4	0.4698	-0.3612
1745	9	Hide	11	4	0.4698	-0.3612
1746	9	Hide	11	4	0.4698	-0.3612
1747	9	Hide	11	4	0.4698	-0.3612
1748	9	Hide	11	4	0.4698	-0.3612
1749	9	Hide	11	4	0.4698	-0.3612
1750	9	Hide	11	4	0.4698	-0.3612
1751	9	Hide	11	4	0.4698	-0.3612
1752	9	Hide	11	4	0.4698	-0.3612
1753	9	Hide	11	4	0.4698	-0.3612
1754	9	Hide	11	4	0.4698	-0.3612
1755	9	Hide	11	4	0.4698	-0.3612
1756	9	Hide	11	4	0.4698	-0.3612
1757	9	Hide	11	4	0.4698	-0.3612
1758	9	Hide	11	4	0.4698	-0.3612
1759	9	Hide	11	4	0.4698	-0.3612
1760	9	Hide	11	4	0.4698	-0.3612
1761	9	Hide	11	4	0.4698	-0.3612
1762	9	Hide	11	4	0.4698	-0.3612
1763	9	Hide	11	4	0.4698	-0.3612
1764	9	Hide	11	4	0.4698	-0.3612
1765	9	Hide	11	4	0.4698	-0.3612
1766	9	Hide	11	4	0.4698	-0.3612
1767	9	Hide	11	4	0.4698	-0.3612
1768	9	Hide	11	4	0.4698	-0.3612
1769	9	Hide	11	4	0.4698	-0.3612
1770	9	Hide	11	4	0.4698	-0.3612
1771	9	Hide	11	4	0.4698	-0.3612
1772	9	Hide	11	4	0.4698	-0.3612
1773	9	Hide	11	4	0.4698	-0.3612
1774	9	Hide	11	4	0.4698	-0.3612
1775	9	Hide	11	4	0.4698	-0.3612
1776	9	Hide	11	4	0.4698	-0.3612
1777	9	Hide	11	4	0.4698	-0.3612
1778	9	Hide	11	4	0.4698	-0.3612
1779	9	Hide	11	4	0.4698	-0.3612
1780	9	Hide	11	4	0.4698	-0.3612
1781	9	Hide	11	4	0.4698	-0.3612
1782	9	Hide	11	4	0.4698	-0.3612
1783	9	Hide	11	4	0.4698	-0.3612
1784	9	Hide	11	4	0.4698	-0.3612
1785	9	Hide	11	4	0.4698	-0.3612
1786	9	Hide	11	4	0.4698	-0.3612
1787	9	Hide	11	4	0.4698	-0.3612
1788	9	Hide	11	4	0.4698	-0.3612
1789	9	Hide	11	4	0.4698	-0.3612
1790	9	Hide	11	4	0.4698	-0.3612
1791	9	Hide	11	4	0.4698	-0.3612
1792	9	Hide	11	4	0.4698	-0.3612
1793	9	Hide	11	4	0.4698	-0.3612
1794	9	Hide	11	4	0.4698	-0.3612
1795	9	Hide	11	4	0.4698	-0.3612
1796	9	Hide	11	4	0.4698	-0.3612
1797	9	Hide	11	4	0.4698	-0.3612
1798	9	Hide	11	4	0.4698	-0.3612
1799	9	Hide	11	4	0.4698	-0.3612
1800	9	Hide	11	4	0.4698	-0.3612
1801	9	Hide	11	4	0.4698	-0.3612
1802	9	Hide	11	4	0.4698	-0.3612
1803	9	Hide	11	4	0.4698	-0.3612
1804	9	Hide	11	4	0.4698	-0.3612
1805	9	Hide	11	4	0.4698	-0.3612
1806	9	Hide	11	4	0.4698	-0.3612
1807	9	Hide	11	4	0.4698	-0.3612
1808	9	Hide	11	4	0.4698	-0.3612
1809	9	Explore	11	4	0.4698	-0.3612
1810	10	Explore	10	5	0.4698	-0.3612
1811	10	Explore	10	5	0.4698	-0.3611
1812	10	Explore	10	5	0.4698	-0.3611
1813	10	Explore	10	5	0.4698	-0.3611
1814	10	Explore	10	5	0.4698	-0.3611
1815	10	Explore	10	5	0.4698	-0.3611
1816	10	Explore	10	5	0.4697	-0.3610
1817	10	Explore	10	5	0.4697	-0.3610
1818	10	Explore	10	5	0.4697	-0.3610
1819	10	Explore	10	5	0.4697	-0.3610
1820	10	Explore	10	5	0.4697	-0.3610
1821	10	Explore	10	5	0.4697	-0.3609
1822	10	Explore	10	5	0.4696	-0.3609
1823	10	Explore	10	5	0.4696	-0.3609
1824	10	Explore	10	5	0.4696	-0.3609
1825	10	Explore	10	5	0.4696	-0.3609
1826	10	Explore	10	5	0.4696	-0.3609
1827	10	Explore	10	5	0.4696	-0.3608
1828	10	Explore	10	5	0.4696	-0.3608
1829	10	Explore	10	5	0.4695	-0.3608
1830	10	Explore	10	5	0.4695	-0.3608
1831	10	Explore	10	5	0.4695	-0.3608
1832	10	Explore	10	5	0.4695	-0.3608
1833	10	Explore	10	5	0.4695	-0.3607
1834	10	Explore	10	5	0.4695	-0.3607
1835	10	Explore	10	5	0.4694	-0.3607
1836	10	Explore	10	5	0.4694	-0.3607
1837	10	Explore	10	5	0.4694	-0.3607
1838	10	Explore	10	5	0.4694	-0.3607
1839	10	Explore	10	5	0.4694	-0.3607
1840	10	Explore	10	5	0.4694	-0.3606
1841	10	Explore	10	5	0.4693	-0.3606
1842	10	Explore	10	5	0.4693	-0.3606
1843	10	Explore	10	5	0.4693	-0.3606
1844	10	Explore	10	5	0.4688	-0.3606
1845	10	Explore	10	5	0.4682	-0.3606
1846	10	Explore	10	5	0.4677	-0.3606
1847	10	Explore	10	5	0.4672	-0.3606
1848	10	Explore	10	5	0.4668	-0.3606
1849	10	Explore	10	5	0.4664	-0.3606
1850	10	Explore	10	5	0.4661	-0.3606
1851	10	Explore	10	5	0.4655	-0.3606
1852	10	Explore	10	5	0.4650	-0.3606
1853	10	Explore	10	5	0.4645	-0.3606
1854	10	Explore	10	5	0.4641	-0.3606
1855	10	Explore	10	5	0.4637	-0.3606
1856	10	Explore	10	5	0.4634	-0.3606
1857	10	Explore	10	5	0.4631	-0.3606
1858	10	Explore	10	5	0.4629	-0.3606
1859	10	Explore	10	5	0.4629	-0.3606
1860	10	Explore	10	5	0.4620	-0.3581
1861	10	Explore	10	5	0.4612	-0.3556
1862	10	Explore	10	5	0.4603	-0.3532
1863	10	Explore	10	5	0.4594	-0.3507
1864	10	Explore	10	5	0.4585	-0.3482
1865	10	Explore	10	5	0.4577	-0.3457
1866	10	Explore	10	5	0.4568	-0.3433
1867	10	Explore	10	5	0.4559	-0.3408
1868	10	Explore	10	5	0.4550	-0.3383
1869	10	Explore	10	5	0.4542	-0.3358
1870	10	Explore	10	5	0.4533	-0.3334
1871	10	Explore	10	5	0.4524	-0.3309
1872	10	Explore	10	5	0.4515	-0.3284
1873	10	Explore	10	5	0.4507	-0.3259
1874	10	Explore	10	5	0.4498	-0.3235
1875	10	Explore	10	5	0.4489	-0.3210
1876	10	Explore	10	5	0.4481	-0.3185
1877	10	Explore	10	5	0.4472	-0.3160
1878	10	Explore	10	5	0.4463	-0.3136
1879	10	Explore	10	5	0.4454	-0.3111
1880	10	Explore	10	5	0.4446	-0.3086
1881	10	Explore	10	5	0.4437	-0.3061
1882	10	Explore	10	5	0.4428	-0.3037
1883	10	Explore	10	5	0.4419	-0.3012
1884	10	Explore	10	5	0.4411	-0.2987
1885	10	Explore	10	5	0.4402	-0.2962
1886	10	Explore	10	5	0.4393	-0.2938
1887	10	Explore	10	5	0.4384	-0.2913
1888	10	Explore	10	5	0.4384	-0.2913
1889	10	Explore	10	5	0.4384	-0.2913
1890	10	Explore	10	5	0.4384	-0.2913
1891	10	Explore	10	5	0.4384	-0.2913
1892	10	Explore	10	5	0.4384	-0.2914
1893	10	Explore	10	5	0.4383	-0.2914
1894	10	Explore	10	5	0.4383	-0.2914
1895	10	Explore	10	5	0.4383	-0.2914
1896	10	Explore	10	5	0.4383	-0.2914
1897	10	Explore	10	5	0.4383	-0.2914
1898	10	Explore	10	5	0.4383	-0.2914
1899	10	Explore	10	5	0.4382	-0.2915
1900	10	Explore	10	5	0.4382	-0.2915
