TimeStep	Transitions	State	FearLevel	HungerLevel	PosX	posZ
0	0	Hide	20	0	0.1863	-0.1251
1	1	Hide	19	1	0.1863	-0.1251
2	1	Hide	19	1	0.1864	-0.1251
3	1	Hide	19	1	0.1864	-0.1251
4	1	Hide	19	1	0.1864	-0.1251
5	1	Hide	19	1	0.1864	-0.1251
6	1	Hide	19	1	0.1859	-0.1225
7	1	Hide	19	1	0.1854	-0.1200
8	1	Hide	19	1	0.1849	-0.1174
9	1	Hide	19	1	0.1844	-0.1148
10	1	Hide	19	1	0.1840	-0.1122
11	1	Hide	19	1	0.1835	-0.1096
12	1	Hide	19	1	0.1830	-0.1071
13	1	Hide	19	1	0.1825	-0.1045
14	1	Hide	19	1	0.1820	-0.1019
15	1	Hide	19	1	0.1815	-0.0993
16	1	Hide	19	1	0.1810	-0.0968
17	1	Hide	19	1	0.1805	-0.0942
18	1	Hide	19	1	0.1800	-0.0916
19	1	Hide	19	1	0.1795	-0.0890
20	1	Hide	19	1	0.1790	-0.0864
21	1	Hide	19	1	0.1785	-0.0839
22	1	Hide	19	1	0.1780	-0.0813
23	1	Hide	19	1	0.1776	-0.0787
24	1	Hide	19	1	0.1771	-0.0761
25	1	Hide	19	1	0.1766	-0.0736
26	1	Hide	19	1	0.1761	-0.0710
27	1	Hide	19	1	0.1756	-0.0684
28	1	Hide	19	1	0.1751	-0.0658
29	1	Hide	19	1	0.1746	-0.0632
30	1	Hide	19	1	0.1741	-0.0607
31	1	Hide	19	1	0.1736	-0.0581
32	1	Hide	19	1	0.1731	-0.0555
33	1	Hide	19	1	0.1726	-0.0529
34	1	Hide	19	1	0.1721	-0.0503
35	1	Hide	19	1	0.1716	-0.0478
36	1	Hide	19	1	0.1712	-0.0452
37	1	Hide	19	1	0.1707	-0.0426
38	1	Hide	19	1	0.1702	-0.0400
39	1	Hide	19	1	0.1697	-0.0375
40	1	Hide	19	1	0.1692	-0.0349
41	1	Hide	19	1	0.1687	-0.0323
42	1	Hide	19	1	0.1682	-0.0297
43	1	Hide	19	1	0.1677	-0.0271
44	1	Hide	19	1	0.1672	-0.0246
45	1	Hide	19	1	0.1667	-0.0220
46	1	Hide	19	1	0.1662	-0.0194
47	1	Hide	19	1	0.1657	-0.0168
48	1	Hide	19	1	0.1652	-0.0143
49	1	Hide	19	1	0.1648	-0.0117
50	1	Hide	19	1	0.1643	-0.0091
51	1	Hide	19	1	0.1638	-0.0065
52	1	Hide	19	1	0.1633	-0.0039
53	1	Hide	19	1	0.1628	-0.0014
54	1	Hide	19	1	0.1623	0.0012
55	1	Hide	19	1	0.1618	0.0038
56	1	Hide	19	1	0.1613	0.0064
57	1	Hide	19	1	0.1608	0.0090
58	1	Hide	19	1	0.1603	0.0115
59	1	Hide	19	1	0.1598	0.0141
60	1	Hide	19	1	0.1593	0.0167
61	1	Hide	19	1	0.1588	0.0193
62	1	Hide	19	1	0.1583	0.0218
63	1	Hide	19	1	0.1579	0.0244
64	1	Hide	19	1	0.1574	0.0270
65	1	Hide	19	1	0.1569	0.0296
66	1	Hide	19	1	0.1564	0.0322
67	1	Hide	19	1	0.1559	0.0347
68	1	Hide	19	1	0.1554	0.0373
69	1	Hide	19	1	0.1549	0.0399
70	1	Hide	19	1	0.1544	0.0425
71	1	Hide	19	1	0.1539	0.0450
72	1	Hide	19	1	0.1534	0.0476
73	1	Hide	19	1	0.1529	0.0502
74	1	Hide	19	1	0.1524	0.0528
75	1	Hide	19	1	0.1519	0.0554
76	1	Hide	19	1	0.1514	0.0579
77	1	Hide	19	1	0.1510	0.0605
78	1	Hide	19	1	0.1505	0.0631
79	1	Hide	19	1	0.1500	0.0657
80	1	Hide	19	1	0.1495	0.0682
81	1	Hide	19	1	0.1490	0.0708
82	1	Hide	19	1	0.1485	0.0734
83	1	Hide	19	1	0.1480	0.0760
84	1	Hide	19	1	0.1475	0.0786
85	1	Hide	19	1	0.1470	0.0811
86	1	Hide	19	1	0.1465	0.0837
87	1	Hide	19	1	0.1460	0.0863
88	1	Hide	19	1	0.1455	0.0889
89	1	Hide	19	1	0.1450	0.0915
90	1	Hide	19	1	0.1445	0.0940
91	1	Hide	19	1	0.1440	0.0966
92	1	Hide	19	1	0.1436	0.0992
93	1	Hide	19	1	0.1431	0.1018
94	1	Hide	19	1	0.1426	0.1043
95	1	Hide	19	1	0.1421	0.1069
96	1	Hide	19	1	0.1416	0.1095
97	1	Hide	19	1	0.1411	0.1121
98	1	Hide	19	1	0.1406	0.1147
99	1	Hide	19	1	0.1401	0.1172
100	1	Hide	19	1	0.1396	0.1198
101	1	Hide	19	1	0.1391	0.1224
102	1	Hide	19	1	0.1386	0.1250
103	1	Hide	19	1	0.1381	0.1275
104	1	Hide	19	1	0.1376	0.1301
105	1	Hide	19	1	0.1371	0.1327
106	1	Hide	19	1	0.1367	0.1353
107	1	Hide	19	1	0.1362	0.1379
108	1	Hide	19	1	0.1357	0.1404
109	1	Hide	19	1	0.1352	0.1430
110	1	Hide	19	1	0.1347	0.1456
111	1	Hide	19	1	0.1342	0.1482
112	1	Hide	19	1	0.1337	0.1507
113	1	Hide	19	1	0.1332	0.1533
114	1	Hide	19	1	0.1327	0.1559
115	1	Hide	19	1	0.1322	0.1585
116	1	Hide	19	1	0.1317	0.1611
117	1	Hide	19	1	0.1312	0.1636
118	1	Hide	19	1	0.1307	0.1662
119	1	Hide	19	1	0.1302	0.1688
120	1	Hide	19	1	0.1297	0.1714
121	1	Hide	19	1	0.1292	0.1739
122	1	Hide	19	1	0.1288	0.1765
123	1	Hide	19	1	0.1283	0.1791
124	1	Hide	19	1	0.1278	0.1817
125	1	Hide	19	1	0.1273	0.1843
126	1	Hide	19	1	0.1268	0.1868
127	1	Hide	19	1	0.1263	0.1894
128	1	Hide	19	1	0.1258	0.1920
129	1	Hide	19	1	0.1253	0.1946
130	1	Hide	19	1	0.1248	0.1971
131	1	Hide	19	1	0.1243	0.1997
132	1	Hide	19	1	0.1238	0.2023
133	1	Hide	19	1	0.1233	0.2049
134	1	Hide	19	1	0.1228	0.2075
135	1	Hide	19	1	0.1223	0.2100
136	1	Hide	19	1	0.1218	0.2126
137	1	Hide	19	1	0.1213	0.2152
138	1	Hide	19	1	0.1209	0.2178
139	1	Hide	19	1	0.1204	0.2204
140	1	Hide	19	1	0.1199	0.2229
141	1	Hide	19	1	0.1194	0.2255
142	1	Hide	19	1	0.1189	0.2281
143	1	Hide	19	1	0.1184	0.2307
144	1	Hide	19	1	0.1179	0.2332
145	1	Hide	19	1	0.1174	0.2358
146	1	Hide	19	1	0.1169	0.2384
147	1	Hide	19	1	0.1164	0.2410
148	1	Hide	19	1	0.1159	0.2436
149	1	Hide	19	1	0.1154	0.2461
150	1	Hide	19	1	0.1149	0.2487
151	1	Hide	19	1	0.1144	0.2513
152	1	Hide	19	1	0.1139	0.2539
153	1	Hide	19	1	0.1134	0.2564
154	1	Hide	19	1	0.1130	0.2590
155	1	Hide	19	1	0.1125	0.2616
156	1	Hide	19	1	0.1120	0.2642
157	1	Hide	19	1	0.1115	0.2668
158	1	Hide	19	1	0.1110	0.2693
159	1	Hide	19	1	0.1105	0.2719
160	1	Hide	19	1	0.1100	0.2745
161	1	Hide	19	1	0.1095	0.2771
162	1	Hide	19	1	0.1090	0.2796
163	1	Hide	19	1	0.1085	0.2822
164	1	Hide	19	1	0.1080	0.2848
165	1	Hide	19	1	0.1075	0.2874
166	1	Hide	19	1	0.1070	0.2900
167	1	Hide	19	1	0.1065	0.2925
168	1	Hide	19	1	0.1060	0.2951
169	1	Hide	19	1	0.1055	0.2977
170	1	Hide	19	1	0.1050	0.3003
171	1	Hide	19	1	0.1046	0.3028
172	1	Hide	19	1	0.1041	0.3054
173	1	Hide	19	1	0.1036	0.3080
174	1	Hide	19	1	0.1031	0.3106
175	1	Hide	19	1	0.1026	0.3132
176	1	Hide	19	1	0.1021	0.3157
177	1	Hide	19	1	0.1016	0.3183
178	1	Hide	19	1	0.1011	0.3209
179	1	Hide	19	1	0.1006	0.3235
180	1	Hide	19	1	0.1001	0.3260
181	1	Hide	19	1	0.0996	0.3286
182	1	Hide	19	1	0.0991	0.3312
183	1	Hide	19	1	0.0986	0.3338
184	1	Hide	19	1	0.0981	0.3364
185	1	Hide	19	1	0.0976	0.3389
186	1	Hide	19	1	0.0971	0.3415
187	1	Hide	19	1	0.0966	0.3441
188	1	Hide	19	1	0.0961	0.3467
189	1	Hide	19	1	0.0957	0.3492
190	1	Hide	19	1	0.0952	0.3518
191	1	Hide	19	1	0.0947	0.3544
192	1	Hide	19	1	0.0942	0.3570
193	1	Hide	19	1	0.0937	0.3596
194	1	Hide	19	1	0.0932	0.3621
195	1	Hide	19	1	0.0927	0.3647
196	1	Hide	19	1	0.0922	0.3673
197	1	Hide	19	1	0.0917	0.3699
198	1	Hide	19	1	0.0912	0.3724
199	1	Hide	19	1	0.0907	0.3750
200	1	Hide	19	1	0.0902	0.3776
201	1	Hide	19	1	0.0897	0.3802
202	1	Hide	19	1	0.0892	0.3828
203	1	Hide	19	1	0.0887	0.3853
204	1	Hide	19	1	0.0882	0.3879
205	1	Hide	19	1	0.0877	0.3905
206	1	Hide	19	1	0.0872	0.3931
207	1	Hide	19	1	0.0868	0.3956
208	1	Hide	19	1	0.0863	0.3982
209	1	Hide	19	1	0.0858	0.4008
210	1	Hide	19	1	0.0853	0.4034
211	1	Hide	19	1	0.0848	0.4060
212	1	Hide	19	1	0.0843	0.4085
213	1	Hide	19	1	0.0838	0.4111
214	1	Hide	19	1	0.0833	0.4137
215	1	Hide	19	1	0.0828	0.4163
216	1	Hide	19	1	0.0823	0.4188
217	1	Hide	19	1	0.0818	0.4214
218	1	Hide	19	1	0.0813	0.4240
219	1	Hide	19	1	0.0808	0.4266
220	1	Hide	19	1	0.0803	0.4292
221	1	Hide	19	1	0.0798	0.4317
222	1	Hide	19	1	0.0793	0.4343
223	1	Hide	19	1	0.0788	0.4369
224	1	Hide	19	1	0.0783	0.4395
225	1	Hide	19	1	0.0778	0.4420
226	1	Hide	19	1	0.0773	0.4446
227	1	Hide	19	1	0.0769	0.4472
228	1	Hide	19	1	0.0764	0.4498
229	1	Hide	19	1	0.0759	0.4524
230	1	Hide	19	1	0.0754	0.4549
231	1	Hide	19	1	0.0749	0.4575
232	1	Hide	19	1	0.0744	0.4601
233	1	Hide	19	1	0.0739	0.4627
234	1	Hide	19	1	0.0734	0.4652
235	1	Hide	19	1	0.0729	0.4678
236	1	Hide	19	1	0.0729	0.4678
237	1	Hide	19	1	0.0729	0.4678
238	1	Hide	19	1	0.0729	0.4678
239	1	Hide	19	1	0.0729	0.4678
240	1	Hide	19	1	0.0729	0.4678
241	1	Hide	19	1	0.0729	0.4678
242	1	Hide	19	1	0.0729	0.4678
243	1	Hide	19	1	0.0729	0.4678
244	1	Hide	19	1	0.0729	0.4678
245	1	Hide	19	1	0.0729	0.4678
246	1	Hide	19	1	0.0729	0.4678
247	1	Hide	19	1	0.0729	0.4678
248	1	Hide	19	1	0.0729	0.4678
249	1	Hide	19	1	0.0729	0.4678
250	1	Hide	19	1	0.0729	0.4678
251	1	Hide	19	1	0.0729	0.4678
252	1	Hide	19	1	0.0729	0.4678
253	1	Hide	19	1	0.0729	0.4678
254	1	Hide	19	1	0.0729	0.4678
255	1	Hide	19	1	0.0729	0.4678
256	1	Hide	19	1	0.0729	0.4678
257	1	Hide	19	1	0.0729	0.4678
258	1	Hide	19	1	0.0729	0.4678
259	1	Hide	19	1	0.0729	0.4678
260	1	Hide	19	1	0.0729	0.4678
261	1	Hide	19	1	0.0729	0.4678
262	1	Hide	19	1	0.0729	0.4678
263	1	Hide	19	1	0.0729	0.4678
264	1	Hide	19	1	0.0729	0.4678
265	1	Hide	19	1	0.0729	0.4678
266	1	Hide	19	1	0.0729	0.4678
267	1	Hide	19	1	0.0729	0.4678
268	1	Hide	19	1	0.0729	0.4678
269	1	Hide	19	1	0.0729	0.4678
270	1	Hide	19	1	0.0729	0.4678
271	1	Hide	19	1	0.0729	0.4678
272	1	Hide	19	1	0.0729	0.4678
273	1	Hide	19	1	0.0729	0.4678
274	1	Hide	19	1	0.0729	0.4678
275	1	Hide	19	1	0.0729	0.4678
276	1	Hide	19	1	0.0729	0.4678
277	1	Hide	19	1	0.0729	0.4678
278	1	Hide	19	1	0.0729	0.4678
279	1	Hide	19	1	0.0729	0.4678
280	1	Hide	19	1	0.0729	0.4678
281	1	Hide	19	1	0.0729	0.4678
282	1	Hide	19	1	0.0729	0.4678
283	1	Hide	19	1	0.0729	0.4678
284	1	Hide	19	1	0.0729	0.4678
285	1	Hide	19	1	0.0729	0.4678
286	1	Hide	19	1	0.0729	0.4678
287	1	Hide	19	1	0.0729	0.4678
288	1	Hide	19	1	0.0729	0.4678
289	1	Hide	19	1	0.0729	0.4678
290	1	Hide	19	1	0.0729	0.4678
291	1	Hide	19	1	0.0729	0.4678
292	1	Hide	19	1	0.0729	0.4678
293	1	Hide	19	1	0.0729	0.4678
294	1	Hide	19	1	0.0729	0.4678
295	1	Hide	19	1	0.0729	0.4678
296	1	Hide	19	1	0.0729	0.4678
297	1	Hide	19	1	0.0729	0.4678
298	1	Hide	19	1	0.0729	0.4678
299	1	Hide	19	1	0.0729	0.4678
300	1	Hide	19	1	0.0729	0.4678
301	1	Hide	19	1	0.0729	0.4678
302	1	Hide	19	1	0.0729	0.4678
303	1	Hide	19	1	0.0729	0.4678
304	1	Hide	19	1	0.0729	0.4678
305	1	Hide	19	1	0.0729	0.4678
306	1	Hide	19	1	0.0729	0.4678
307	1	Hide	19	1	0.0729	0.4678
308	1	Hide	19	1	0.0729	0.4678
309	1	Hide	19	1	0.0729	0.4678
310	1	Hide	19	1	0.0729	0.4678
311	1	Hide	19	1	0.0729	0.4678
312	1	Hide	19	1	0.0729	0.4678
313	1	Hide	19	1	0.0729	0.4678
314	1	Hide	19	1	0.0729	0.4678
315	1	Hide	19	1	0.0729	0.4678
316	1	Hide	19	1	0.0729	0.4678
317	1	Hide	19	1	0.0729	0.4678
318	1	Hide	19	1	0.0729	0.4678
319	1	Hide	19	1	0.0729	0.4678
320	1	Hide	19	1	0.0729	0.4678
321	1	Hide	19	1	0.0729	0.4678
322	1	Hide	19	1	0.0729	0.4678
323	1	Hide	19	1	0.0729	0.4678
324	1	Hide	19	1	0.0729	0.4678
325	1	Hide	19	1	0.0729	0.4678
326	1	Hide	19	1	0.0729	0.4678
327	1	Hide	19	1	0.0729	0.4678
328	1	Hide	19	1	0.0729	0.4678
329	1	Hide	19	1	0.0729	0.4678
330	1	Hide	19	1	0.0729	0.4678
331	1	Hide	19	1	0.0729	0.4678
332	1	Hide	19	1	0.0729	0.4678
333	1	Hide	19	1	0.0729	0.4678
334	1	Hide	19	1	0.0729	0.4678
335	1	Explore	19	1	0.0729	0.4678
336	2	Explore	18	2	0.0729	0.4678
337	2	Explore	18	2	0.0729	0.4678
338	2	Explore	18	2	0.0728	0.4678
339	2	Explore	18	2	0.0728	0.4678
340	2	Explore	18	2	0.0728	0.4677
341	2	Explore	18	2	0.0728	0.4677
342	2	Explore	18	2	0.0728	0.4677
343	2	Explore	18	2	0.0727	0.4677
344	2	Explore	18	2	0.0727	0.4677
345	2	Explore	18	2	0.0727	0.4677
346	2	Explore	18	2	0.0727	0.4676
347	2	Explore	18	2	0.0727	0.4676
348	2	Explore	18	2	0.0726	0.4676
349	2	Explore	18	2	0.0726	0.4676
350	2	Explore	18	2	0.0726	0.4676
351	2	Explore	18	2	0.0726	0.4676
352	2	Explore	18	2	0.0726	0.4676
353	2	Explore	18	2	0.0726	0.4675
354	2	Explore	18	2	0.0726	0.4675
355	2	Explore	18	2	0.0725	0.4675
356	2	Explore	18	2	0.0725	0.4675
357	2	Explore	18	2	0.0725	0.4675
358	2	Explore	18	2	0.0725	0.4675
359	2	Explore	18	2	0.0725	0.4674
360	2	Explore	18	2	0.0725	0.4674
361	2	Explore	18	2	0.0725	0.4674
362	2	Explore	18	2	0.0724	0.4674
363	2	Explore	18	2	0.0724	0.4674
364	2	Explore	18	2	0.0724	0.4673
365	2	Explore	18	2	0.0724	0.4673
366	2	Explore	18	2	0.0724	0.4673
367	2	Explore	18	2	0.0724	0.4673
368	2	Explore	18	2	0.0724	0.4670
369	2	Explore	18	2	0.0724	0.4666
370	2	Explore	18	2	0.0724	0.4662
371	2	Explore	18	2	0.0724	0.4658
372	2	Explore	18	2	0.0724	0.4652
373	2	Eat	18	2	0.0724	0.4647
374	3	Eat	17	3	0.0698	0.4645
375	3	Eat	17	3	0.0672	0.4642
376	3	Eat	17	3	0.0645	0.4639
377	3	Eat	17	3	0.0619	0.4636
378	3	Eat	17	3	0.0593	0.4633
379	3	Eat	17	3	0.0593	0.4633
380	3	Eat	17	3	0.0567	0.4628
381	3	Eat	17	3	0.0542	0.4623
382	3	Eat	17	3	0.0516	0.4618
383	3	Eat	17	3	0.0490	0.4613
384	3	Eat	17	3	0.0464	0.4607
385	3	Eat	17	3	0.0439	0.4602
386	3	Eat	17	3	0.0413	0.4597
387	3	Eat	17	3	0.0387	0.4591
388	3	Eat	17	3	0.0362	0.4586
389	3	Eat	17	3	0.0336	0.4580
390	3	Eat	17	3	0.0310	0.4575
391	3	Eat	17	3	0.0285	0.4569
392	3	Eat	17	3	0.0259	0.4564
393	3	Eat	17	3	0.0233	0.4558
394	3	Eat	17	3	0.0208	0.4553
395	3	Eat	17	3	0.0182	0.4547
396	3	Eat	17	3	0.0157	0.4541
397	3	Eat	17	3	0.0156	0.4541
398	3	Eat	17	3	0.0157	0.4540
399	3	Eat	17	3	0.0132	0.4532
400	3	Eat	17	3	0.0107	0.4523
401	3	Eat	17	3	0.0082	0.4514
402	3	Eat	17	3	0.0082	0.4514
403	3	Eat	17	3	0.0082	0.4514
404	3	Eat	17	3	0.0059	0.4503
405	3	Eat	17	3	0.0059	0.4502
406	3	Eat	17	3	0.0059	0.4502
407	3	Eat	17	3	0.0036	0.4489
408	3	Eat	17	3	0.0014	0.4476
409	3	Eat	17	3	-0.0009	0.4462
410	3	Eat	17	3	-0.0009	0.4462
411	3	Eat	17	3	-0.0009	0.4462
412	3	Eat	17	3	-0.0008	0.4461
413	3	Eat	17	3	-0.0008	0.4461
414	3	Eat	17	3	-0.0008	0.4461
415	3	Eat	17	3	-0.0008	0.4461
416	3	Eat	17	3	-0.0008	0.4461
417	3	Eat	17	3	-0.0008	0.4461
418	3	Eat	17	3	-0.0008	0.4461
419	3	Eat	17	3	-0.0024	0.4440
420	3	Eat	17	3	-0.0024	0.4440
421	3	Eat	17	3	-0.0024	0.4440
422	3	Eat	17	3	-0.0039	0.4418
423	3	Eat	17	3	-0.0039	0.4418
424	3	Eat	17	3	-0.0038	0.4418
425	3	Eat	17	3	-0.0052	0.4395
426	3	Eat	17	3	-0.0052	0.4395
427	3	Eat	17	3	-0.0065	0.4372
428	3	Eat	17	3	-0.0065	0.4372
429	3	Eat	17	3	-0.0065	0.4372
430	3	Eat	17	3	-0.0076	0.4348
431	3	Eat	17	3	-0.0076	0.4348
432	3	Eat	17	3	-0.0076	0.4348
433	3	Eat	17	3	-0.0085	0.4323
434	3	Eat	17	3	-0.0095	0.4299
435	3	Eat	17	3	-0.0103	0.4274
436	3	Eat	17	3	-0.0112	0.4249
437	3	Eat	17	3	-0.0120	0.4224
438	3	Eat	17	3	-0.0127	0.4199
439	3	Eat	17	3	-0.0134	0.4174
440	3	Eat	17	3	-0.0141	0.4148
441	3	Eat	17	3	-0.0147	0.4123
442	3	Eat	17	3	-0.0153	0.4097
443	3	Eat	17	3	-0.0158	0.4071
444	3	Eat	17	3	-0.0164	0.4046
445	3	Eat	17	3	-0.0168	0.4020
446	3	Eat	17	3	-0.0173	0.3994
447	3	Eat	17	3	-0.0177	0.3968
448	3	Eat	17	3	-0.0181	0.3942
449	3	Eat	17	3	-0.0185	0.3916
450	3	Eat	17	3	-0.0188	0.3890
451	3	Eat	17	3	-0.0192	0.3864
452	3	Eat	17	3	-0.0194	0.3838
453	3	Eat	17	3	-0.0197	0.3812
454	3	Eat	17	3	-0.0199	0.3786
455	3	Eat	17	3	-0.0202	0.3760
456	3	Eat	17	3	-0.0204	0.3733
457	3	Eat	17	3	-0.0205	0.3707
458	3	Eat	17	3	-0.0207	0.3681
459	3	Eat	17	3	-0.0208	0.3655
460	3	Eat	17	3	-0.0209	0.3629
461	3	Eat	17	3	-0.0210	0.3602
462	3	Eat	17	3	-0.0211	0.3576
463	3	Eat	17	3	-0.0212	0.3550
464	3	Eat	17	3	-0.0212	0.3524
465	3	Eat	17	3	-0.0213	0.3497
466	3	Eat	17	3	-0.0213	0.3471
467	3	Eat	17	3	-0.0213	0.3445
468	3	Eat	17	3	-0.0213	0.3419
469	3	Eat	17	3	-0.0212	0.3392
470	3	Eat	17	3	-0.0212	0.3366
471	3	Eat	17	3	-0.0212	0.3340
472	3	Eat	17	3	-0.0211	0.3314
473	3	Eat	17	3	-0.0210	0.3287
474	3	Eat	17	3	-0.0209	0.3261
475	3	Eat	17	3	-0.0208	0.3235
476	3	Eat	17	3	-0.0207	0.3209
477	3	Eat	17	3	-0.0206	0.3183
478	3	Eat	17	3	-0.0205	0.3156
479	3	Eat	17	3	-0.0203	0.3130
480	3	Eat	17	3	-0.0202	0.3104
481	3	Eat	17	3	-0.0200	0.3078
482	3	Eat	17	3	-0.0199	0.3052
483	3	Eat	17	3	-0.0197	0.3025
484	3	Eat	17	3	-0.0195	0.2999
485	3	Eat	17	3	-0.0193	0.2973
486	3	Eat	17	3	-0.0191	0.2947
487	3	Eat	17	3	-0.0189	0.2921
488	3	Eat	17	3	-0.0187	0.2894
489	3	Eat	17	3	-0.0185	0.2868
490	3	Eat	17	3	-0.0182	0.2842
491	3	Eat	17	3	-0.0180	0.2816
492	3	Eat	17	3	-0.0178	0.2790
493	3	Eat	17	3	-0.0175	0.2764
494	3	Eat	17	3	-0.0173	0.2738
495	3	Eat	17	3	-0.0170	0.2712
496	3	Eat	17	3	-0.0167	0.2685
497	3	Eat	17	3	-0.0165	0.2659
498	3	Eat	17	3	-0.0162	0.2633
499	3	Eat	17	3	-0.0159	0.2607
500	3	Eat	17	3	-0.0156	0.2581
501	3	Eat	17	3	-0.0153	0.2555
502	3	Eat	17	3	-0.0150	0.2529
503	3	Eat	17	3	-0.0147	0.2503
504	3	Eat	17	3	-0.0144	0.2477
505	3	Eat	17	3	-0.0141	0.2451
506	3	Eat	17	3	-0.0138	0.2425
507	3	Eat	17	3	-0.0135	0.2399
508	3	Eat	17	3	-0.0132	0.2372
509	3	Eat	17	3	-0.0129	0.2346
510	3	Eat	17	3	-0.0125	0.2320
511	3	Eat	17	3	-0.0122	0.2294
512	3	Eat	17	3	-0.0119	0.2268
513	3	Eat	17	3	-0.0115	0.2242
514	3	Eat	17	3	-0.0112	0.2216
515	3	Eat	17	3	-0.0108	0.2190
516	3	Eat	17	3	-0.0105	0.2164
517	3	Eat	17	3	-0.0101	0.2138
518	3	Eat	17	3	-0.0097	0.2112
519	3	Eat	17	3	-0.0094	0.2086
520	3	Eat	17	3	-0.0090	0.2060
521	3	Eat	17	3	-0.0087	0.2034
522	3	Eat	17	3	-0.0083	0.2008
523	3	Eat	17	3	-0.0079	0.1982
524	3	Eat	17	3	-0.0075	0.1956
525	3	Eat	17	3	-0.0071	0.1930
526	3	Eat	17	3	-0.0068	0.1904
527	3	Eat	17	3	-0.0064	0.1878
528	3	Eat	17	3	-0.0060	0.1852
529	3	Eat	17	3	-0.0056	0.1827
530	3	Eat	17	3	-0.0052	0.1801
531	3	Eat	17	3	-0.0048	0.1775
532	3	Eat	17	3	-0.0044	0.1749
533	3	Eat	17	3	-0.0040	0.1723
534	3	Eat	17	3	-0.0035	0.1697
535	3	Eat	17	3	-0.0031	0.1671
536	3	Eat	17	3	-0.0027	0.1645
537	3	Eat	17	3	-0.0027	0.1645
538	3	Eat	17	3	-0.0027	0.1645
539	3	Eat	17	3	-0.0027	0.1645
540	3	Eat	17	3	-0.0027	0.1645
541	3	Eat	17	3	-0.0027	0.1645
542	3	Eat	17	3	-0.0027	0.1645
543	3	Eat	17	3	-0.0027	0.1645
544	3	Eat	17	3	-0.0027	0.1645
545	3	Eat	17	3	-0.0027	0.1645
546	3	Eat	17	3	-0.0027	0.1645
547	3	Eat	17	3	-0.0027	0.1645
548	3	Eat	17	3	-0.0027	0.1645
549	3	Eat	17	3	-0.0027	0.1645
550	3	Eat	17	3	-0.0027	0.1645
551	3	Eat	17	3	-0.0027	0.1645
552	3	Eat	17	3	-0.0027	0.1645
553	3	Eat	17	3	-0.0027	0.1645
554	3	Eat	17	3	-0.0027	0.1645
555	3	Eat	17	3	-0.0027	0.1645
556	3	Eat	17	3	-0.0027	0.1645
557	3	Eat	17	3	-0.0027	0.1645
558	3	Eat	17	3	-0.0027	0.1645
559	3	Eat	17	3	-0.0027	0.1645
560	3	Eat	17	3	-0.0027	0.1645
561	3	Eat	17	3	-0.0027	0.1645
562	3	Eat	17	3	-0.0027	0.1645
563	3	Eat	17	3	-0.0027	0.1645
564	3	Eat	17	3	-0.0027	0.1645
565	3	Eat	17	3	-0.0027	0.1645
566	3	Eat	17	3	-0.0027	0.1645
567	3	Eat	17	3	-0.0027	0.1645
568	3	Eat	17	3	-0.0027	0.1645
569	3	Eat	17	3	-0.0027	0.1645
570	3	Eat	17	3	-0.0027	0.1645
571	3	Eat	17	3	-0.0027	0.1645
572	3	Eat	17	3	-0.0027	0.1645
573	3	Eat	17	3	-0.0027	0.1645
574	3	Eat	17	3	-0.0027	0.1645
575	3	Eat	17	3	-0.0027	0.1645
576	3	Eat	17	3	-0.0027	0.1645
577	3	Eat	17	3	-0.0027	0.1645
578	3	Eat	17	3	-0.0027	0.1645
579	3	Eat	17	3	-0.0027	0.1645
580	3	Eat	17	3	-0.0027	0.1645
581	3	Eat	17	3	-0.0027	0.1645
582	3	Eat	17	3	-0.0027	0.1645
583	3	Eat	17	3	-0.0027	0.1645
584	3	Eat	17	3	-0.0027	0.1645
585	3	Eat	17	3	-0.0027	0.1645
586	3	Eat	17	3	-0.0027	0.1645
587	3	Eat	17	3	-0.0027	0.1645
588	3	Eat	17	3	-0.0027	0.1645
589	3	Eat	17	3	-0.0027	0.1645
590	3	Eat	17	3	-0.0027	0.1645
591	3	Eat	17	3	-0.0027	0.1645
592	3	Eat	17	3	-0.0027	0.1645
593	3	Eat	17	3	-0.0027	0.1645
594	3	Eat	17	3	-0.0027	0.1645
595	3	Eat	17	3	-0.0027	0.1645
596	3	Eat	17	3	-0.0027	0.1645
597	3	Eat	17	3	-0.0027	0.1645
598	3	Eat	17	3	-0.0027	0.1645
599	3	Eat	17	3	-0.0027	0.1645
600	3	Eat	17	3	-0.0027	0.1645
601	3	Eat	17	3	-0.0027	0.1645
602	3	Eat	17	3	-0.0027	0.1645
603	3	Eat	17	3	-0.0027	0.1645
604	3	Eat	17	3	-0.0027	0.1645
605	3	Eat	17	3	-0.0027	0.1645
606	3	Eat	17	3	-0.0027	0.1645
607	3	Eat	17	3	-0.0027	0.1645
608	3	Eat	17	3	-0.0027	0.1645
609	3	Eat	17	3	-0.0027	0.1645
610	3	Eat	17	3	-0.0027	0.1645
611	3	Eat	17	3	-0.0027	0.1645
612	3	Eat	17	3	-0.0027	0.1645
613	3	Eat	17	3	-0.0027	0.1645
614	3	Eat	17	3	-0.0027	0.1645
615	3	Eat	17	3	-0.0027	0.1645
616	3	Eat	17	3	-0.0027	0.1645
617	3	Eat	17	3	-0.0027	0.1645
618	3	Eat	17	3	-0.0027	0.1645
619	3	Eat	17	3	-0.0027	0.1645
620	3	Eat	17	3	-0.0027	0.1645
621	3	Eat	17	3	-0.0027	0.1645
622	3	Eat	17	3	-0.0027	0.1645
623	3	Eat	17	3	-0.0027	0.1645
624	3	Eat	17	3	-0.0027	0.1645
625	3	Eat	17	3	-0.0027	0.1645
626	3	Eat	17	3	-0.0027	0.1645
627	3	Eat	17	3	-0.0027	0.1645
628	3	Eat	17	3	-0.0027	0.1645
629	3	Eat	17	3	-0.0027	0.1645
630	3	Eat	17	3	-0.0027	0.1645
631	3	Eat	17	3	-0.0027	0.1645
632	3	Eat	17	3	-0.0027	0.1645
633	3	Eat	17	3	-0.0027	0.1645
634	3	Eat	17	3	-0.0027	0.1645
635	3	Eat	17	3	-0.0027	0.1645
636	3	Eat	17	3	-0.0027	0.1645
637	3	Eat	17	3	-0.0027	0.1645
638	3	Eat	17	3	-0.0027	0.1645
639	3	Eat	17	3	-0.0027	0.1645
640	3	Eat	17	3	-0.0027	0.1645
641	3	Eat	17	3	-0.0027	0.1645
642	3	Eat	17	3	-0.0027	0.1645
643	3	Eat	17	3	-0.0027	0.1645
644	3	Eat	17	3	-0.0027	0.1645
645	3	Eat	17	3	-0.0027	0.1645
646	3	Eat	17	3	-0.0027	0.1645
647	3	Eat	17	3	-0.0027	0.1645
648	3	Eat	17	3	-0.0027	0.1645
649	3	Eat	17	3	-0.0027	0.1645
650	3	Eat	17	3	-0.0027	0.1645
651	3	Eat	17	3	-0.0027	0.1645
652	3	Eat	17	3	-0.0027	0.1645
653	3	Eat	17	3	-0.0027	0.1645
654	3	Eat	17	3	-0.0027	0.1645
655	3	Eat	17	3	-0.0027	0.1645
656	3	Eat	17	3	-0.0027	0.1645
657	3	Eat	17	3	-0.0027	0.1645
658	3	Eat	17	3	-0.0027	0.1645
659	3	Eat	17	3	-0.0027	0.1645
660	3	Eat	17	3	-0.0027	0.1645
661	3	Eat	17	3	-0.0027	0.1645
662	3	Eat	17	3	-0.0027	0.1645
663	3	Eat	17	3	-0.0027	0.1645
664	3	Eat	17	3	-0.0027	0.1645
665	3	Eat	17	3	-0.0027	0.1645
666	3	Eat	17	3	-0.0027	0.1645
667	3	Eat	17	3	-0.0027	0.1645
668	3	Eat	17	3	-0.0027	0.1645
669	3	Eat	17	3	-0.0027	0.1645
670	3	Eat	17	3	-0.0027	0.1645
671	3	Eat	17	3	-0.0027	0.1645
672	3	Eat	17	3	-0.0027	0.1645
673	3	Eat	17	3	-0.0027	0.1645
674	3	Eat	17	3	-0.0027	0.1645
675	3	Eat	17	3	-0.0027	0.1645
676	3	Eat	17	3	-0.0027	0.1645
677	3	Eat	17	3	-0.0027	0.1645
678	3	Eat	17	3	-0.0027	0.1645
679	3	Eat	17	3	-0.0027	0.1645
680	3	Eat	17	3	-0.0027	0.1645
681	3	Eat	17	3	-0.0027	0.1645
682	3	Eat	17	3	-0.0027	0.1645
683	3	Eat	17	3	-0.0027	0.1645
684	3	Eat	17	3	-0.0027	0.1645
685	3	Eat	17	3	-0.0027	0.1645
686	3	Eat	17	3	-0.0027	0.1645
687	3	Eat	17	3	-0.0027	0.1645
688	3	Eat	17	3	-0.0027	0.1645
689	3	Eat	17	3	-0.0027	0.1645
690	3	Eat	17	3	-0.0027	0.1645
691	3	Eat	17	3	-0.0027	0.1645
692	3	Eat	17	3	-0.0027	0.1645
693	3	Eat	17	3	-0.0027	0.1645
694	3	Eat	17	3	-0.0027	0.1645
695	3	Eat	17	3	-0.0027	0.1645
696	3	Explore	17	0	-0.0027	0.1645
697	4	Hide	16	1	-0.0023	0.1619
698	5	Hide	15	2	-0.0023	0.1619
699	5	Hide	15	2	-0.0023	0.1619
700	5	Hide	15	2	-0.0024	0.1619
701	5	Hide	15	2	-0.0024	0.1619
702	5	Hide	15	2	-0.0024	0.1619
703	5	Hide	15	2	-0.0024	0.1619
704	5	Hide	15	2	-0.0024	0.1619
705	5	Hide	15	2	-0.0025	0.1619
706	5	Hide	15	2	-0.0025	0.1620
707	5	Hide	15	2	-0.0025	0.1620
708	5	Hide	15	2	-0.0025	0.1621
709	5	Hide	15	2	-0.0025	0.1621
710	5	Hide	15	2	-0.0026	0.1621
711	5	Hide	15	2	-0.0035	0.1596
712	5	Hide	15	2	-0.0044	0.1572
713	5	Hide	15	2	-0.0053	0.1547
714	5	Hide	15	2	-0.0062	0.1522
715	5	Hide	15	2	-0.0071	0.1498
716	5	Hide	15	2	-0.0080	0.1473
717	5	Hide	15	2	-0.0088	0.1448
718	5	Hide	15	2	-0.0097	0.1424
719	5	Hide	15	2	-0.0106	0.1399
720	5	Hide	15	2	-0.0115	0.1374
721	5	Hide	15	2	-0.0124	0.1350
722	5	Hide	15	2	-0.0133	0.1325
723	5	Hide	15	2	-0.0142	0.1300
724	5	Hide	15	2	-0.0151	0.1276
725	5	Hide	15	2	-0.0160	0.1251
726	5	Hide	15	2	-0.0169	0.1226
727	5	Hide	15	2	-0.0178	0.1202
728	5	Hide	15	2	-0.0187	0.1177
729	5	Hide	15	2	-0.0196	0.1152
730	5	Hide	15	2	-0.0205	0.1128
731	5	Hide	15	2	-0.0214	0.1103
732	5	Hide	15	2	-0.0223	0.1078
733	5	Hide	15	2	-0.0232	0.1054
734	5	Hide	15	2	-0.0241	0.1029
735	5	Hide	15	2	-0.0250	0.1004
736	5	Hide	15	2	-0.0259	0.0980
737	5	Hide	15	2	-0.0268	0.0955
738	5	Hide	15	2	-0.0277	0.0930
739	5	Hide	15	2	-0.0286	0.0906
740	5	Hide	15	2	-0.0295	0.0881
741	5	Hide	15	2	-0.0304	0.0856
742	5	Hide	15	2	-0.0313	0.0832
743	5	Hide	15	2	-0.0322	0.0807
744	5	Hide	15	2	-0.0331	0.0782
745	5	Hide	15	2	-0.0340	0.0758
746	5	Hide	15	2	-0.0349	0.0733
747	5	Hide	15	2	-0.0358	0.0708
748	5	Hide	15	2	-0.0367	0.0684
749	5	Hide	15	2	-0.0376	0.0659
750	5	Hide	15	2	-0.0385	0.0634
751	5	Hide	15	2	-0.0394	0.0610
752	5	Hide	15	2	-0.0403	0.0585
753	5	Hide	15	2	-0.0412	0.0560
754	5	Hide	15	2	-0.0421	0.0536
755	5	Hide	15	2	-0.0430	0.0511
756	5	Hide	15	2	-0.0439	0.0486
757	5	Hide	15	2	-0.0448	0.0462
758	5	Hide	15	2	-0.0457	0.0437
759	5	Hide	15	2	-0.0466	0.0412
760	5	Hide	15	2	-0.0475	0.0388
761	5	Hide	15	2	-0.0483	0.0363
762	5	Hide	15	2	-0.0492	0.0338
763	5	Hide	15	2	-0.0501	0.0314
764	5	Hide	15	2	-0.0510	0.0289
765	5	Hide	15	2	-0.0519	0.0264
766	5	Hide	15	2	-0.0528	0.0240
767	5	Hide	15	2	-0.0537	0.0215
768	5	Hide	15	2	-0.0546	0.0190
769	5	Hide	15	2	-0.0555	0.0166
770	5	Hide	15	2	-0.0564	0.0141
771	5	Hide	15	2	-0.0573	0.0116
772	5	Hide	15	2	-0.0582	0.0092
773	5	Hide	15	2	-0.0591	0.0067
774	5	Hide	15	2	-0.0600	0.0043
775	5	Hide	15	2	-0.0609	0.0018
776	5	Hide	15	2	-0.0618	-0.0007
777	5	Hide	15	2	-0.0627	-0.0031
778	5	Hide	15	2	-0.0636	-0.0056
779	5	Hide	15	2	-0.0645	-0.0081
780	5	Hide	15	2	-0.0654	-0.0105
781	5	Hide	15	2	-0.0663	-0.0130
782	5	Hide	15	2	-0.0672	-0.0155
783	5	Hide	15	2	-0.0681	-0.0179
784	5	Hide	15	2	-0.0690	-0.0204
785	5	Hide	15	2	-0.0699	-0.0229
786	5	Hide	15	2	-0.0708	-0.0253
787	5	Hide	15	2	-0.0717	-0.0278
788	5	Hide	15	2	-0.0726	-0.0303
789	5	Hide	15	2	-0.0735	-0.0327
790	5	Hide	15	2	-0.0744	-0.0352
791	5	Hide	15	2	-0.0753	-0.0377
792	5	Hide	15	2	-0.0762	-0.0401
793	5	Hide	15	2	-0.0771	-0.0426
794	5	Hide	15	2	-0.0780	-0.0451
795	5	Hide	15	2	-0.0789	-0.0475
796	5	Hide	15	2	-0.0798	-0.0500
797	5	Hide	15	2	-0.0807	-0.0525
798	5	Hide	15	2	-0.0816	-0.0549
799	5	Hide	15	2	-0.0825	-0.0574
800	5	Hide	15	2	-0.0834	-0.0599
801	5	Hide	15	2	-0.0843	-0.0623
802	5	Hide	15	2	-0.0852	-0.0648
803	5	Hide	15	2	-0.0861	-0.0673
804	5	Hide	15	2	-0.0870	-0.0697
805	5	Hide	15	2	-0.0879	-0.0722
806	5	Hide	15	2	-0.0888	-0.0747
807	5	Hide	15	2	-0.0897	-0.0771
808	5	Hide	15	2	-0.0906	-0.0796
809	5	Hide	15	2	-0.0915	-0.0821
810	5	Hide	15	2	-0.0924	-0.0845
811	5	Hide	15	2	-0.0933	-0.0870
812	5	Hide	15	2	-0.0942	-0.0895
813	5	Hide	15	2	-0.0951	-0.0919
814	5	Hide	15	2	-0.0960	-0.0944
815	5	Hide	15	2	-0.0969	-0.0969
816	5	Hide	15	2	-0.0978	-0.0993
817	5	Hide	15	2	-0.0987	-0.1018
818	5	Hide	15	2	-0.0995	-0.1043
819	5	Hide	15	2	-0.1004	-0.1067
820	5	Hide	15	2	-0.1013	-0.1092
821	5	Hide	15	2	-0.1022	-0.1117
822	5	Hide	15	2	-0.1031	-0.1141
823	5	Hide	15	2	-0.1040	-0.1166
824	5	Hide	15	2	-0.1049	-0.1191
825	5	Hide	15	2	-0.1058	-0.1215
826	5	Hide	15	2	-0.1067	-0.1240
827	5	Hide	15	2	-0.1076	-0.1265
828	5	Hide	15	2	-0.1085	-0.1289
829	5	Hide	15	2	-0.1094	-0.1314
830	5	Hide	15	2	-0.1103	-0.1339
831	5	Hide	15	2	-0.1112	-0.1363
832	5	Hide	15	2	-0.1121	-0.1388
833	5	Hide	15	2	-0.1130	-0.1413
834	5	Hide	15	2	-0.1139	-0.1437
835	5	Hide	15	2	-0.1148	-0.1462
836	5	Hide	15	2	-0.1157	-0.1487
837	5	Hide	15	2	-0.1166	-0.1511
838	5	Hide	15	2	-0.1175	-0.1536
839	5	Hide	15	2	-0.1184	-0.1561
840	5	Hide	15	2	-0.1193	-0.1585
841	5	Hide	15	2	-0.1202	-0.1610
842	5	Hide	15	2	-0.1211	-0.1635
843	5	Hide	15	2	-0.1220	-0.1659
844	5	Hide	15	2	-0.1229	-0.1684
845	5	Hide	15	2	-0.1238	-0.1709
846	5	Hide	15	2	-0.1247	-0.1733
847	5	Hide	15	2	-0.1256	-0.1758
848	5	Hide	15	2	-0.1265	-0.1783
849	5	Hide	15	2	-0.1274	-0.1807
850	5	Hide	15	2	-0.1283	-0.1832
851	5	Hide	15	2	-0.1292	-0.1856
852	5	Hide	15	2	-0.1301	-0.1881
853	5	Hide	15	2	-0.1310	-0.1906
854	5	Hide	15	2	-0.1319	-0.1930
855	5	Hide	15	2	-0.1328	-0.1955
856	5	Hide	15	2	-0.1337	-0.1980
857	5	Hide	15	2	-0.1346	-0.2004
858	5	Hide	15	2	-0.1355	-0.2029
859	5	Hide	15	2	-0.1364	-0.2054
860	5	Hide	15	2	-0.1373	-0.2078
861	5	Hide	15	2	-0.1382	-0.2103
862	5	Hide	15	2	-0.1391	-0.2128
863	5	Hide	15	2	-0.1400	-0.2152
864	5	Hide	15	2	-0.1409	-0.2177
865	5	Hide	15	2	-0.1418	-0.2202
866	5	Hide	15	2	-0.1427	-0.2226
867	5	Hide	15	2	-0.1436	-0.2251
868	5	Hide	15	2	-0.1445	-0.2276
869	5	Hide	15	2	-0.1454	-0.2300
870	5	Hide	15	2	-0.1463	-0.2325
871	5	Hide	15	2	-0.1472	-0.2350
872	5	Hide	15	2	-0.1481	-0.2374
873	5	Hide	15	2	-0.1490	-0.2399
874	5	Hide	15	2	-0.1499	-0.2424
875	5	Hide	15	2	-0.1508	-0.2448
876	5	Hide	15	2	-0.1517	-0.2473
877	5	Hide	15	2	-0.1526	-0.2498
878	5	Hide	15	2	-0.1535	-0.2522
879	5	Hide	15	2	-0.1544	-0.2547
880	5	Hide	15	2	-0.1553	-0.2572
881	5	Hide	15	2	-0.1562	-0.2596
882	5	Hide	15	2	-0.1571	-0.2621
883	5	Hide	15	2	-0.1580	-0.2646
884	5	Hide	15	2	-0.1589	-0.2670
885	5	Hide	15	2	-0.1598	-0.2695
886	5	Hide	15	2	-0.1607	-0.2720
887	5	Hide	15	2	-0.1616	-0.2744
888	5	Hide	15	2	-0.1625	-0.2769
889	5	Hide	15	2	-0.1634	-0.2794
890	5	Hide	15	2	-0.1643	-0.2818
891	5	Hide	15	2	-0.1652	-0.2843
892	5	Hide	15	2	-0.1661	-0.2868
893	5	Hide	15	2	-0.1670	-0.2892
894	5	Hide	15	2	-0.1679	-0.2917
895	5	Hide	15	2	-0.1688	-0.2942
896	5	Hide	15	2	-0.1697	-0.2966
897	5	Hide	15	2	-0.1706	-0.2991
898	5	Hide	15	2	-0.1715	-0.3016
899	5	Hide	15	2	-0.1724	-0.3040
900	5	Hide	15	2	-0.1733	-0.3065
901	5	Hide	15	2	-0.1742	-0.3090
902	5	Hide	15	2	-0.1751	-0.3114
903	5	Hide	15	2	-0.1760	-0.3139
904	5	Hide	15	2	-0.1769	-0.3163
905	5	Hide	15	2	-0.1778	-0.3188
906	5	Hide	15	2	-0.1787	-0.3213
907	5	Hide	15	2	-0.1796	-0.3237
908	5	Hide	15	2	-0.1805	-0.3262
909	5	Hide	15	2	-0.1814	-0.3287
910	5	Hide	15	2	-0.1823	-0.3311
911	5	Hide	15	2	-0.1832	-0.3336
912	5	Hide	15	2	-0.1841	-0.3361
913	5	Hide	15	2	-0.1850	-0.3385
914	5	Hide	15	2	-0.1859	-0.3410
915	5	Hide	15	2	-0.1868	-0.3435
916	5	Hide	15	2	-0.1877	-0.3459
917	5	Hide	15	2	-0.1886	-0.3484
918	5	Hide	15	2	-0.1895	-0.3509
919	5	Hide	15	2	-0.1903	-0.3533
920	5	Hide	15	2	-0.1912	-0.3558
921	5	Hide	15	2	-0.1921	-0.3583
922	5	Hide	15	2	-0.1930	-0.3607
923	5	Hide	15	2	-0.1939	-0.3632
924	5	Hide	15	2	-0.1948	-0.3657
925	5	Hide	15	2	-0.1957	-0.3681
926	5	Hide	15	2	-0.1966	-0.3706
927	5	Hide	15	2	-0.1975	-0.3731
928	5	Hide	15	2	-0.1984	-0.3755
929	5	Hide	15	2	-0.1993	-0.3780
930	5	Hide	15	2	-0.2002	-0.3805
931	5	Hide	15	2	-0.2011	-0.3829
932	5	Hide	15	2	-0.2020	-0.3854
933	5	Hide	15	2	-0.2029	-0.3879
934	5	Hide	15	2	-0.2038	-0.3903
935	5	Hide	15	2	-0.2047	-0.3928
936	5	Hide	15	2	-0.2056	-0.3953
937	5	Hide	15	2	-0.2065	-0.3977
938	5	Hide	15	2	-0.2074	-0.4002
939	5	Hide	15	2	-0.2083	-0.4027
940	5	Hide	15	2	-0.2092	-0.4051
941	5	Hide	15	2	-0.2101	-0.4076
942	5	Hide	15	2	-0.2110	-0.4101
943	5	Hide	15	2	-0.2119	-0.4125
944	5	Hide	15	2	-0.2128	-0.4150
945	5	Hide	15	2	-0.2137	-0.4174
946	5	Hide	15	2	-0.2146	-0.4199
947	5	Hide	15	2	-0.2155	-0.4224
948	5	Hide	15	2	-0.2164	-0.4248
949	5	Hide	15	2	-0.2173	-0.4273
950	5	Hide	15	2	-0.2182	-0.4298
951	5	Hide	15	2	-0.2191	-0.4322
952	5	Hide	15	2	-0.2200	-0.4347
953	5	Hide	15	2	-0.2209	-0.4372
954	5	Hide	15	2	-0.2218	-0.4396
955	5	Hide	15	2	-0.2227	-0.4421
956	5	Hide	15	2	-0.2236	-0.4446
957	5	Hide	15	2	-0.2245	-0.4470
958	5	Hide	15	2	-0.2254	-0.4495
959	5	Hide	15	2	-0.2263	-0.4520
960	5	Hide	15	2	-0.2272	-0.4544
961	5	Hide	15	2	-0.2281	-0.4569
962	5	Hide	15	2	-0.2290	-0.4594
963	5	Hide	15	2	-0.2299	-0.4618
964	5	Hide	15	2	-0.2308	-0.4643
965	5	Hide	15	2	-0.2317	-0.4668
966	5	Hide	15	2	-0.2326	-0.4692
967	5	Hide	15	2	-0.2326	-0.4692
968	5	Hide	15	2	-0.2326	-0.4692
969	5	Hide	15	2	-0.2326	-0.4692
970	5	Hide	15	2	-0.2326	-0.4692
971	5	Hide	15	2	-0.2326	-0.4692
972	5	Hide	15	2	-0.2326	-0.4692
973	5	Hide	15	2	-0.2326	-0.4692
974	5	Hide	15	2	-0.2326	-0.4692
975	5	Hide	15	2	-0.2326	-0.4692
976	5	Hide	15	2	-0.2326	-0.4692
977	5	Hide	15	2	-0.2326	-0.4692
978	5	Hide	15	2	-0.2326	-0.4692
979	5	Hide	15	2	-0.2326	-0.4692
980	5	Hide	15	2	-0.2326	-0.4692
981	5	Hide	15	2	-0.2326	-0.4692
982	5	Hide	15	2	-0.2326	-0.4692
983	5	Hide	15	2	-0.2326	-0.4692
984	5	Hide	15	2	-0.2326	-0.4692
985	5	Hide	15	2	-0.2326	-0.4692
986	5	Hide	15	2	-0.2326	-0.4692
987	5	Hide	15	2	-0.2326	-0.4692
988	5	Hide	15	2	-0.2326	-0.4692
989	5	Hide	15	2	-0.2326	-0.4692
990	5	Hide	15	2	-0.2326	-0.4692
991	5	Hide	15	2	-0.2326	-0.4692
992	5	Hide	15	2	-0.2326	-0.4692
993	5	Hide	15	2	-0.2326	-0.4692
994	5	Hide	15	2	-0.2326	-0.4692
995	5	Hide	15	2	-0.2326	-0.4692
996	5	Hide	15	2	-0.2326	-0.4692
997	5	Hide	15	2	-0.2326	-0.4692
998	5	Hide	15	2	-0.2326	-0.4692
999	5	Hide	15	2	-0.2326	-0.4692
1000	5	Hide	15	2	-0.2326	-0.4692
1001	5	Hide	15	2	-0.2326	-0.4692
1002	5	Hide	15	2	-0.2326	-0.4692
1003	5	Hide	15	2	-0.2326	-0.4692
1004	5	Hide	15	2	-0.2326	-0.4692
1005	5	Hide	15	2	-0.2326	-0.4692
1006	5	Hide	15	2	-0.2326	-0.4692
1007	5	Hide	15	2	-0.2326	-0.4692
1008	5	Hide	15	2	-0.2326	-0.4692
1009	5	Hide	15	2	-0.2326	-0.4692
1010	5	Hide	15	2	-0.2326	-0.4692
1011	5	Hide	15	2	-0.2326	-0.4692
1012	5	Hide	15	2	-0.2326	-0.4692
1013	5	Hide	15	2	-0.2326	-0.4692
1014	5	Hide	15	2	-0.2326	-0.4692
1015	5	Hide	15	2	-0.2326	-0.4692
1016	5	Hide	15	2	-0.2326	-0.4692
1017	5	Hide	15	2	-0.2326	-0.4692
1018	5	Hide	15	2	-0.2326	-0.4692
1019	5	Hide	15	2	-0.2326	-0.4692
1020	5	Hide	15	2	-0.2326	-0.4692
1021	5	Hide	15	2	-0.2326	-0.4692
1022	5	Hide	15	2	-0.2326	-0.4692
1023	5	Hide	15	2	-0.2326	-0.4692
1024	5	Hide	15	2	-0.2326	-0.4692
1025	5	Hide	15	2	-0.2326	-0.4692
1026	5	Hide	15	2	-0.2326	-0.4692
1027	5	Hide	15	2	-0.2326	-0.4692
1028	5	Hide	15	2	-0.2326	-0.4692
1029	5	Hide	15	2	-0.2326	-0.4692
1030	5	Hide	15	2	-0.2326	-0.4692
1031	5	Hide	15	2	-0.2326	-0.4692
1032	5	Hide	15	2	-0.2326	-0.4692
1033	5	Hide	15	2	-0.2326	-0.4692
1034	5	Hide	15	2	-0.2326	-0.4692
1035	5	Hide	15	2	-0.2326	-0.4692
1036	5	Hide	15	2	-0.2326	-0.4692
1037	5	Hide	15	2	-0.2326	-0.4692
1038	5	Hide	15	2	-0.2326	-0.4692
1039	5	Hide	15	2	-0.2326	-0.4692
1040	5	Hide	15	2	-0.2326	-0.4692
1041	5	Hide	15	2	-0.2326	-0.4692
1042	5	Hide	15	2	-0.2326	-0.4692
1043	5	Hide	15	2	-0.2326	-0.4692
1044	5	Hide	15	2	-0.2326	-0.4692
1045	5	Hide	15	2	-0.2326	-0.4692
1046	5	Hide	15	2	-0.2326	-0.4692
1047	5	Hide	15	2	-0.2326	-0.4692
1048	5	Hide	15	2	-0.2326	-0.4692
1049	5	Hide	15	2	-0.2326	-0.4692
1050	5	Hide	15	2	-0.2326	-0.4692
1051	5	Hide	15	2	-0.2326	-0.4692
1052	5	Hide	15	2	-0.2326	-0.4692
1053	5	Hide	15	2	-0.2326	-0.4692
1054	5	Hide	15	2	-0.2326	-0.4692
1055	5	Hide	15	2	-0.2326	-0.4692
1056	5	Hide	15	2	-0.2326	-0.4692
1057	5	Hide	15	2	-0.2326	-0.4692
1058	5	Hide	15	2	-0.2326	-0.4692
1059	5	Hide	15	2	-0.2326	-0.4692
1060	5	Hide	15	2	-0.2326	-0.4692
1061	5	Hide	15	2	-0.2326	-0.4692
1062	5	Hide	15	2	-0.2326	-0.4692
1063	5	Hide	15	2	-0.2326	-0.4692
1064	5	Hide	15	2	-0.2326	-0.4692
1065	5	Hide	15	2	-0.2326	-0.4692
1066	5	Explore	15	2	-0.2326	-0.4692
1067	6	Explore	14	3	-0.2326	-0.4692
1068	6	Explore	14	3	-0.2326	-0.4693
1069	6	Explore	14	3	-0.2326	-0.4693
1070	6	Explore	14	3	-0.2326	-0.4693
1071	6	Explore	14	3	-0.2325	-0.4693
1072	6	Explore	14	3	-0.2325	-0.4693
1073	6	Explore	14	3	-0.2325	-0.4693
1074	6	Explore	14	3	-0.2325	-0.4693
1075	6	Explore	14	3	-0.2325	-0.4693
1076	6	Explore	14	3	-0.2324	-0.4693
1077	6	Explore	14	3	-0.2324	-0.4693
1078	6	Explore	14	3	-0.2324	-0.4693
1079	6	Explore	14	3	-0.2324	-0.4693
1080	6	Explore	14	3	-0.2323	-0.4693
1081	6	Explore	14	3	-0.2323	-0.4693
1082	6	Explore	14	3	-0.2323	-0.4692
1083	6	Explore	14	3	-0.2323	-0.4692
1084	6	Explore	14	3	-0.2323	-0.4692
1085	6	Explore	14	3	-0.2322	-0.4692
1086	6	Explore	14	3	-0.2322	-0.4692
1087	6	Explore	14	3	-0.2322	-0.4692
1088	6	Explore	14	3	-0.2322	-0.4691
1089	6	Explore	14	3	-0.2322	-0.4691
1090	6	Explore	14	3	-0.2322	-0.4691
1091	6	Explore	14	3	-0.2321	-0.4691
1092	6	Explore	14	3	-0.2321	-0.4691
1093	6	Explore	14	3	-0.2321	-0.4691
1094	6	Explore	14	3	-0.2321	-0.4691
1095	6	Explore	14	3	-0.2321	-0.4690
1096	6	Explore	14	3	-0.2321	-0.4690
1097	6	Explore	14	3	-0.2320	-0.4690
1098	6	Explore	14	3	-0.2320	-0.4690
1099	6	Explore	14	3	-0.2320	-0.4690
1100	6	Explore	14	3	-0.2320	-0.4690
1101	6	Explore	14	3	-0.2320	-0.4689
1102	6	Explore	14	3	-0.2320	-0.4689
1103	6	Explore	14	3	-0.2320	-0.4689
1104	6	Explore	14	3	-0.2319	-0.4689
1105	6	Explore	14	3	-0.2319	-0.4689
1106	6	Explore	14	3	-0.2319	-0.4689
1107	6	Explore	14	3	-0.2319	-0.4688
1108	6	Explore	14	3	-0.2319	-0.4688
1109	6	Explore	14	3	-0.2318	-0.4688
1110	6	Explore	14	3	-0.2318	-0.4684
1111	6	Explore	14	3	-0.2318	-0.4679
1112	6	Explore	14	3	-0.2318	-0.4674
1113	6	Explore	14	3	-0.2318	-0.4669
1114	6	Explore	14	3	-0.2318	-0.4666
1115	6	Explore	14	3	-0.2318	-0.4662
1116	6	Explore	14	3	-0.2318	-0.4658
1117	6	Explore	14	3	-0.2318	-0.4652
1118	6	Explore	14	3	-0.2318	-0.4647
1119	6	Explore	14	3	-0.2318	-0.4642
1120	6	Explore	14	3	-0.2318	-0.4638
1121	6	Explore	14	3	-0.2318	-0.4635
1122	6	Explore	14	3	-0.2318	-0.4632
1123	6	Explore	14	3	-0.2318	-0.4629
1124	6	Explore	14	3	-0.2319	-0.4629
1125	6	Explore	14	3	-0.2294	-0.4621
1126	6	Explore	14	3	-0.2269	-0.4612
1127	6	Explore	14	3	-0.2244	-0.4604
1128	6	Explore	14	3	-0.2219	-0.4596
1129	6	Explore	14	3	-0.2194	-0.4587
1130	6	Explore	14	3	-0.2169	-0.4579
1131	6	Explore	14	3	-0.2144	-0.4570
1132	6	Explore	14	3	-0.2120	-0.4562
1133	6	Explore	14	3	-0.2095	-0.4554
1134	6	Explore	14	3	-0.2070	-0.4545
1135	6	Explore	14	3	-0.2045	-0.4537
1136	6	Explore	14	3	-0.2020	-0.4529
1137	6	Explore	14	3	-0.1995	-0.4520
1138	6	Explore	14	3	-0.1970	-0.4512
1139	6	Explore	14	3	-0.1945	-0.4503
1140	6	Explore	14	3	-0.1920	-0.4495
1141	6	Explore	14	3	-0.1896	-0.4487
1142	6	Explore	14	3	-0.1871	-0.4478
1143	6	Explore	14	3	-0.1870	-0.4479
1144	6	Explore	14	3	-0.1870	-0.4479
1145	6	Explore	14	3	-0.1870	-0.4479
1146	6	Explore	14	3	-0.1870	-0.4479
1147	6	Explore	14	3	-0.1869	-0.4479
1148	6	Explore	14	3	-0.1869	-0.4480
1149	6	Explore	14	3	-0.1869	-0.4480
1150	6	Explore	14	3	-0.1869	-0.4480
1151	6	Explore	14	3	-0.1869	-0.4480
1152	6	Explore	14	3	-0.1869	-0.4480
1153	6	Explore	14	3	-0.1869	-0.4481
1154	6	Explore	14	3	-0.1869	-0.4481
1155	6	Explore	14	3	-0.1870	-0.4481
1156	6	Explore	14	3	-0.1844	-0.4486
1157	6	Explore	14	3	-0.1818	-0.4491
1158	6	Explore	14	3	-0.1792	-0.4495
1159	6	Explore	14	3	-0.1766	-0.4500
1160	6	Explore	14	3	-0.1741	-0.4505
1161	6	Explore	14	3	-0.1715	-0.4510
1162	6	Explore	14	3	-0.1689	-0.4515
1163	6	Explore	14	3	-0.1663	-0.4519
1164	6	Explore	14	3	-0.1637	-0.4524
1165	6	Explore	14	3	-0.1612	-0.4529
1166	6	Explore	14	3	-0.1586	-0.4534
1167	6	Explore	14	3	-0.1560	-0.4539
1168	6	Explore	14	3	-0.1534	-0.4543
1169	6	Explore	14	3	-0.1508	-0.4548
1170	6	Explore	14	3	-0.1483	-0.4553
1171	6	Explore	14	3	-0.1482	-0.4553
1172	6	Explore	14	3	-0.1456	-0.4556
1173	6	Explore	14	3	-0.1456	-0.4556
1174	6	Explore	14	3	-0.1430	-0.4559
1175	6	Explore	14	3	-0.1430	-0.4559
1176	6	Explore	14	3	-0.1404	-0.4560
1177	6	Explore	14	3	-0.1377	-0.4562
1178	6	Explore	14	3	-0.1377	-0.4562
1179	6	Explore	14	3	-0.1351	-0.4563
1180	6	Explore	14	3	-0.1325	-0.4563
1181	6	Explore	14	3	-0.1298	-0.4564
1182	6	Explore	14	3	-0.1298	-0.4564
1183	6	Explore	14	3	-0.1272	-0.4563
1184	6	Explore	14	3	-0.1246	-0.4563
1185	6	Explore	14	3	-0.1220	-0.4562
1186	6	Explore	14	3	-0.1193	-0.4562
1187	6	Explore	14	3	-0.1167	-0.4562
1188	6	Explore	14	3	-0.1141	-0.4561
1189	6	Explore	14	3	-0.1115	-0.4561
1190	6	Explore	14	3	-0.1088	-0.4561
1191	6	Explore	14	3	-0.1062	-0.4560
1192	6	Explore	14	3	-0.1036	-0.4560
1193	6	Explore	14	3	-0.1010	-0.4559
1194	6	Explore	14	3	-0.0983	-0.4559
1195	6	Explore	14	3	-0.0957	-0.4559
1196	6	Explore	14	3	-0.0931	-0.4558
1197	6	Explore	14	3	-0.0905	-0.4558
1198	6	Explore	14	3	-0.0878	-0.4557
1199	6	Explore	14	3	-0.0852	-0.4557
1200	6	Explore	14	3	-0.0826	-0.4557
1201	6	Explore	14	3	-0.0800	-0.4556
1202	6	Explore	14	3	-0.0773	-0.4556
1203	6	Explore	14	3	-0.0747	-0.4555
1204	6	Explore	14	3	-0.0721	-0.4555
1205	6	Explore	14	3	-0.0695	-0.4555
1206	6	Explore	14	3	-0.0668	-0.4554
1207	6	Explore	14	3	-0.0668	-0.4554
1208	6	Explore	14	3	-0.0668	-0.4554
1209	6	Explore	14	3	-0.0668	-0.4554
1210	6	Explore	14	3	-0.0668	-0.4553
1211	6	Explore	14	3	-0.0668	-0.4553
1212	6	Explore	14	3	-0.0669	-0.4553
1213	6	Explore	14	3	-0.0669	-0.4553
1214	6	Explore	14	3	-0.0669	-0.4553
1215	6	Explore	14	3	-0.0669	-0.4552
1216	6	Explore	14	3	-0.0669	-0.4552
1217	6	Explore	14	3	-0.0670	-0.4552
1218	6	Explore	14	3	-0.0670	-0.4552
1219	6	Explore	14	3	-0.0670	-0.4552
1220	6	Explore	14	3	-0.0670	-0.4552
1221	6	Explore	14	3	-0.0670	-0.4551
1222	6	Explore	14	3	-0.0670	-0.4551
1223	6	Explore	14	3	-0.0671	-0.4551
1224	6	Explore	14	3	-0.0671	-0.4551
1225	6	Explore	14	3	-0.0671	-0.4551
1226	6	Explore	14	3	-0.0652	-0.4533
1227	6	Explore	14	3	-0.0633	-0.4515
1228	6	Explore	14	3	-0.0614	-0.4497
1229	6	Explore	14	3	-0.0594	-0.4479
1230	6	Explore	14	3	-0.0575	-0.4461
1231	6	Explore	14	3	-0.0556	-0.4443
1232	6	Explore	14	3	-0.0537	-0.4425
1233	6	Explore	14	3	-0.0518	-0.4407
1234	6	Explore	14	3	-0.0499	-0.4389
1235	6	Explore	14	3	-0.0480	-0.4371
1236	6	Explore	14	3	-0.0461	-0.4353
1237	6	Explore	14	3	-0.0442	-0.4335
1238	6	Explore	14	3	-0.0423	-0.4317
1239	6	Explore	14	3	-0.0403	-0.4299
1240	6	Explore	14	3	-0.0384	-0.4281
1241	6	Explore	14	3	-0.0365	-0.4263
1242	6	Explore	14	3	-0.0346	-0.4245
1243	6	Explore	14	3	-0.0327	-0.4227
1244	6	Explore	14	3	-0.0308	-0.4209
1245	6	Explore	14	3	-0.0289	-0.4191
1246	6	Explore	14	3	-0.0270	-0.4173
1247	6	Explore	14	3	-0.0251	-0.4155
1248	6	Explore	14	3	-0.0232	-0.4137
1249	6	Explore	14	3	-0.0212	-0.4119
1250	6	Explore	14	3	-0.0193	-0.4101
1251	6	Explore	14	3	-0.0174	-0.4083
1252	6	Explore	14	3	-0.0155	-0.4065
1253	6	Explore	14	3	-0.0136	-0.4047
1254	6	Explore	14	3	-0.0117	-0.4029
1255	6	Explore	14	3	-0.0098	-0.4011
1256	6	Explore	14	3	-0.0079	-0.3993
1257	6	Explore	14	3	-0.0060	-0.3975
1258	6	Explore	14	3	-0.0040	-0.3957
1259	6	Explore	14	3	-0.0021	-0.3939
1260	6	Explore	14	3	-0.0002	-0.3921
1261	6	Explore	14	3	0.0017	-0.3903
1262	6	Explore	14	3	0.0017	-0.3903
1263	6	Explore	14	3	0.0017	-0.3903
1264	6	Explore	14	3	0.0017	-0.3903
1265	6	Explore	14	3	0.0018	-0.3903
1266	6	Explore	14	3	0.0018	-0.3903
1267	6	Explore	14	3	0.0018	-0.3904
1268	6	Explore	14	3	0.0018	-0.3904
1269	6	Explore	14	3	0.0018	-0.3904
1270	6	Explore	14	3	0.0018	-0.3904
1271	6	Explore	14	3	0.0018	-0.3904
1272	6	Explore	14	3	0.0019	-0.3904
1273	6	Explore	14	3	0.0019	-0.3905
1274	6	Explore	14	3	0.0044	-0.3897
1275	6	Explore	14	3	0.0069	-0.3890
1276	6	Explore	14	3	0.0094	-0.3882
1277	6	Explore	14	3	0.0119	-0.3875
1278	6	Explore	14	3	0.0145	-0.3867
1279	6	Explore	14	3	0.0170	-0.3860
1280	6	Explore	14	3	0.0195	-0.3852
1281	6	Explore	14	3	0.0220	-0.3845
1282	6	Explore	14	3	0.0245	-0.3837
1283	6	Explore	14	3	0.0270	-0.3830
1284	6	Explore	14	3	0.0296	-0.3822
1285	6	Explore	14	3	0.0321	-0.3815
1286	6	Explore	14	3	0.0346	-0.3808
1287	6	Explore	14	3	0.0371	-0.3800
1288	6	Explore	14	3	0.0396	-0.3793
1289	6	Explore	14	3	0.0421	-0.3785
1290	6	Explore	14	3	0.0447	-0.3778
1291	6	Explore	14	3	0.0472	-0.3770
1292	6	Explore	14	3	0.0497	-0.3763
1293	6	Explore	14	3	0.0522	-0.3755
1294	6	Explore	14	3	0.0547	-0.3748
1295	6	Explore	14	3	0.0572	-0.3740
1296	6	Explore	14	3	0.0598	-0.3733
1297	6	Explore	14	3	0.0623	-0.3725
1298	6	Explore	14	3	0.0648	-0.3718
1299	6	Explore	14	3	0.0673	-0.3710
1300	6	Explore	14	3	0.0698	-0.3703
1301	6	Explore	14	3	0.0723	-0.3695
1302	6	Explore	14	3	0.0749	-0.3688
1303	6	Explore	14	3	0.0774	-0.3681
1304	6	Explore	14	3	0.0799	-0.3673
1305	6	Explore	14	3	0.0824	-0.3666
1306	6	Explore	14	3	0.0824	-0.3665
1307	6	Explore	14	3	0.0824	-0.3665
1308	6	Explore	14	3	0.0824	-0.3665
1309	6	Explore	14	3	0.0823	-0.3665
1310	6	Explore	14	3	0.0823	-0.3665
1311	6	Explore	14	3	0.0823	-0.3664
1312	6	Explore	14	3	0.0823	-0.3664
1313	6	Explore	14	3	0.0823	-0.3664
1314	6	Explore	14	3	0.0823	-0.3664
1315	6	Explore	14	3	0.0822	-0.3664
1316	6	Explore	14	3	0.0822	-0.3664
1317	6	Explore	14	3	0.0822	-0.3663
1318	6	Explore	14	3	0.0822	-0.3663
1319	6	Explore	14	3	0.0822	-0.3663
1320	6	Explore	14	3	0.0822	-0.3663
1321	6	Explore	14	3	0.0822	-0.3663
1322	6	Explore	14	3	0.0821	-0.3663
1323	6	Explore	14	3	0.0837	-0.3641
1324	6	Explore	14	3	0.0852	-0.3620
1325	6	Explore	14	3	0.0867	-0.3599
1326	6	Explore	14	3	0.0882	-0.3577
1327	6	Explore	14	3	0.0898	-0.3556
1328	6	Explore	14	3	0.0913	-0.3535
1329	6	Explore	14	3	0.0928	-0.3513
1330	6	Explore	14	3	0.0944	-0.3492
1331	6	Explore	14	3	0.0959	-0.3471
1332	6	Explore	14	3	0.0974	-0.3449
1333	6	Explore	14	3	0.0989	-0.3428
1334	6	Explore	14	3	0.1005	-0.3407
1335	6	Explore	14	3	0.1020	-0.3385
1336	6	Explore	14	3	0.1035	-0.3364
1337	6	Explore	14	3	0.1050	-0.3342
1338	6	Explore	14	3	0.1066	-0.3321
1339	6	Explore	14	3	0.1081	-0.3300
1340	6	Explore	14	3	0.1096	-0.3278
1341	6	Explore	14	3	0.1112	-0.3257
1342	6	Explore	14	3	0.1127	-0.3236
1343	6	Explore	14	3	0.1142	-0.3214
1344	6	Explore	14	3	0.1157	-0.3193
1345	6	Explore	14	3	0.1173	-0.3172
1346	6	Explore	14	3	0.1188	-0.3150
1347	6	Explore	14	3	0.1203	-0.3129
1348	6	Explore	14	3	0.1218	-0.3108
1349	6	Explore	14	3	0.1234	-0.3086
1350	6	Explore	14	3	0.1249	-0.3065
1351	6	Explore	14	3	0.1264	-0.3044
1352	6	Explore	14	3	0.1279	-0.3022
1353	6	Explore	14	3	0.1295	-0.3001
1354	6	Explore	14	3	0.1310	-0.2980
1355	6	Explore	14	3	0.1325	-0.2958
1356	6	Explore	14	3	0.1325	-0.2958
1357	6	Explore	14	3	0.1325	-0.2958
1358	6	Explore	14	3	0.1325	-0.2958
1359	6	Explore	14	3	0.1325	-0.2957
1360	6	Explore	14	3	0.1324	-0.2957
1361	6	Explore	14	3	0.1324	-0.2957
1362	6	Explore	14	3	0.1324	-0.2957
1363	6	Explore	14	3	0.1324	-0.2957
1364	6	Explore	14	3	0.1324	-0.2957
1365	6	Explore	14	3	0.1323	-0.2956
1366	6	Explore	14	3	0.1323	-0.2956
1367	6	Explore	14	3	0.1323	-0.2956
1368	6	Explore	14	3	0.1323	-0.2956
1369	6	Explore	14	3	0.1323	-0.2956
1370	6	Explore	14	3	0.1322	-0.2956
1371	6	Explore	14	3	0.1322	-0.2956
1372	6	Eat	14	3	0.1322	-0.2956
1373	7	Eat	13	4	0.1321	-0.2930
1374	7	Eat	13	4	0.1319	-0.2904
1375	7	Eat	13	4	0.1316	-0.2877
1376	7	Eat	13	4	0.1314	-0.2851
1377	7	Eat	13	4	0.1311	-0.2825
1378	7	Eat	13	4	0.1307	-0.2799
1379	7	Eat	13	4	0.1303	-0.2773
1380	7	Eat	13	4	0.1298	-0.2747
1381	7	Eat	13	4	0.1294	-0.2721
1382	7	Eat	13	4	0.1288	-0.2696
1383	7	Eat	13	4	0.1283	-0.2670
1384	7	Eat	13	4	0.1277	-0.2644
1385	7	Eat	13	4	0.1271	-0.2619
1386	7	Eat	13	4	0.1264	-0.2594
1387	7	Eat	13	4	0.1257	-0.2568
1388	7	Eat	13	4	0.1250	-0.2543
1389	7	Eat	13	4	0.1243	-0.2518
1390	7	Eat	13	4	0.1235	-0.2493
1391	7	Eat	13	4	0.1227	-0.2468
1392	7	Eat	13	4	0.1219	-0.2443
1393	7	Eat	13	4	0.1210	-0.2418
1394	7	Eat	13	4	0.1201	-0.2393
1395	7	Eat	13	4	0.1192	-0.2369
1396	7	Eat	13	4	0.1183	-0.2344
1397	7	Eat	13	4	0.1174	-0.2320
1398	7	Eat	13	4	0.1164	-0.2295
1399	7	Eat	13	4	0.1154	-0.2271
1400	7	Eat	13	4	0.1144	-0.2246
1401	7	Eat	13	4	0.1134	-0.2222
1402	7	Eat	13	4	0.1124	-0.2198
1403	7	Eat	13	4	0.1113	-0.2174
1404	7	Eat	13	4	0.1103	-0.2150
1405	7	Eat	13	4	0.1092	-0.2126
1406	7	Eat	13	4	0.1081	-0.2102
1407	7	Eat	13	4	0.1069	-0.2079
1408	7	Eat	13	4	0.1058	-0.2055
1409	7	Eat	13	4	0.1047	-0.2031
1410	7	Eat	13	4	0.1035	-0.2008
1411	7	Eat	13	4	0.1023	-0.1984
1412	7	Eat	13	4	0.1012	-0.1961
1413	7	Eat	13	4	0.1000	-0.1938
1414	7	Eat	13	4	0.0987	-0.1914
1415	7	Eat	13	4	0.0975	-0.1891
1416	7	Eat	13	4	0.0963	-0.1868
1417	7	Eat	13	4	0.0950	-0.1845
1418	7	Eat	13	4	0.0938	-0.1822
1419	7	Eat	13	4	0.0925	-0.1799
1420	7	Eat	13	4	0.0912	-0.1776
1421	7	Eat	13	4	0.0900	-0.1753
1422	7	Eat	13	4	0.0887	-0.1730
1423	7	Eat	13	4	0.0874	-0.1707
1424	7	Eat	13	4	0.0860	-0.1685
1425	7	Eat	13	4	0.0847	-0.1662
1426	7	Eat	13	4	0.0834	-0.1639
1427	7	Eat	13	4	0.0820	-0.1617
1428	7	Eat	13	4	0.0807	-0.1594
1429	7	Eat	13	4	0.0793	-0.1572
1430	7	Eat	13	4	0.0780	-0.1549
1431	7	Eat	13	4	0.0766	-0.1527
1432	7	Eat	13	4	0.0752	-0.1505
1433	7	Eat	13	4	0.0738	-0.1483
1434	7	Eat	13	4	0.0724	-0.1460
1435	7	Eat	13	4	0.0710	-0.1438
1436	7	Eat	13	4	0.0696	-0.1416
1437	7	Eat	13	4	0.0682	-0.1394
1438	7	Eat	13	4	0.0667	-0.1372
1439	7	Eat	13	4	0.0653	-0.1350
1440	7	Eat	13	4	0.0639	-0.1328
1441	7	Eat	13	4	0.0624	-0.1306
1442	7	Eat	13	4	0.0609	-0.1284
1443	7	Eat	13	4	0.0595	-0.1263
1444	7	Eat	13	4	0.0580	-0.1241
1445	7	Eat	13	4	0.0565	-0.1219
1446	7	Eat	13	4	0.0550	-0.1198
1447	7	Eat	13	4	0.0550	-0.1198
1448	7	Eat	13	4	0.0550	-0.1198
1449	7	Eat	13	4	0.0550	-0.1198
1450	7	Eat	13	4	0.0550	-0.1198
1451	7	Eat	13	4	0.0550	-0.1198
1452	7	Eat	13	4	0.0550	-0.1198
1453	7	Eat	13	4	0.0550	-0.1198
1454	7	Eat	13	4	0.0550	-0.1198
1455	7	Eat	13	4	0.0550	-0.1198
1456	7	Eat	13	4	0.0550	-0.1198
1457	7	Eat	13	4	0.0550	-0.1198
1458	7	Eat	13	4	0.0550	-0.1198
1459	7	Eat	13	4	0.0550	-0.1198
1460	7	Eat	13	4	0.0550	-0.1198
1461	7	Eat	13	4	0.0550	-0.1198
1462	7	Eat	13	4	0.0550	-0.1198
1463	7	Eat	13	4	0.0550	-0.1198
1464	7	Eat	13	4	0.0550	-0.1198
1465	7	Eat	13	4	0.0550	-0.1198
1466	7	Eat	13	4	0.0550	-0.1198
1467	7	Eat	13	4	0.0550	-0.1198
1468	7	Eat	13	4	0.0550	-0.1198
1469	7	Eat	13	4	0.0550	-0.1198
1470	7	Eat	13	4	0.0550	-0.1198
1471	7	Eat	13	4	0.0550	-0.1198
1472	7	Eat	13	4	0.0550	-0.1198
1473	7	Eat	13	4	0.0550	-0.1198
1474	7	Eat	13	4	0.0550	-0.1198
1475	7	Eat	13	4	0.0550	-0.1198
1476	7	Eat	13	4	0.0550	-0.1198
1477	7	Eat	13	4	0.0550	-0.1198
1478	7	Eat	13	4	0.0550	-0.1198
1479	7	Eat	13	4	0.0550	-0.1198
1480	7	Eat	13	4	0.0550	-0.1198
1481	7	Eat	13	4	0.0550	-0.1198
1482	7	Eat	13	4	0.0550	-0.1198
1483	7	Eat	13	4	0.0550	-0.1198
1484	7	Eat	13	4	0.0550	-0.1198
1485	7	Eat	13	4	0.0550	-0.1198
1486	7	Eat	13	4	0.0550	-0.1198
1487	7	Eat	13	4	0.0550	-0.1198
1488	7	Eat	13	4	0.0550	-0.1198
1489	7	Eat	13	4	0.0550	-0.1198
1490	7	Eat	13	4	0.0550	-0.1198
1491	7	Eat	13	4	0.0550	-0.1198
1492	7	Eat	13	4	0.0551	-0.1199
1493	7	Eat	13	4	0.0551	-0.1199
1494	7	Eat	13	4	0.0551	-0.1197
1495	7	Eat	13	4	0.0551	-0.1197
1496	7	Eat	13	4	0.0551	-0.1197
1497	7	Eat	13	4	0.0551	-0.1197
1498	7	Eat	13	4	0.0551	-0.1197
1499	7	Eat	13	4	0.0551	-0.1197
1500	7	Eat	13	4	0.0551	-0.1197
1501	7	Eat	13	4	0.0551	-0.1197
1502	7	Eat	13	4	0.0551	-0.1197
1503	7	Eat	13	4	0.0551	-0.1197
1504	7	Eat	13	4	0.0551	-0.1197
1505	7	Eat	13	4	0.0551	-0.1197
1506	7	Eat	13	4	0.0551	-0.1197
1507	7	Eat	13	4	0.0551	-0.1197
1508	7	Eat	13	4	0.0551	-0.1197
1509	7	Eat	13	4	0.0551	-0.1197
1510	7	Eat	13	4	0.0551	-0.1197
1511	7	Eat	13	4	0.0551	-0.1197
1512	7	Eat	13	4	0.0551	-0.1197
1513	7	Eat	13	4	0.0551	-0.1197
1514	7	Eat	13	4	0.0551	-0.1197
1515	7	Eat	13	4	0.0551	-0.1197
1516	7	Eat	13	4	0.0551	-0.1197
1517	7	Eat	13	4	0.0551	-0.1197
1518	7	Eat	13	4	0.0551	-0.1197
1519	7	Eat	13	4	0.0551	-0.1197
1520	7	Eat	13	4	0.0551	-0.1197
1521	7	Eat	13	4	0.0551	-0.1197
1522	7	Eat	13	4	0.0551	-0.1197
1523	7	Eat	13	4	0.0551	-0.1197
1524	7	Eat	13	4	0.0551	-0.1197
1525	7	Eat	13	4	0.0551	-0.1197
1526	7	Eat	13	4	0.0551	-0.1197
1527	7	Eat	13	4	0.0551	-0.1197
1528	7	Eat	13	4	0.0551	-0.1197
1529	7	Eat	13	4	0.0551	-0.1197
1530	7	Eat	13	4	0.0551	-0.1197
1531	7	Eat	13	4	0.0551	-0.1197
1532	7	Eat	13	4	0.0551	-0.1197
1533	7	Eat	13	4	0.0551	-0.1197
1534	7	Eat	13	4	0.0551	-0.1197
1535	7	Eat	13	4	0.0551	-0.1197
1536	7	Eat	13	4	0.0551	-0.1197
1537	7	Eat	13	4	0.0551	-0.1197
1538	7	Eat	13	4	0.0551	-0.1197
1539	7	Eat	13	4	0.0551	-0.1197
1540	7	Eat	13	4	0.0551	-0.1197
1541	7	Eat	13	4	0.0551	-0.1197
1542	7	Eat	13	4	0.0551	-0.1197
1543	7	Eat	13	4	0.0551	-0.1197
1544	7	Eat	13	4	0.0551	-0.1197
1545	7	Eat	13	4	0.0551	-0.1197
1546	7	Eat	13	4	0.0551	-0.1197
1547	7	Eat	13	4	0.0551	-0.1197
1548	7	Eat	13	4	0.0551	-0.1197
1549	7	Eat	13	4	0.0551	-0.1197
1550	7	Eat	13	4	0.0551	-0.1197
1551	7	Eat	13	4	0.0551	-0.1197
1552	7	Eat	13	4	0.0551	-0.1197
1553	7	Eat	13	4	0.0551	-0.1197
1554	7	Eat	13	4	0.0551	-0.1197
1555	7	Eat	13	4	0.0551	-0.1197
1556	7	Eat	13	4	0.0551	-0.1197
1557	7	Eat	13	4	0.0551	-0.1197
1558	7	Eat	13	4	0.0551	-0.1197
1559	7	Eat	13	4	0.0551	-0.1197
1560	7	Eat	13	4	0.0551	-0.1197
1561	7	Eat	13	4	0.0551	-0.1197
1562	7	Eat	13	4	0.0551	-0.1197
1563	7	Eat	13	4	0.0551	-0.1197
1564	7	Eat	13	4	0.0551	-0.1197
1565	7	Eat	13	4	0.0551	-0.1197
1566	7	Eat	13	4	0.0551	-0.1197
1567	7	Eat	13	4	0.0551	-0.1197
1568	7	Eat	13	4	0.0551	-0.1197
1569	7	Eat	13	4	0.0551	-0.1197
1570	7	Eat	13	4	0.0551	-0.1197
1571	7	Eat	13	4	0.0551	-0.1197
1572	7	Eat	13	4	0.0551	-0.1197
1573	7	Eat	13	4	0.0551	-0.1197
1574	7	Eat	13	4	0.0551	-0.1197
1575	7	Eat	13	4	0.0551	-0.1197
1576	7	Eat	13	4	0.0551	-0.1197
1577	7	Eat	13	4	0.0551	-0.1197
1578	7	Eat	13	4	0.0551	-0.1197
1579	7	Eat	13	4	0.0551	-0.1197
1580	7	Eat	13	4	0.0551	-0.1197
1581	7	Eat	13	4	0.0551	-0.1197
1582	7	Eat	13	4	0.0551	-0.1197
1583	7	Eat	13	4	0.0551	-0.1197
1584	7	Eat	13	4	0.0551	-0.1197
1585	7	Eat	13	4	0.0551	-0.1197
1586	7	Eat	13	4	0.0551	-0.1197
1587	7	Eat	13	4	0.0551	-0.1197
1588	7	Eat	13	4	0.0551	-0.1197
1589	7	Eat	13	4	0.0551	-0.1197
1590	7	Eat	13	4	0.0551	-0.1197
1591	7	Eat	13	4	0.0551	-0.1197
1592	7	Eat	13	4	0.0551	-0.1197
1593	7	Eat	13	4	0.0551	-0.1197
1594	7	Eat	13	4	0.0551	-0.1197
1595	7	Eat	13	4	0.0551	-0.1197
1596	7	Eat	13	4	0.0551	-0.1197
1597	7	Eat	13	4	0.0551	-0.1197
1598	7	Eat	13	4	0.0551	-0.1197
1599	7	Eat	13	4	0.0551	-0.1197
1600	7	Eat	13	4	0.0551	-0.1197
1601	7	Eat	13	4	0.0551	-0.1197
1602	7	Eat	13	4	0.0551	-0.1197
1603	7	Eat	13	4	0.0551	-0.1197
1604	7	Eat	13	4	0.0551	-0.1197
1605	7	Eat	13	4	0.0551	-0.1197
1606	7	Explore	13	0	0.0551	-0.1197
1607	8	Explore	12	1	0.0536	-0.1176
1608	8	Explore	12	1	0.0521	-0.1154
1609	8	Explore	12	1	0.0506	-0.1133
1610	8	Explore	12	1	0.0491	-0.1111
1611	8	Explore	12	1	0.0476	-0.1089
1612	8	Explore	12	1	0.0461	-0.1068
1613	8	Explore	12	1	0.0446	-0.1046
1614	8	Explore	12	1	0.0431	-0.1025
1615	8	Explore	12	1	0.0431	-0.1025
1616	8	Explore	12	1	0.0431	-0.1024
1617	8	Explore	12	1	0.0431	-0.1024
1618	8	Explore	12	1	0.0432	-0.1024
1619	8	Explore	12	1	0.0432	-0.1024
1620	8	Explore	12	1	0.0432	-0.1024
1621	8	Explore	12	1	0.0432	-0.1024
1622	8	Explore	12	1	0.0432	-0.1024
1623	8	Eat	12	1	0.0433	-0.1023
1624	9	Eat	11	2	0.0426	-0.0998
1625	9	Eat	11	2	0.0420	-0.0972
1626	9	Eat	11	2	0.0415	-0.0947
1627	9	Eat	11	2	0.0410	-0.0921
1628	9	Eat	11	2	0.0406	-0.0895
1629	9	Eat	11	2	0.0402	-0.0869
1630	9	Eat	11	2	0.0398	-0.0843
1631	9	Eat	11	2	0.0395	-0.0817
1632	9	Eat	11	2	0.0392	-0.0791
1633	9	Eat	11	2	0.0390	-0.0765
1634	9	Eat	11	2	0.0388	-0.0738
1635	9	Eat	11	2	0.0386	-0.0712
1636	9	Eat	11	2	0.0385	-0.0686
1637	9	Eat	11	2	0.0384	-0.0660
1638	9	Eat	11	2	0.0383	-0.0633
1639	9	Eat	11	2	0.0383	-0.0607
1640	9	Eat	11	2	0.0383	-0.0581
1641	9	Eat	11	2	0.0383	-0.0555
1642	9	Eat	11	2	0.0383	-0.0529
1643	9	Eat	11	2	0.0384	-0.0502
1644	9	Eat	11	2	0.0385	-0.0476
1645	9	Eat	11	2	0.0387	-0.0450
1646	9	Eat	11	2	0.0388	-0.0424
1647	9	Eat	11	2	0.0390	-0.0397
1648	9	Eat	11	2	0.0392	-0.0371
1649	9	Eat	11	2	0.0394	-0.0345
1650	9	Eat	11	2	0.0396	-0.0319
1651	9	Eat	11	2	0.0399	-0.0293
1652	9	Eat	11	2	0.0402	-0.0267
1653	9	Eat	11	2	0.0405	-0.0241
1654	9	Eat	11	2	0.0408	-0.0215
1655	9	Eat	11	2	0.0411	-0.0189
1656	9	Eat	11	2	0.0415	-0.0163
1657	9	Eat	11	2	0.0418	-0.0137
1658	9	Eat	11	2	0.0422	-0.0111
1659	9	Eat	11	2	0.0426	-0.0085
1660	9	Eat	11	2	0.0430	-0.0059
1661	9	Eat	11	2	0.0434	-0.0033
1662	9	Eat	11	2	0.0439	-0.0007
1663	9	Eat	11	2	0.0443	0.0019
1664	9	Eat	11	2	0.0448	0.0045
1665	9	Eat	11	2	0.0452	0.0071
1666	9	Eat	11	2	0.0457	0.0096
1667	9	Eat	11	2	0.0462	0.0122
1668	9	Eat	11	2	0.0467	0.0148
1669	9	Eat	11	2	0.0472	0.0174
1670	9	Eat	11	2	0.0478	0.0199
1671	9	Eat	11	2	0.0483	0.0225
1672	9	Eat	11	2	0.0488	0.0251
1673	9	Eat	11	2	0.0494	0.0276
1674	9	Eat	11	2	0.0500	0.0302
1675	9	Eat	11	2	0.0505	0.0328
1676	9	Eat	11	2	0.0511	0.0353
1677	9	Eat	11	2	0.0517	0.0379
1678	9	Eat	11	2	0.0523	0.0404
1679	9	Eat	11	2	0.0529	0.0430
1680	9	Eat	11	2	0.0535	0.0455
1681	9	Eat	11	2	0.0541	0.0481
1682	9	Eat	11	2	0.0548	0.0506
1683	9	Eat	11	2	0.0554	0.0532
1684	9	Eat	11	2	0.0560	0.0557
1685	9	Eat	11	2	0.0567	0.0583
1686	9	Eat	11	2	0.0573	0.0608
1687	9	Eat	11	2	0.0580	0.0634
1688	9	Eat	11	2	0.0587	0.0659
1689	9	Eat	11	2	0.0593	0.0684
1690	9	Eat	11	2	0.0600	0.0710
1691	9	Eat	11	2	0.0607	0.0735
1692	9	Eat	11	2	0.0614	0.0761
1693	9	Eat	11	2	0.0621	0.0786
1694	9	Eat	11	2	0.0628	0.0811
1695	9	Eat	11	2	0.0635	0.0836
1696	9	Eat	11	2	0.0642	0.0862
1697	9	Eat	11	2	0.0649	0.0887
1698	9	Eat	11	2	0.0656	0.0912
1699	9	Eat	11	2	0.0663	0.0937
1700	9	Eat	11	2	0.0670	0.0963
1701	9	Eat	11	2	0.0678	0.0988
1702	9	Eat	11	2	0.0685	0.1013
1703	9	Eat	11	2	0.0692	0.1038
1704	9	Eat	11	2	0.0700	0.1063
1705	9	Eat	11	2	0.0707	0.1089
1706	9	Eat	11	2	0.0715	0.1114
1707	9	Eat	11	2	0.0722	0.1139
1708	9	Eat	11	2	0.0730	0.1164
1709	9	Eat	11	2	0.0738	0.1189
1710	9	Eat	11	2	0.0745	0.1214
1711	9	Eat	11	2	0.0753	0.1239
1712	9	Eat	11	2	0.0761	0.1264
1713	9	Eat	11	2	0.0761	0.1264
1714	9	Eat	11	2	0.0761	0.1264
1715	9	Eat	11	2	0.0761	0.1264
1716	9	Eat	11	2	0.0761	0.1264
1717	9	Eat	11	2	0.0761	0.1264
1718	9	Eat	11	2	0.0761	0.1264
1719	9	Eat	11	2	0.0761	0.1264
1720	9	Eat	11	2	0.0761	0.1264
1721	9	Eat	11	2	0.0761	0.1264
1722	9	Eat	11	2	0.0761	0.1264
1723	9	Eat	11	2	0.0761	0.1264
1724	9	Eat	11	2	0.0761	0.1264
1725	9	Eat	11	2	0.0761	0.1264
1726	9	Eat	11	2	0.0761	0.1264
1727	9	Eat	11	2	0.0761	0.1264
1728	9	Eat	11	2	0.0761	0.1264
1729	9	Eat	11	2	0.0761	0.1264
1730	9	Eat	11	2	0.0761	0.1264
1731	9	Eat	11	2	0.0761	0.1264
1732	9	Eat	11	2	0.0761	0.1264
1733	9	Eat	11	2	0.0761	0.1264
1734	9	Eat	11	2	0.0761	0.1264
1735	9	Eat	11	2	0.0761	0.1264
1736	9	Eat	11	2	0.0761	0.1264
1737	9	Eat	11	2	0.0761	0.1264
1738	9	Eat	11	2	0.0761	0.1264
1739	9	Eat	11	2	0.0761	0.1264
1740	9	Eat	11	2	0.0761	0.1264
1741	9	Eat	11	2	0.0761	0.1264
1742	9	Eat	11	2	0.0761	0.1264
1743	9	Eat	11	2	0.0761	0.1264
1744	9	Eat	11	2	0.0761	0.1264
1745	9	Eat	11	2	0.0761	0.1264
1746	9	Eat	11	2	0.0761	0.1264
1747	9	Eat	11	2	0.0761	0.1264
1748	9	Eat	11	2	0.0761	0.1264
1749	9	Eat	11	2	0.0761	0.1264
1750	9	Eat	11	2	0.0761	0.1264
1751	9	Eat	11	2	0.0761	0.1264
1752	9	Eat	11	2	0.0761	0.1264
1753	9	Eat	11	2	0.0761	0.1264
1754	9	Eat	11	2	0.0761	0.1264
1755	9	Eat	11	2	0.0761	0.1264
1756	9	Eat	11	2	0.0761	0.1264
1757	9	Eat	11	2	0.0760	0.1263
1758	9	Eat	11	2	0.0760	0.1263
1759	9	Eat	11	2	0.0760	0.1263
1760	9	Eat	11	2	0.0760	0.1263
1761	9	Eat	11	2	0.0760	0.1263
1762	9	Eat	11	2	0.0760	0.1263
1763	9	Eat	11	2	0.0760	0.1263
1764	9	Eat	11	2	0.0760	0.1263
1765	9	Eat	11	2	0.0760	0.1263
1766	9	Eat	11	2	0.0760	0.1263
1767	9	Eat	11	2	0.0760	0.1263
1768	9	Eat	11	2	0.0760	0.1263
1769	9	Eat	11	2	0.0760	0.1263
1770	9	Eat	11	2	0.0760	0.1263
1771	9	Eat	11	2	0.0760	0.1263
1772	9	Eat	11	2	0.0760	0.1263
1773	9	Eat	11	2	0.0760	0.1263
1774	9	Eat	11	2	0.0760	0.1263
1775	9	Eat	11	2	0.0760	0.1263
1776	9	Eat	11	2	0.0760	0.1263
1777	9	Eat	11	2	0.0760	0.1263
1778	9	Eat	11	2	0.0760	0.1263
1779	9	Eat	11	2	0.0760	0.1263
1780	9	Eat	11	2	0.0760	0.1263
1781	9	Eat	11	2	0.0760	0.1263
1782	9	Eat	11	2	0.0760	0.1263
1783	9	Eat	11	2	0.0760	0.1263
1784	9	Eat	11	2	0.0760	0.1263
1785	9	Eat	11	2	0.0760	0.1263
1786	9	Eat	11	2	0.0760	0.1263
1787	9	Eat	11	2	0.0760	0.1263
1788	9	Eat	11	2	0.0760	0.1263
1789	9	Eat	11	2	0.0760	0.1263
1790	9	Eat	11	2	0.0760	0.1263
1791	9	Eat	11	2	0.0760	0.1263
1792	9	Eat	11	2	0.0760	0.1263
1793	9	Eat	11	2	0.0760	0.1263
1794	9	Eat	11	2	0.0760	0.1263
1795	9	Eat	11	2	0.0760	0.1263
1796	9	Eat	11	2	0.0760	0.1263
1797	9	Eat	11	2	0.0760	0.1263
1798	9	Eat	11	2	0.0760	0.1263
1799	9	Eat	11	2	0.0760	0.1263
1800	9	Eat	11	2	0.0760	0.1263
1801	9	Eat	11	2	0.0760	0.1263
1802	9	Eat	11	2	0.0760	0.1263
1803	9	Eat	11	2	0.0760	0.1263
1804	9	Eat	11	2	0.0760	0.1263
1805	9	Eat	11	2	0.0760	0.1263
1806	9	Eat	11	2	0.0760	0.1263
1807	9	Eat	11	2	0.0760	0.1263
1808	9	Eat	11	2	0.0760	0.1263
1809	9	Eat	11	2	0.0760	0.1263
1810	9	Eat	11	2	0.0760	0.1263
1811	9	Eat	11	2	0.0760	0.1263
1812	9	Eat	11	2	0.0760	0.1263
1813	9	Eat	11	2	0.0760	0.1263
1814	9	Eat	11	2	0.0760	0.1263
1815	9	Eat	11	2	0.0760	0.1263
1816	9	Eat	11	2	0.0760	0.1263
1817	9	Eat	11	2	0.0760	0.1263
1818	9	Eat	11	2	0.0760	0.1263
1819	9	Eat	11	2	0.0760	0.1263
1820	9	Eat	11	2	0.0760	0.1263
1821	9	Eat	11	2	0.0760	0.1263
1822	9	Eat	11	2	0.0760	0.1263
1823	9	Eat	11	2	0.0760	0.1263
1824	9	Eat	11	2	0.0760	0.1263
1825	9	Eat	11	2	0.0760	0.1263
1826	9	Eat	11	2	0.0760	0.1263
1827	9	Eat	11	2	0.0760	0.1263
1828	9	Eat	11	2	0.0760	0.1263
1829	9	Eat	11	2	0.0760	0.1263
1830	9	Eat	11	2	0.0760	0.1263
1831	9	Eat	11	2	0.0760	0.1263
1832	9	Eat	11	2	0.0760	0.1263
1833	9	Eat	11	2	0.0760	0.1263
1834	9	Eat	11	2	0.0760	0.1263
1835	9	Eat	11	2	0.0760	0.1263
1836	9	Eat	11	2	0.0760	0.1263
1837	9	Eat	11	2	0.0760	0.1263
1838	9	Eat	11	2	0.0760	0.1263
1839	9	Eat	11	2	0.0760	0.1263
1840	9	Eat	11	2	0.0760	0.1263
1841	9	Eat	11	2	0.0760	0.1263
1842	9	Eat	11	2	0.0760	0.1263
1843	9	Eat	11	2	0.0760	0.1263
1844	9	Eat	11	2	0.0760	0.1263
1845	9	Eat	11	2	0.0760	0.1263
1846	9	Eat	11	2	0.0760	0.1263
1847	9	Eat	11	2	0.0760	0.1263
1848	9	Eat	11	2	0.0760	0.1263
1849	9	Eat	11	2	0.0760	0.1263
1850	9	Eat	11	2	0.0760	0.1263
1851	9	Eat	11	2	0.0760	0.1263
1852	9	Eat	11	2	0.0760	0.1263
1853	9	Eat	11	2	0.0760	0.1263
1854	9	Eat	11	2	0.0760	0.1263
1855	9	Eat	11	2	0.0760	0.1263
1856	9	Eat	11	2	0.0760	0.1263
1857	9	Eat	11	2	0.0760	0.1263
1858	9	Eat	11	2	0.0760	0.1263
1859	9	Eat	11	2	0.0760	0.1263
1860	9	Eat	11	2	0.0760	0.1263
1861	9	Eat	11	2	0.0760	0.1263
1862	9	Eat	11	2	0.0760	0.1263
1863	9	Eat	11	2	0.0760	0.1263
1864	9	Eat	11	2	0.0760	0.1263
1865	9	Eat	11	2	0.0760	0.1263
1866	9	Eat	11	2	0.0760	0.1263
1867	9	Eat	11	2	0.0760	0.1263
1868	9	Eat	11	2	0.0760	0.1263
1869	9	Eat	11	2	0.0760	0.1263
1870	9	Eat	11	2	0.0760	0.1263
1871	9	Eat	11	2	0.0760	0.1263
1872	9	Explore	11	0	0.0760	0.1263
1873	10	Explore	10	1	0.0768	0.1288
1874	10	Explore	10	1	0.0776	0.1313
1875	10	Explore	10	1	0.0784	0.1338
1876	10	Explore	10	1	0.0792	0.1363
1877	10	Explore	10	1	0.0800	0.1388
1878	10	Explore	10	1	0.0808	0.1413
1879	10	Explore	10	1	0.0815	0.1438
1880	10	Explore	10	1	0.0823	0.1463
1881	10	Explore	10	1	0.0831	0.1489
1882	10	Explore	10	1	0.0839	0.1514
1883	10	Explore	10	1	0.0847	0.1539
1884	10	Explore	10	1	0.0855	0.1564
1885	10	Explore	10	1	0.0863	0.1589
1886	10	Explore	10	1	0.0870	0.1614
1887	10	Explore	10	1	0.0878	0.1639
1888	10	Explore	10	1	0.0886	0.1664
1889	10	Explore	10	1	0.0894	0.1689
1890	10	Explore	10	1	0.0902	0.1714
1891	10	Explore	10	1	0.0910	0.1739
1892	10	Explore	10	1	0.0918	0.1764
1893	10	Explore	10	1	0.0926	0.1789
1894	10	Explore	10	1	0.0933	0.1814
1895	10	Explore	10	1	0.0941	0.1839
1896	10	Explore	10	1	0.0949	0.1864
1897	10	Explore	10	1	0.0957	0.1889
1898	10	Explore	10	1	0.0965	0.1914
1899	10	Explore	10	1	0.0973	0.1939
1900	10	Explore	10	1	0.0981	0.1964
1901	10	Explore	10	1	0.0981	0.1964
1902	10	Explore	10	1	0.0981	0.1964
1903	10	Explore	10	1	0.0981	0.1964
1904	10	Explore	10	1	0.0982	0.1964
1905	10	Explore	10	1	0.0982	0.1964
1906	10	Explore	10	1	0.0982	0.1963
1907	10	Explore	10	1	0.0982	0.1963
1908	10	Explore	10	1	0.0982	0.1963
1909	10	Explore	10	1	0.0982	0.1963
1910	10	Explore	10	1	0.0983	0.1963
1911	10	Explore	10	1	0.0983	0.1963
1912	10	Explore	10	1	0.0983	0.1963
1913	10	Explore	10	1	0.0983	0.1962
1914	10	Explore	10	1	0.0983	0.1962
1915	10	Explore	10	1	0.0983	0.1962
1916	10	Explore	10	1	0.1004	0.1979
1917	10	Explore	10	1	0.1024	0.1995
1918	10	Explore	10	1	0.1044	0.2012
1919	10	Explore	10	1	0.1065	0.2028
1920	10	Explore	10	1	0.1085	0.2045
1921	10	Explore	10	1	0.1105	0.2061
1922	10	Explore	10	1	0.1126	0.2078
1923	10	Explore	10	1	0.1146	0.2095
1924	10	Explore	10	1	0.1167	0.2111
1925	10	Explore	10	1	0.1187	0.2128
1926	10	Explore	10	1	0.1207	0.2144
1927	10	Explore	10	1	0.1228	0.2161
1928	10	Explore	10	1	0.1248	0.2177
1929	10	Explore	10	1	0.1268	0.2194
1930	10	Explore	10	1	0.1289	0.2211
1931	10	Explore	10	1	0.1309	0.2227
1932	10	Explore	10	1	0.1329	0.2244
1933	10	Explore	10	1	0.1350	0.2260
1934	10	Explore	10	1	0.1370	0.2277
1935	10	Explore	10	1	0.1390	0.2293
1936	10	Explore	10	1	0.1411	0.2310
1937	10	Explore	10	1	0.1431	0.2327
1938	10	Explore	10	1	0.1452	0.2343
1939	10	Explore	10	1	0.1472	0.2360
1940	10	Explore	10	1	0.1492	0.2376
1941	10	Explore	10	1	0.1513	0.2393
1942	10	Explore	10	1	0.1533	0.2409
1943	10	Explore	10	1	0.1553	0.2426
1944	10	Explore	10	1	0.1574	0.2443
1945	10	Explore	10	1	0.1594	0.2459
1946	10	Explore	10	1	0.1614	0.2476
1947	10	Explore	10	1	0.1635	0.2492
1948	10	Explore	10	1	0.1655	0.2509
1949	10	Explore	10	1	0.1676	0.2525
1950	10	Explore	10	1	0.1696	0.2542
1951	10	Explore	10	1	0.1716	0.2558
1952	10	Explore	10	1	0.1716	0.2559
1953	10	Explore	10	1	0.1716	0.2559
1954	10	Explore	10	1	0.1716	0.2559
1955	10	Explore	10	1	0.1716	0.2559
1956	10	Explore	10	1	0.1716	0.2559
1957	10	Explore	10	1	0.1715	0.2559
1958	10	Explore	10	1	0.1715	0.2560
1959	10	Explore	10	1	0.1715	0.2560
1960	10	Explore	10	1	0.1715	0.2560
1961	10	Explore	10	1	0.1715	0.2560
1962	10	Explore	10	1	0.1715	0.2560
1963	10	Explore	10	1	0.1714	0.2560
1964	10	Explore	10	1	0.1714	0.2561
1965	10	Explore	10	1	0.1714	0.2561
1966	10	Explore	10	1	0.1714	0.2561
1967	10	Explore	10	1	0.1714	0.2561
1968	10	Explore	10	1	0.1713	0.2561
1969	10	Explore	10	1	0.1713	0.2561
1970	10	Explore	10	1	0.1713	0.2561
1971	10	Explore	10	1	0.1713	0.2561
1972	10	Explore	10	1	0.1713	0.2561
1973	10	Explore	10	1	0.1712	0.2562
1974	10	Explore	10	1	0.1712	0.2562
1975	10	Explore	10	1	0.1712	0.2561
1976	10	Explore	10	1	0.1712	0.2561
1977	10	Explore	10	1	0.1712	0.2561
1978	10	Explore	10	1	0.1711	0.2561
1979	10	Explore	10	1	0.1707	0.2587
1980	10	Explore	10	1	0.1703	0.2613
1981	10	Explore	10	1	0.1699	0.2639
1982	10	Explore	10	1	0.1695	0.2665
1983	10	Explore	10	1	0.1690	0.2691
1984	10	Explore	10	1	0.1686	0.2716
1985	10	Explore	10	1	0.1682	0.2742
1986	10	Explore	10	1	0.1678	0.2768
1987	10	Explore	10	1	0.1673	0.2794
1988	10	Explore	10	1	0.1669	0.2820
1989	10	Explore	10	1	0.1665	0.2846
1990	10	Explore	10	1	0.1661	0.2872
1991	10	Explore	10	1	0.1657	0.2898
1992	10	Explore	10	1	0.1652	0.2924
1993	10	Explore	10	1	0.1648	0.2950
1994	10	Explore	10	1	0.1644	0.2976
1995	10	Explore	10	1	0.1640	0.3001
1996	10	Explore	10	1	0.1636	0.3027
1997	10	Explore	10	1	0.1631	0.3053
1998	10	Explore	10	1	0.1627	0.3079
1999	10	Explore	10	1	0.1623	0.3105
2000	10	Explore	10	1	0.1619	0.3131
2001	10	Explore	10	1	0.1615	0.3157
2002	10	Explore	10	1	0.1610	0.3183
2003	10	Explore	10	1	0.1606	0.3209
2004	10	Explore	10	1	0.1606	0.3209
2005	10	Explore	10	1	0.1606	0.3209
2006	10	Explore	10	1	0.1605	0.3209
2007	10	Explore	10	1	0.1605	0.3209
2008	10	Explore	10	1	0.1605	0.3209
2009	10	Explore	10	1	0.1605	0.3209
2010	10	Explore	10	1	0.1605	0.3209
2011	10	Explore	10	1	0.1605	0.3209
2012	10	Explore	10	1	0.1604	0.3209
2013	10	Explore	10	1	0.1604	0.3208
2014	10	Explore	10	1	0.1604	0.3208
2015	10	Explore	10	1	0.1604	0.3208
2016	10	Explore	10	1	0.1604	0.3208
2017	10	Explore	10	1	0.1603	0.3208
2018	10	Explore	10	1	0.1586	0.3228
2019	10	Explore	10	1	0.1569	0.3248
2020	10	Explore	10	1	0.1552	0.3268
2021	10	Explore	10	1	0.1535	0.3288
2022	10	Explore	10	1	0.1518	0.3308
2023	10	Explore	10	1	0.1501	0.3328
2024	10	Explore	10	1	0.1484	0.3348
2025	10	Explore	10	1	0.1467	0.3368
2026	10	Explore	10	1	0.1450	0.3388
2027	10	Explore	10	1	0.1433	0.3408
2028	10	Explore	10	1	0.1416	0.3427
2029	10	Explore	10	1	0.1399	0.3447
2030	10	Explore	10	1	0.1382	0.3467
2031	10	Explore	10	1	0.1382	0.3467
2032	10	Explore	10	1	0.1382	0.3467
2033	10	Explore	10	1	0.1381	0.3467
2034	10	Explore	10	1	0.1381	0.3467
2035	10	Explore	10	1	0.1381	0.3467
2036	10	Explore	10	1	0.1381	0.3467
2037	10	Explore	10	1	0.1381	0.3466
2038	10	Explore	10	1	0.1381	0.3466
2039	10	Explore	10	1	0.1381	0.3466
2040	10	Explore	10	1	0.1380	0.3466
2041	10	Explore	10	1	0.1380	0.3466
2042	10	Explore	10	1	0.1380	0.3466
2043	10	Explore	10	1	0.1380	0.3465
2044	10	Explore	10	1	0.1380	0.3465
2045	10	Explore	10	1	0.1355	0.3473
2046	10	Explore	10	1	0.1330	0.3482
2047	10	Explore	10	1	0.1305	0.3490
2048	10	Explore	10	1	0.1280	0.3498
2049	10	Explore	10	1	0.1255	0.3506
2050	10	Explore	10	1	0.1230	0.3515
2051	10	Explore	10	1	0.1205	0.3523
2052	10	Explore	10	1	0.1181	0.3531
2053	10	Explore	10	1	0.1156	0.3539
2054	10	Explore	10	1	0.1131	0.3548
2055	10	Explore	10	1	0.1106	0.3556
2056	10	Explore	10	1	0.1081	0.3564
2057	10	Explore	10	1	0.1056	0.3573
2058	10	Explore	10	1	0.1031	0.3581
2059	10	Explore	10	1	0.1006	0.3589
2060	10	Explore	10	1	0.0981	0.3597
2061	10	Explore	10	1	0.0956	0.3606
2062	10	Explore	10	1	0.0931	0.3614
2063	10	Explore	10	1	0.0906	0.3622
2064	10	Explore	10	1	0.0882	0.3630
2065	10	Explore	10	1	0.0857	0.3639
2066	10	Explore	10	1	0.0832	0.3647
2067	10	Explore	10	1	0.0807	0.3655
2068	10	Explore	10	1	0.0782	0.3663
2069	10	Explore	10	1	0.0757	0.3672
2070	10	Explore	10	1	0.0732	0.3680
2071	10	Explore	10	1	0.0707	0.3688
2072	10	Explore	10	1	0.0682	0.3697
2073	10	Explore	10	1	0.0657	0.3705
2074	10	Explore	10	1	0.0632	0.3713
2075	10	Explore	10	1	0.0608	0.3721
2076	10	Explore	10	1	0.0583	0.3730
2077	10	Explore	10	1	0.0558	0.3738
2078	10	Explore	10	1	0.0533	0.3746
2079	10	Explore	10	1	0.0508	0.3754
2080	10	Explore	10	1	0.0483	0.3763
2081	10	Explore	10	1	0.0458	0.3771
2082	10	Explore	10	1	0.0433	0.3779
2083	10	Explore	10	1	0.0408	0.3788
2084	10	Explore	10	1	0.0383	0.3796
2085	10	Explore	10	1	0.0358	0.3804
2086	10	Explore	10	1	0.0334	0.3812
2087	10	Explore	10	1	0.0309	0.3821
2088	10	Explore	10	1	0.0284	0.3829
2089	10	Explore	10	1	0.0259	0.3837
2090	10	Explore	10	1	0.0234	0.3845
2091	10	Explore	10	1	0.0209	0.3854
2092	10	Explore	10	1	0.0184	0.3862
2093	10	Explore	10	1	0.0159	0.3870
2094	10	Explore	10	1	0.0134	0.3878
2095	10	Explore	10	1	0.0109	0.3887
2096	10	Explore	10	1	0.0084	0.3895
2097	10	Explore	10	1	0.0059	0.3903
2098	10	Explore	10	1	0.0035	0.3912
2099	10	Explore	10	1	0.0010	0.3920
2100	10	Explore	10	1	-0.0015	0.3928
2101	10	Explore	10	1	-0.0040	0.3936
2102	10	Explore	10	1	-0.0065	0.3945
2103	10	Explore	10	1	-0.0090	0.3953
2104	10	Explore	10	1	-0.0090	0.3953
2105	10	Explore	10	1	-0.0090	0.3953
2106	10	Explore	10	1	-0.0090	0.3954
2107	10	Explore	10	1	-0.0090	0.3954
2108	10	Explore	10	1	-0.0090	0.3954
2109	10	Explore	10	1	-0.0090	0.3954
2110	10	Explore	10	1	-0.0090	0.3954
2111	10	Explore	10	1	-0.0090	0.3954
2112	10	Explore	10	1	-0.0090	0.3955
2113	10	Explore	10	1	-0.0089	0.3955
2114	10	Explore	10	1	-0.0109	0.3972
2115	10	Explore	10	1	-0.0129	0.3989
2116	10	Explore	10	1	-0.0149	0.4006
2117	10	Explore	10	1	-0.0169	0.4023
2118	10	Explore	10	1	-0.0189	0.4040
2119	10	Explore	10	1	-0.0209	0.4057
2120	10	Explore	10	1	-0.0229	0.4074
2121	10	Explore	10	1	-0.0249	0.4092
2122	10	Explore	10	1	-0.0269	0.4109
2123	10	Explore	10	1	-0.0289	0.4126
2124	10	Explore	10	1	-0.0309	0.4143
2125	10	Explore	10	1	-0.0328	0.4160
2126	10	Explore	10	1	-0.0348	0.4177
2127	10	Explore	10	1	-0.0368	0.4194
2128	10	Explore	10	1	-0.0388	0.4211
2129	10	Explore	10	1	-0.0408	0.4228
2130	10	Explore	10	1	-0.0428	0.4245
2131	10	Explore	10	1	-0.0448	0.4263
2132	10	Explore	10	1	-0.0468	0.4280
2133	10	Explore	10	1	-0.0488	0.4297
2134	10	Explore	10	1	-0.0508	0.4314
2135	10	Explore	10	1	-0.0528	0.4331
2136	10	Explore	10	1	-0.0547	0.4348
2137	10	Explore	10	1	-0.0567	0.4365
2138	10	Explore	10	1	-0.0587	0.4382
2139	10	Explore	10	1	-0.0607	0.4399
2140	10	Explore	10	1	-0.0627	0.4416
2141	10	Explore	10	1	-0.0647	0.4434
2142	10	Explore	10	1	-0.0667	0.4451
2143	10	Explore	10	1	-0.0687	0.4468
2144	10	Explore	10	1	-0.0707	0.4485
2145	10	Explore	10	1	-0.0727	0.4502
2146	10	Explore	10	1	-0.0747	0.4519
2147	10	Explore	10	1	-0.0747	0.4519
2148	10	Explore	10	1	-0.0747	0.4519
2149	10	Explore	10	1	-0.0747	0.4519
2150	10	Explore	10	1	-0.0747	0.4518
2151	10	Explore	10	1	-0.0747	0.4518
2152	10	Explore	10	1	-0.0747	0.4518
2153	10	Explore	10	1	-0.0748	0.4518
2154	10	Explore	10	1	-0.0748	0.4518
2155	10	Explore	10	1	-0.0748	0.4517
2156	10	Explore	10	1	-0.0748	0.4517
2157	10	Explore	10	1	-0.0748	0.4517
2158	10	Explore	10	1	-0.0748	0.4517
2159	10	Explore	10	1	-0.0749	0.4517
2160	10	Explore	10	1	-0.0774	0.4522
2161	10	Explore	10	1	-0.0800	0.4527
2162	10	Explore	10	1	-0.0826	0.4533
2163	10	Explore	10	1	-0.0851	0.4538
2164	10	Explore	10	1	-0.0877	0.4543
2165	10	Explore	10	1	-0.0903	0.4549
2166	10	Explore	10	1	-0.0928	0.4554
2167	10	Explore	10	1	-0.0929	0.4554
2168	10	Explore	10	1	-0.0955	0.4558
2169	10	Explore	10	1	-0.0955	0.4558
2170	10	Explore	10	1	-0.0955	0.4558
2171	10	Explore	10	1	-0.0955	0.4557
2172	10	Explore	10	1	-0.0981	0.4559
2173	10	Explore	10	1	-0.1008	0.4560
2174	10	Explore	10	1	-0.1034	0.4561
2175	10	Explore	10	1	-0.1034	0.4561
2176	10	Explore	10	1	-0.1060	0.4561
2177	10	Explore	10	1	-0.1087	0.4561
2178	10	Explore	10	1	-0.1113	0.4561
