TimeStep	Transitions	State	FearLevel	HungerLevel	PosX	posZ
0	0	Hide	20	0	0.1863	-0.1251
1	1	Hide	19	1	0.1863	-0.1251
2	1	Hide	19	1	0.1864	-0.1251
3	1	Hide	19	1	0.1864	-0.1251
4	1	Hide	19	1	0.1864	-0.1251
5	1	Hide	19	1	0.1864	-0.1251
6	1	Hide	19	1	0.1859	-0.1225
7	1	Hide	19	1	0.1854	-0.1200
8	1	Hide	19	1	0.1849	-0.1174
9	1	Hide	19	1	0.1844	-0.1148
10	1	Hide	19	1	0.1840	-0.1122
11	1	Hide	19	1	0.1835	-0.1096
12	1	Hide	19	1	0.1830	-0.1071
13	1	Hide	19	1	0.1825	-0.1045
14	1	Hide	19	1	0.1820	-0.1019
15	1	Hide	19	1	0.1815	-0.0993
16	1	Hide	19	1	0.1810	-0.0968
17	1	Hide	19	1	0.1805	-0.0942
18	1	Hide	19	1	0.1800	-0.0916
19	1	Hide	19	1	0.1795	-0.0890
20	1	Hide	19	1	0.1790	-0.0864
21	1	Hide	19	1	0.1785	-0.0839
22	1	Hide	19	1	0.1780	-0.0813
23	1	Hide	19	1	0.1776	-0.0787
24	1	Hide	19	1	0.1771	-0.0761
25	1	Hide	19	1	0.1766	-0.0736
26	1	Hide	19	1	0.1761	-0.0710
27	1	Hide	19	1	0.1756	-0.0684
28	1	Hide	19	1	0.1751	-0.0658
29	1	Hide	19	1	0.1746	-0.0632
30	1	Hide	19	1	0.1741	-0.0607
31	1	Hide	19	1	0.1736	-0.0581
32	1	Hide	19	1	0.1731	-0.0555
33	1	Hide	19	1	0.1726	-0.0529
34	1	Hide	19	1	0.1721	-0.0503
35	1	Hide	19	1	0.1716	-0.0478
36	1	Hide	19	1	0.1712	-0.0452
37	1	Hide	19	1	0.1707	-0.0426
38	1	Hide	19	1	0.1702	-0.0400
39	1	Hide	19	1	0.1697	-0.0375
40	1	Hide	19	1	0.1692	-0.0349
41	1	Hide	19	1	0.1687	-0.0323
42	1	Hide	19	1	0.1682	-0.0297
43	1	Hide	19	1	0.1677	-0.0271
44	1	Hide	19	1	0.1672	-0.0246
45	1	Hide	19	1	0.1667	-0.0220
46	1	Hide	19	1	0.1662	-0.0194
47	1	Hide	19	1	0.1657	-0.0168
48	1	Hide	19	1	0.1652	-0.0143
49	1	Hide	19	1	0.1648	-0.0117
50	1	Hide	19	1	0.1643	-0.0091
51	1	Hide	19	1	0.1638	-0.0065
52	1	Hide	19	1	0.1633	-0.0039
53	1	Hide	19	1	0.1628	-0.0014
54	1	Hide	19	1	0.1623	0.0012
55	1	Hide	19	1	0.1618	0.0038
56	1	Hide	19	1	0.1613	0.0064
57	1	Hide	19	1	0.1608	0.0090
58	1	Hide	19	1	0.1603	0.0115
59	1	Hide	19	1	0.1598	0.0141
60	1	Hide	19	1	0.1593	0.0167
61	1	Hide	19	1	0.1588	0.0193
62	1	Hide	19	1	0.1583	0.0218
63	1	Hide	19	1	0.1579	0.0244
64	1	Hide	19	1	0.1574	0.0270
65	1	Hide	19	1	0.1569	0.0296
66	1	Hide	19	1	0.1564	0.0322
67	1	Hide	19	1	0.1559	0.0347
68	1	Hide	19	1	0.1554	0.0373
69	1	Hide	19	1	0.1549	0.0399
70	1	Hide	19	1	0.1544	0.0425
71	1	Hide	19	1	0.1539	0.0450
72	1	Hide	19	1	0.1534	0.0476
73	1	Hide	19	1	0.1529	0.0502
74	1	Hide	19	1	0.1524	0.0528
75	1	Hide	19	1	0.1519	0.0554
76	1	Hide	19	1	0.1514	0.0579
77	1	Hide	19	1	0.1510	0.0605
78	1	Hide	19	1	0.1505	0.0631
79	1	Hide	19	1	0.1500	0.0657
80	1	Hide	19	1	0.1495	0.0682
81	1	Hide	19	1	0.1490	0.0708
82	1	Hide	19	1	0.1485	0.0734
83	1	Hide	19	1	0.1480	0.0760
84	1	Hide	19	1	0.1475	0.0786
85	1	Hide	19	1	0.1470	0.0811
86	1	Hide	19	1	0.1465	0.0837
87	1	Hide	19	1	0.1460	0.0863
88	1	Hide	19	1	0.1455	0.0889
89	1	Hide	19	1	0.1450	0.0915
90	1	Hide	19	1	0.1445	0.0940
91	1	Hide	19	1	0.1440	0.0966
92	1	Hide	19	1	0.1436	0.0992
93	1	Hide	19	1	0.1431	0.1018
94	1	Hide	19	1	0.1426	0.1043
95	1	Hide	19	1	0.1421	0.1069
96	1	Hide	19	1	0.1416	0.1095
97	1	Hide	19	1	0.1411	0.1121
98	1	Hide	19	1	0.1406	0.1147
99	1	Hide	19	1	0.1401	0.1172
100	1	Hide	19	1	0.1396	0.1198
101	1	Hide	19	1	0.1391	0.1224
102	1	Hide	19	1	0.1386	0.1250
103	1	Hide	19	1	0.1381	0.1275
104	1	Hide	19	1	0.1376	0.1301
105	1	Hide	19	1	0.1371	0.1327
106	1	Hide	19	1	0.1367	0.1353
107	1	Hide	19	1	0.1362	0.1379
108	1	Hide	19	1	0.1357	0.1404
109	1	Hide	19	1	0.1352	0.1430
110	1	Hide	19	1	0.1347	0.1456
111	1	Hide	19	1	0.1342	0.1482
112	1	Hide	19	1	0.1337	0.1507
113	1	Hide	19	1	0.1332	0.1533
114	1	Hide	19	1	0.1327	0.1559
115	1	Hide	19	1	0.1322	0.1585
116	1	Hide	19	1	0.1317	0.1611
117	1	Hide	19	1	0.1312	0.1636
118	1	Hide	19	1	0.1307	0.1662
119	1	Hide	19	1	0.1302	0.1688
120	1	Hide	19	1	0.1297	0.1714
121	1	Hide	19	1	0.1292	0.1739
122	1	Hide	19	1	0.1288	0.1765
123	1	Hide	19	1	0.1283	0.1791
124	1	Hide	19	1	0.1278	0.1817
125	1	Hide	19	1	0.1273	0.1843
126	1	Hide	19	1	0.1268	0.1868
127	1	Hide	19	1	0.1263	0.1894
128	1	Hide	19	1	0.1258	0.1920
129	1	Hide	19	1	0.1253	0.1946
130	1	Hide	19	1	0.1248	0.1971
131	1	Hide	19	1	0.1243	0.1997
132	1	Hide	19	1	0.1238	0.2023
133	1	Hide	19	1	0.1233	0.2049
134	1	Hide	19	1	0.1228	0.2075
135	1	Hide	19	1	0.1223	0.2100
136	1	Hide	19	1	0.1218	0.2126
137	1	Hide	19	1	0.1213	0.2152
138	1	Hide	19	1	0.1209	0.2178
139	1	Hide	19	1	0.1204	0.2204
140	1	Hide	19	1	0.1199	0.2229
141	1	Hide	19	1	0.1194	0.2255
142	1	Hide	19	1	0.1189	0.2281
143	1	Hide	19	1	0.1184	0.2307
144	1	Hide	19	1	0.1179	0.2332
145	1	Hide	19	1	0.1174	0.2358
146	1	Hide	19	1	0.1169	0.2384
147	1	Hide	19	1	0.1164	0.2410
148	1	Hide	19	1	0.1159	0.2436
149	1	Hide	19	1	0.1154	0.2461
150	1	Hide	19	1	0.1149	0.2487
151	1	Hide	19	1	0.1144	0.2513
152	1	Hide	19	1	0.1139	0.2539
153	1	Hide	19	1	0.1134	0.2564
154	1	Hide	19	1	0.1130	0.2590
155	1	Hide	19	1	0.1125	0.2616
156	1	Hide	19	1	0.1120	0.2642
157	1	Hide	19	1	0.1115	0.2668
158	1	Hide	19	1	0.1110	0.2693
159	1	Hide	19	1	0.1105	0.2719
160	1	Hide	19	1	0.1100	0.2745
161	1	Hide	19	1	0.1095	0.2771
162	1	Hide	19	1	0.1090	0.2796
163	1	Hide	19	1	0.1085	0.2822
164	1	Hide	19	1	0.1080	0.2848
165	1	Hide	19	1	0.1075	0.2874
166	1	Hide	19	1	0.1070	0.2900
167	1	Hide	19	1	0.1065	0.2925
168	1	Hide	19	1	0.1060	0.2951
169	1	Hide	19	1	0.1055	0.2977
170	1	Hide	19	1	0.1050	0.3003
171	1	Hide	19	1	0.1046	0.3028
172	1	Hide	19	1	0.1041	0.3054
173	1	Hide	19	1	0.1036	0.3080
174	1	Hide	19	1	0.1031	0.3106
175	1	Hide	19	1	0.1026	0.3132
176	1	Hide	19	1	0.1021	0.3157
177	1	Hide	19	1	0.1016	0.3183
178	1	Hide	19	1	0.1011	0.3209
179	1	Hide	19	1	0.1006	0.3235
180	1	Hide	19	1	0.1001	0.3260
181	1	Hide	19	1	0.0996	0.3286
182	1	Hide	19	1	0.0991	0.3312
183	1	Hide	19	1	0.0986	0.3338
184	1	Hide	19	1	0.0981	0.3364
185	1	Hide	19	1	0.0976	0.3389
186	1	Hide	19	1	0.0971	0.3415
187	1	Hide	19	1	0.0966	0.3441
188	1	Hide	19	1	0.0961	0.3467
189	1	Hide	19	1	0.0957	0.3492
190	1	Hide	19	1	0.0952	0.3518
191	1	Hide	19	1	0.0947	0.3544
192	1	Hide	19	1	0.0942	0.3570
193	1	Hide	19	1	0.0937	0.3596
194	1	Hide	19	1	0.0932	0.3621
195	1	Hide	19	1	0.0927	0.3647
196	1	Hide	19	1	0.0922	0.3673
197	1	Hide	19	1	0.0917	0.3699
198	1	Hide	19	1	0.0912	0.3724
199	1	Hide	19	1	0.0907	0.3750
200	1	Hide	19	1	0.0902	0.3776
201	1	Hide	19	1	0.0897	0.3802
202	1	Hide	19	1	0.0892	0.3828
203	1	Hide	19	1	0.0887	0.3853
204	1	Hide	19	1	0.0882	0.3879
205	1	Hide	19	1	0.0877	0.3905
206	1	Hide	19	1	0.0872	0.3931
207	1	Hide	19	1	0.0868	0.3956
208	1	Hide	19	1	0.0863	0.3982
209	1	Hide	19	1	0.0858	0.4008
210	1	Hide	19	1	0.0853	0.4034
211	1	Hide	19	1	0.0848	0.4060
212	1	Hide	19	1	0.0843	0.4085
213	1	Hide	19	1	0.0838	0.4111
214	1	Hide	19	1	0.0833	0.4137
215	1	Hide	19	1	0.0828	0.4163
216	1	Hide	19	1	0.0823	0.4188
217	1	Hide	19	1	0.0818	0.4214
218	1	Hide	19	1	0.0813	0.4240
219	1	Hide	19	1	0.0808	0.4266
220	1	Hide	19	1	0.0803	0.4292
221	1	Hide	19	1	0.0798	0.4317
222	1	Hide	19	1	0.0793	0.4343
223	1	Hide	19	1	0.0788	0.4369
224	1	Hide	19	1	0.0783	0.4395
225	1	Hide	19	1	0.0778	0.4420
226	1	Hide	19	1	0.0773	0.4446
227	1	Hide	19	1	0.0769	0.4472
228	1	Hide	19	1	0.0764	0.4498
229	1	Hide	19	1	0.0759	0.4524
230	1	Hide	19	1	0.0754	0.4549
231	1	Hide	19	1	0.0749	0.4575
232	1	Hide	19	1	0.0744	0.4601
233	1	Hide	19	1	0.0739	0.4627
234	1	Hide	19	1	0.0734	0.4652
235	1	Hide	19	1	0.0729	0.4678
236	1	Hide	19	1	0.0729	0.4678
237	1	Hide	19	1	0.0729	0.4678
238	1	Hide	19	1	0.0729	0.4678
239	1	Hide	19	1	0.0729	0.4678
240	1	Hide	19	1	0.0729	0.4678
241	1	Hide	19	1	0.0729	0.4678
242	1	Hide	19	1	0.0729	0.4678
243	1	Hide	19	1	0.0729	0.4678
244	1	Hide	19	1	0.0729	0.4678
245	1	Hide	19	1	0.0729	0.4678
246	1	Hide	19	1	0.0729	0.4678
247	1	Hide	19	1	0.0729	0.4678
248	1	Hide	19	1	0.0729	0.4678
249	1	Hide	19	1	0.0729	0.4678
250	1	Hide	19	1	0.0729	0.4678
251	1	Hide	19	1	0.0729	0.4678
252	1	Hide	19	1	0.0729	0.4678
253	1	Hide	19	1	0.0729	0.4678
254	1	Hide	19	1	0.0729	0.4678
255	1	Hide	19	1	0.0729	0.4678
256	1	Hide	19	1	0.0729	0.4678
257	1	Hide	19	1	0.0729	0.4678
258	1	Hide	19	1	0.0729	0.4678
259	1	Hide	19	1	0.0729	0.4678
260	1	Hide	19	1	0.0729	0.4678
261	1	Hide	19	1	0.0729	0.4678
262	1	Hide	19	1	0.0729	0.4678
263	1	Hide	19	1	0.0729	0.4678
264	1	Hide	19	1	0.0729	0.4678
265	1	Hide	19	1	0.0729	0.4678
266	1	Hide	19	1	0.0729	0.4678
267	1	Hide	19	1	0.0729	0.4678
268	1	Hide	19	1	0.0729	0.4678
269	1	Hide	19	1	0.0729	0.4678
270	1	Hide	19	1	0.0729	0.4678
271	1	Hide	19	1	0.0729	0.4678
272	1	Hide	19	1	0.0729	0.4678
273	1	Hide	19	1	0.0729	0.4678
274	1	Hide	19	1	0.0729	0.4678
275	1	Hide	19	1	0.0729	0.4678
276	1	Hide	19	1	0.0729	0.4678
277	1	Hide	19	1	0.0729	0.4678
278	1	Hide	19	1	0.0729	0.4678
279	1	Hide	19	1	0.0729	0.4678
280	1	Hide	19	1	0.0729	0.4678
281	1	Hide	19	1	0.0729	0.4678
282	1	Hide	19	1	0.0729	0.4678
283	1	Hide	19	1	0.0729	0.4678
284	1	Hide	19	1	0.0729	0.4678
285	1	Hide	19	1	0.0729	0.4678
286	1	Hide	19	1	0.0729	0.4678
287	1	Hide	19	1	0.0729	0.4678
288	1	Hide	19	1	0.0729	0.4678
289	1	Hide	19	1	0.0729	0.4678
290	1	Hide	19	1	0.0729	0.4678
291	1	Hide	19	1	0.0729	0.4678
292	1	Hide	19	1	0.0729	0.4678
293	1	Hide	19	1	0.0729	0.4678
294	1	Hide	19	1	0.0729	0.4678
295	1	Hide	19	1	0.0729	0.4678
296	1	Hide	19	1	0.0729	0.4678
297	1	Hide	19	1	0.0729	0.4678
298	1	Hide	19	1	0.0729	0.4678
299	1	Hide	19	1	0.0729	0.4678
300	1	Hide	19	1	0.0729	0.4678
301	1	Hide	19	1	0.0729	0.4678
302	1	Hide	19	1	0.0729	0.4678
303	1	Hide	19	1	0.0729	0.4678
304	1	Hide	19	1	0.0729	0.4678
305	1	Hide	19	1	0.0729	0.4678
306	1	Hide	19	1	0.0729	0.4678
307	1	Hide	19	1	0.0729	0.4678
308	1	Hide	19	1	0.0729	0.4678
309	1	Hide	19	1	0.0729	0.4678
310	1	Hide	19	1	0.0729	0.4678
311	1	Hide	19	1	0.0729	0.4678
312	1	Hide	19	1	0.0729	0.4678
313	1	Hide	19	1	0.0729	0.4678
314	1	Hide	19	1	0.0729	0.4678
315	1	Hide	19	1	0.0729	0.4678
316	1	Hide	19	1	0.0729	0.4678
317	1	Hide	19	1	0.0729	0.4678
318	1	Hide	19	1	0.0729	0.4678
319	1	Hide	19	1	0.0729	0.4678
320	1	Hide	19	1	0.0729	0.4678
321	1	Hide	19	1	0.0729	0.4678
322	1	Hide	19	1	0.0729	0.4678
323	1	Hide	19	1	0.0729	0.4678
324	1	Hide	19	1	0.0729	0.4678
325	1	Hide	19	1	0.0729	0.4678
326	1	Hide	19	1	0.0729	0.4678
327	1	Hide	19	1	0.0729	0.4678
328	1	Hide	19	1	0.0729	0.4678
329	1	Hide	19	1	0.0729	0.4678
330	1	Hide	19	1	0.0729	0.4678
331	1	Hide	19	1	0.0729	0.4678
332	1	Hide	19	1	0.0729	0.4678
333	1	Hide	19	1	0.0729	0.4678
334	1	Hide	19	1	0.0729	0.4678
335	1	Explore	19	1	0.0729	0.4678
336	2	Explore	18	2	0.0729	0.4678
337	2	Explore	18	2	0.0729	0.4678
338	2	Explore	18	2	0.0728	0.4678
339	2	Explore	18	2	0.0728	0.4678
340	2	Explore	18	2	0.0728	0.4677
341	2	Explore	18	2	0.0728	0.4677
342	2	Explore	18	2	0.0728	0.4677
343	2	Explore	18	2	0.0727	0.4677
344	2	Explore	18	2	0.0727	0.4677
345	2	Explore	18	2	0.0727	0.4677
346	2	Explore	18	2	0.0727	0.4676
347	2	Explore	18	2	0.0727	0.4676
348	2	Explore	18	2	0.0726	0.4676
349	2	Explore	18	2	0.0726	0.4676
350	2	Explore	18	2	0.0726	0.4676
351	2	Explore	18	2	0.0726	0.4676
352	2	Explore	18	2	0.0726	0.4676
353	2	Explore	18	2	0.0726	0.4675
354	2	Explore	18	2	0.0726	0.4675
355	2	Explore	18	2	0.0725	0.4675
356	2	Explore	18	2	0.0725	0.4675
357	2	Explore	18	2	0.0725	0.4675
358	2	Explore	18	2	0.0725	0.4675
359	2	Explore	18	2	0.0725	0.4674
360	2	Explore	18	2	0.0725	0.4674
361	2	Explore	18	2	0.0725	0.4674
362	2	Explore	18	2	0.0724	0.4674
363	2	Explore	18	2	0.0724	0.4674
364	2	Explore	18	2	0.0724	0.4673
365	2	Explore	18	2	0.0724	0.4673
366	2	Explore	18	2	0.0724	0.4673
367	2	Explore	18	2	0.0724	0.4673
368	2	Explore	18	2	0.0724	0.4670
369	2	Explore	18	2	0.0724	0.4666
370	2	Explore	18	2	0.0724	0.4662
371	2	Explore	18	2	0.0724	0.4658
372	2	Explore	18	2	0.0724	0.4652
373	2	Hide	18	2	0.0724	0.4647
374	3	Hide	17	3	0.0724	0.4648
375	3	Hide	17	3	0.0698	0.4646
376	3	Hide	17	3	0.0697	0.4646
377	3	Hide	17	3	0.0697	0.4647
378	3	Hide	17	3	0.0697	0.4647
379	3	Hide	17	3	0.0697	0.4647
380	3	Hide	17	3	0.0671	0.4650
381	3	Hide	17	3	0.0645	0.4652
382	3	Hide	17	3	0.0619	0.4655
383	3	Hide	17	3	0.0593	0.4658
384	3	Hide	17	3	0.0567	0.4660
385	3	Hide	17	3	0.0541	0.4663
386	3	Hide	17	3	0.0515	0.4666
387	3	Hide	17	3	0.0514	0.4666
388	3	Hide	17	3	0.0489	0.4670
389	3	Hide	17	3	0.0488	0.4670
390	3	Hide	17	3	0.0463	0.4675
391	3	Hide	17	3	0.0437	0.4679
392	3	Hide	17	3	0.0437	0.4679
393	3	Hide	17	3	0.0437	0.4679
394	3	Hide	17	3	0.0437	0.4679
395	3	Hide	17	3	0.0437	0.4679
396	3	Hide	17	3	0.0437	0.4679
397	3	Hide	17	3	0.0437	0.4679
398	3	Hide	17	3	0.0437	0.4679
399	3	Hide	17	3	0.0437	0.4679
400	3	Hide	17	3	0.0437	0.4679
401	3	Hide	17	3	0.0437	0.4679
402	3	Hide	17	3	0.0437	0.4679
403	3	Hide	17	3	0.0437	0.4679
404	3	Hide	17	3	0.0437	0.4679
405	3	Hide	17	3	0.0437	0.4679
406	3	Hide	17	3	0.0437	0.4679
407	3	Hide	17	3	0.0437	0.4679
408	3	Hide	17	3	0.0437	0.4679
409	3	Hide	17	3	0.0437	0.4679
410	3	Hide	17	3	0.0437	0.4679
411	3	Hide	17	3	0.0437	0.4679
412	3	Hide	17	3	0.0437	0.4679
413	3	Hide	17	3	0.0437	0.4679
414	3	Hide	17	3	0.0437	0.4679
415	3	Hide	17	3	0.0437	0.4679
416	3	Hide	17	3	0.0437	0.4679
417	3	Hide	17	3	0.0437	0.4679
418	3	Hide	17	3	0.0437	0.4679
419	3	Hide	17	3	0.0437	0.4679
420	3	Hide	17	3	0.0437	0.4679
421	3	Hide	17	3	0.0437	0.4679
422	3	Hide	17	3	0.0437	0.4679
423	3	Hide	17	3	0.0437	0.4679
424	3	Hide	17	3	0.0437	0.4679
425	3	Hide	17	3	0.0437	0.4679
426	3	Hide	17	3	0.0437	0.4679
427	3	Hide	17	3	0.0437	0.4679
428	3	Hide	17	3	0.0437	0.4679
429	3	Hide	17	3	0.0437	0.4679
430	3	Hide	17	3	0.0437	0.4679
431	3	Hide	17	3	0.0437	0.4679
432	3	Hide	17	3	0.0437	0.4679
433	3	Hide	17	3	0.0437	0.4679
434	3	Hide	17	3	0.0437	0.4679
435	3	Hide	17	3	0.0437	0.4679
436	3	Hide	17	3	0.0437	0.4679
437	3	Hide	17	3	0.0437	0.4679
438	3	Hide	17	3	0.0437	0.4679
439	3	Hide	17	3	0.0437	0.4679
440	3	Hide	17	3	0.0437	0.4679
441	3	Hide	17	3	0.0437	0.4679
442	3	Hide	17	3	0.0437	0.4679
443	3	Hide	17	3	0.0437	0.4679
444	3	Hide	17	3	0.0437	0.4679
445	3	Hide	17	3	0.0437	0.4679
446	3	Hide	17	3	0.0437	0.4679
447	3	Hide	17	3	0.0437	0.4679
448	3	Hide	17	3	0.0437	0.4679
449	3	Hide	17	3	0.0437	0.4679
450	3	Hide	17	3	0.0437	0.4679
451	3	Hide	17	3	0.0437	0.4679
452	3	Hide	17	3	0.0437	0.4679
453	3	Hide	17	3	0.0437	0.4679
454	3	Hide	17	3	0.0437	0.4679
455	3	Hide	17	3	0.0437	0.4679
456	3	Hide	17	3	0.0437	0.4679
457	3	Hide	17	3	0.0437	0.4679
458	3	Hide	17	3	0.0437	0.4679
459	3	Hide	17	3	0.0437	0.4679
460	3	Hide	17	3	0.0437	0.4679
461	3	Hide	17	3	0.0437	0.4679
462	3	Hide	17	3	0.0437	0.4679
463	3	Hide	17	3	0.0437	0.4679
464	3	Hide	17	3	0.0437	0.4679
465	3	Hide	17	3	0.0437	0.4679
466	3	Hide	17	3	0.0437	0.4679
467	3	Hide	17	3	0.0437	0.4679
468	3	Hide	17	3	0.0437	0.4679
469	3	Hide	17	3	0.0437	0.4679
470	3	Hide	17	3	0.0437	0.4679
471	3	Hide	17	3	0.0437	0.4679
472	3	Hide	17	3	0.0437	0.4679
473	3	Hide	17	3	0.0437	0.4679
474	3	Hide	17	3	0.0437	0.4679
475	3	Hide	17	3	0.0437	0.4679
476	3	Hide	17	3	0.0437	0.4679
477	3	Hide	17	3	0.0437	0.4679
478	3	Hide	17	3	0.0437	0.4679
479	3	Hide	17	3	0.0437	0.4679
480	3	Hide	17	3	0.0437	0.4679
481	3	Hide	17	3	0.0437	0.4679
482	3	Hide	17	3	0.0437	0.4679
483	3	Hide	17	3	0.0437	0.4679
484	3	Hide	17	3	0.0437	0.4679
485	3	Hide	17	3	0.0437	0.4679
486	3	Hide	17	3	0.0437	0.4679
487	3	Hide	17	3	0.0437	0.4679
488	3	Hide	17	3	0.0437	0.4679
489	3	Hide	17	3	0.0437	0.4679
490	3	Hide	17	3	0.0437	0.4679
491	3	Explore	17	3	0.0437	0.4679
492	4	Hide	16	4	0.0437	0.4675
493	5	Hide	15	5	0.0437	0.4675
494	5	Hide	15	5	0.0437	0.4675
495	5	Hide	15	5	0.0438	0.4676
496	5	Hide	15	5	0.0438	0.4676
497	5	Hide	15	5	0.0438	0.4676
498	5	Hide	15	5	0.0438	0.4676
499	5	Hide	15	5	0.0438	0.4676
500	5	Hide	15	5	0.0438	0.4676
501	5	Hide	15	5	0.0438	0.4676
502	5	Hide	15	5	0.0438	0.4676
503	5	Hide	15	5	0.0438	0.4676
504	5	Hide	15	5	0.0438	0.4676
505	5	Hide	15	5	0.0438	0.4676
506	5	Hide	15	5	0.0438	0.4676
507	5	Hide	15	5	0.0438	0.4676
508	5	Hide	15	5	0.0438	0.4676
509	5	Hide	15	5	0.0438	0.4676
510	5	Hide	15	5	0.0438	0.4676
511	5	Hide	15	5	0.0438	0.4676
512	5	Hide	15	5	0.0438	0.4676
513	5	Hide	15	5	0.0438	0.4676
514	5	Hide	15	5	0.0438	0.4676
515	5	Hide	15	5	0.0438	0.4676
516	5	Hide	15	5	0.0438	0.4676
517	5	Hide	15	5	0.0438	0.4676
518	5	Hide	15	5	0.0438	0.4676
519	5	Hide	15	5	0.0438	0.4676
520	5	Hide	15	5	0.0438	0.4676
521	5	Hide	15	5	0.0438	0.4676
522	5	Hide	15	5	0.0438	0.4676
523	5	Hide	15	5	0.0438	0.4676
524	5	Hide	15	5	0.0438	0.4676
525	5	Hide	15	5	0.0438	0.4676
526	5	Hide	15	5	0.0438	0.4676
527	5	Hide	15	5	0.0438	0.4676
528	5	Hide	15	5	0.0438	0.4676
529	5	Hide	15	5	0.0438	0.4676
530	5	Hide	15	5	0.0438	0.4676
531	5	Hide	15	5	0.0438	0.4676
532	5	Hide	15	5	0.0438	0.4676
533	5	Hide	15	5	0.0438	0.4676
534	5	Hide	15	5	0.0438	0.4676
535	5	Hide	15	5	0.0438	0.4676
536	5	Hide	15	5	0.0438	0.4676
537	5	Hide	15	5	0.0438	0.4676
538	5	Hide	15	5	0.0438	0.4676
539	5	Hide	15	5	0.0438	0.4676
540	5	Hide	15	5	0.0438	0.4676
541	5	Hide	15	5	0.0438	0.4676
542	5	Hide	15	5	0.0438	0.4676
543	5	Hide	15	5	0.0438	0.4676
544	5	Hide	15	5	0.0438	0.4676
545	5	Hide	15	5	0.0438	0.4676
546	5	Hide	15	5	0.0438	0.4676
547	5	Hide	15	5	0.0438	0.4676
548	5	Hide	15	5	0.0438	0.4676
549	5	Hide	15	5	0.0438	0.4676
550	5	Hide	15	5	0.0438	0.4676
551	5	Hide	15	5	0.0438	0.4676
552	5	Hide	15	5	0.0438	0.4676
553	5	Hide	15	5	0.0438	0.4676
554	5	Hide	15	5	0.0438	0.4676
555	5	Hide	15	5	0.0438	0.4676
556	5	Hide	15	5	0.0438	0.4676
557	5	Hide	15	5	0.0438	0.4676
558	5	Hide	15	5	0.0438	0.4676
559	5	Hide	15	5	0.0438	0.4676
560	5	Hide	15	5	0.0438	0.4676
561	5	Hide	15	5	0.0438	0.4676
562	5	Hide	15	5	0.0438	0.4676
563	5	Hide	15	5	0.0438	0.4676
564	5	Hide	15	5	0.0438	0.4676
565	5	Hide	15	5	0.0438	0.4676
566	5	Hide	15	5	0.0438	0.4676
567	5	Hide	15	5	0.0438	0.4676
568	5	Hide	15	5	0.0438	0.4676
569	5	Hide	15	5	0.0438	0.4676
570	5	Hide	15	5	0.0438	0.4676
571	5	Hide	15	5	0.0438	0.4676
572	5	Hide	15	5	0.0438	0.4676
573	5	Hide	15	5	0.0438	0.4676
574	5	Hide	15	5	0.0438	0.4676
575	5	Hide	15	5	0.0438	0.4676
576	5	Hide	15	5	0.0438	0.4676
577	5	Hide	15	5	0.0438	0.4676
578	5	Hide	15	5	0.0438	0.4676
579	5	Hide	15	5	0.0438	0.4676
580	5	Hide	15	5	0.0438	0.4676
581	5	Hide	15	5	0.0438	0.4676
582	5	Hide	15	5	0.0438	0.4676
583	5	Hide	15	5	0.0438	0.4676
584	5	Hide	15	5	0.0438	0.4676
585	5	Hide	15	5	0.0438	0.4676
586	5	Hide	15	5	0.0438	0.4676
587	5	Hide	15	5	0.0438	0.4676
588	5	Hide	15	5	0.0438	0.4676
589	5	Hide	15	5	0.0438	0.4676
590	5	Hide	15	5	0.0438	0.4676
591	5	Hide	15	5	0.0438	0.4676
592	5	Hide	15	5	0.0438	0.4676
593	5	Hide	15	5	0.0438	0.4676
594	5	Hide	15	5	0.0438	0.4676
595	5	Explore	15	5	0.0438	0.4676
596	6	Explore	14	6	0.0438	0.4675
597	6	Hide	14	6	0.0437	0.4675
598	7	Hide	13	7	0.0437	0.4675
599	7	Hide	13	7	0.0437	0.4675
600	7	Hide	13	7	0.0437	0.4675
601	7	Hide	13	7	0.0437	0.4675
602	7	Hide	13	7	0.0437	0.4675
603	7	Hide	13	7	0.0437	0.4675
604	7	Hide	13	7	0.0437	0.4675
605	7	Hide	13	7	0.0437	0.4675
606	7	Hide	13	7	0.0437	0.4675
607	7	Hide	13	7	0.0437	0.4675
608	7	Hide	13	7	0.0437	0.4675
609	7	Hide	13	7	0.0437	0.4675
610	7	Hide	13	7	0.0437	0.4675
611	7	Hide	13	7	0.0437	0.4675
612	7	Hide	13	7	0.0437	0.4675
613	7	Hide	13	7	0.0437	0.4675
614	7	Hide	13	7	0.0437	0.4675
615	7	Hide	13	7	0.0437	0.4675
616	7	Hide	13	7	0.0437	0.4675
617	7	Hide	13	7	0.0437	0.4675
618	7	Hide	13	7	0.0437	0.4675
619	7	Hide	13	7	0.0437	0.4675
620	7	Hide	13	7	0.0437	0.4675
621	7	Hide	13	7	0.0437	0.4675
622	7	Hide	13	7	0.0437	0.4675
623	7	Hide	13	7	0.0437	0.4675
624	7	Hide	13	7	0.0437	0.4675
625	7	Hide	13	7	0.0437	0.4675
626	7	Hide	13	7	0.0437	0.4675
627	7	Hide	13	7	0.0437	0.4675
628	7	Hide	13	7	0.0437	0.4675
629	7	Hide	13	7	0.0437	0.4675
630	7	Hide	13	7	0.0437	0.4675
631	7	Hide	13	7	0.0437	0.4675
632	7	Hide	13	7	0.0437	0.4675
633	7	Hide	13	7	0.0437	0.4675
634	7	Hide	13	7	0.0437	0.4675
635	7	Hide	13	7	0.0437	0.4675
636	7	Hide	13	7	0.0437	0.4675
637	7	Hide	13	7	0.0437	0.4675
638	7	Hide	13	7	0.0437	0.4675
639	7	Hide	13	7	0.0437	0.4675
640	7	Hide	13	7	0.0437	0.4675
641	7	Hide	13	7	0.0437	0.4675
642	7	Hide	13	7	0.0437	0.4675
643	7	Hide	13	7	0.0437	0.4675
644	7	Hide	13	7	0.0437	0.4675
645	7	Hide	13	7	0.0437	0.4675
646	7	Hide	13	7	0.0437	0.4675
647	7	Hide	13	7	0.0437	0.4675
648	7	Hide	13	7	0.0437	0.4675
649	7	Hide	13	7	0.0437	0.4675
650	7	Hide	13	7	0.0437	0.4675
651	7	Hide	13	7	0.0437	0.4675
652	7	Hide	13	7	0.0437	0.4675
653	7	Hide	13	7	0.0437	0.4675
654	7	Hide	13	7	0.0437	0.4675
655	7	Hide	13	7	0.0437	0.4675
656	7	Hide	13	7	0.0437	0.4675
657	7	Hide	13	7	0.0437	0.4675
658	7	Hide	13	7	0.0437	0.4675
659	7	Hide	13	7	0.0437	0.4675
660	7	Hide	13	7	0.0437	0.4675
661	7	Hide	13	7	0.0437	0.4675
662	7	Hide	13	7	0.0437	0.4675
663	7	Hide	13	7	0.0437	0.4675
664	7	Hide	13	7	0.0437	0.4675
665	7	Hide	13	7	0.0437	0.4675
666	7	Hide	13	7	0.0437	0.4675
667	7	Hide	13	7	0.0437	0.4675
668	7	Hide	13	7	0.0437	0.4675
669	7	Hide	13	7	0.0437	0.4675
670	7	Hide	13	7	0.0437	0.4675
671	7	Hide	13	7	0.0437	0.4675
672	7	Hide	13	7	0.0437	0.4675
673	7	Hide	13	7	0.0437	0.4675
674	7	Hide	13	7	0.0437	0.4675
675	7	Hide	13	7	0.0437	0.4675
676	7	Hide	13	7	0.0437	0.4675
677	7	Hide	13	7	0.0437	0.4675
678	7	Hide	13	7	0.0437	0.4675
679	7	Hide	13	7	0.0437	0.4675
680	7	Hide	13	7	0.0437	0.4675
681	7	Hide	13	7	0.0437	0.4675
682	7	Hide	13	7	0.0437	0.4675
683	7	Hide	13	7	0.0437	0.4675
684	7	Hide	13	7	0.0437	0.4675
685	7	Hide	13	7	0.0437	0.4675
686	7	Hide	13	7	0.0437	0.4675
687	7	Hide	13	7	0.0437	0.4675
688	7	Hide	13	7	0.0437	0.4675
689	7	Hide	13	7	0.0437	0.4675
690	7	Hide	13	7	0.0437	0.4675
691	7	Hide	13	7	0.0437	0.4675
692	7	Hide	13	7	0.0437	0.4675
693	7	Hide	13	7	0.0437	0.4675
694	7	Hide	13	7	0.0437	0.4675
695	7	Hide	13	7	0.0437	0.4675
696	7	Hide	13	7	0.0437	0.4675
697	7	Hide	13	7	0.0437	0.4675
698	7	Explore	13	7	0.0437	0.4675
699	8	Eat	12	8	0.0437	0.4675
700	9	Eat	11	9	0.0411	0.4678
701	9	Eat	11	9	0.0386	0.4677
702	9	Eat	11	9	0.0360	0.4675
703	9	Eat	11	9	0.0334	0.4674
704	9	Eat	11	9	0.0308	0.4672
705	9	Eat	11	9	0.0281	0.4671
706	9	Eat	11	9	0.0255	0.4670
707	9	Eat	11	9	0.0255	0.4666
708	9	Eat	11	9	0.0255	0.4663
709	9	Eat	11	9	0.0229	0.4662
710	9	Eat	11	9	0.0229	0.4657
711	9	Eat	11	9	0.0203	0.4656
712	9	Eat	11	9	0.0203	0.4651
713	9	Eat	11	9	0.0177	0.4649
714	9	Eat	11	9	0.0177	0.4645
715	9	Eat	11	9	0.0150	0.4642
716	9	Eat	11	9	0.0150	0.4640
717	9	Eat	11	9	0.0150	0.4636
718	9	Eat	11	9	0.0150	0.4633
719	9	Eat	11	9	0.0125	0.4627
720	9	Eat	11	9	0.0125	0.4626
721	9	Eat	11	9	0.0125	0.4626
722	9	Eat	11	9	0.0100	0.4618
723	9	Eat	11	9	0.0100	0.4617
724	9	Eat	11	9	0.0076	0.4607
725	9	Eat	11	9	0.0052	0.4597
726	9	Eat	11	9	0.0028	0.4587
727	9	Eat	11	9	0.0028	0.4586
728	9	Eat	11	9	0.0004	0.4574
729	9	Eat	11	9	-0.0019	0.4562
730	9	Eat	11	9	-0.0019	0.4562
731	9	Eat	11	9	-0.0019	0.4562
732	9	Eat	11	9	-0.0019	0.4562
733	9	Eat	11	9	-0.0040	0.4547
734	9	Eat	11	9	-0.0040	0.4546
735	9	Eat	11	9	-0.0040	0.4546
736	9	Eat	11	9	-0.0040	0.4546
737	9	Eat	11	9	-0.0040	0.4546
738	9	Eat	11	9	-0.0039	0.4546
739	9	Eat	11	9	-0.0039	0.4546
740	9	Eat	11	9	-0.0039	0.4546
741	9	Eat	11	9	-0.0039	0.4545
742	9	Eat	11	9	-0.0039	0.4545
743	9	Eat	11	9	-0.0039	0.4545
744	9	Eat	11	9	-0.0038	0.4545
745	9	Eat	11	9	-0.0052	0.4522
746	9	Eat	11	9	-0.0052	0.4522
747	9	Eat	11	9	-0.0052	0.4522
748	9	Eat	11	9	-0.0051	0.4522
749	9	Eat	11	9	-0.0051	0.4522
750	9	Eat	11	9	-0.0061	0.4497
751	9	Eat	11	9	-0.0071	0.4473
752	9	Eat	11	9	-0.0080	0.4448
753	9	Eat	11	9	-0.0089	0.4424
754	9	Eat	11	9	-0.0097	0.4399
755	9	Eat	11	9	-0.0106	0.4374
756	9	Eat	11	9	-0.0113	0.4349
757	9	Eat	11	9	-0.0121	0.4324
758	9	Eat	11	9	-0.0128	0.4298
759	9	Eat	11	9	-0.0134	0.4273
760	9	Eat	11	9	-0.0141	0.4248
761	9	Eat	11	9	-0.0147	0.4222
762	9	Eat	11	9	-0.0152	0.4196
763	9	Eat	11	9	-0.0157	0.4171
764	9	Eat	11	9	-0.0162	0.4145
765	9	Eat	11	9	-0.0167	0.4119
766	9	Eat	11	9	-0.0171	0.4093
767	9	Eat	11	9	-0.0175	0.4067
768	9	Eat	11	9	-0.0179	0.4041
769	9	Eat	11	9	-0.0182	0.4015
770	9	Eat	11	9	-0.0185	0.3989
771	9	Eat	11	9	-0.0188	0.3963
772	9	Eat	11	9	-0.0191	0.3937
773	9	Eat	11	9	-0.0193	0.3911
774	9	Eat	11	9	-0.0196	0.3885
775	9	Eat	11	9	-0.0198	0.3858
776	9	Eat	11	9	-0.0200	0.3832
777	9	Eat	11	9	-0.0201	0.3806
778	9	Eat	11	9	-0.0203	0.3780
779	9	Eat	11	9	-0.0204	0.3754
780	9	Eat	11	9	-0.0205	0.3727
781	9	Eat	11	9	-0.0206	0.3701
782	9	Eat	11	9	-0.0207	0.3675
783	9	Eat	11	9	-0.0207	0.3649
784	9	Eat	11	9	-0.0208	0.3622
785	9	Eat	11	9	-0.0208	0.3596
786	9	Eat	11	9	-0.0208	0.3570
787	9	Eat	11	9	-0.0208	0.3544
788	9	Eat	11	9	-0.0208	0.3517
789	9	Eat	11	9	-0.0208	0.3491
790	9	Eat	11	9	-0.0207	0.3465
791	9	Eat	11	9	-0.0207	0.3439
792	9	Eat	11	9	-0.0206	0.3412
793	9	Eat	11	9	-0.0205	0.3386
794	9	Eat	11	9	-0.0204	0.3360
795	9	Eat	11	9	-0.0204	0.3334
796	9	Eat	11	9	-0.0202	0.3308
797	9	Eat	11	9	-0.0201	0.3281
798	9	Eat	11	9	-0.0200	0.3255
799	9	Eat	11	9	-0.0199	0.3229
800	9	Eat	11	9	-0.0197	0.3203
801	9	Eat	11	9	-0.0196	0.3176
802	9	Eat	11	9	-0.0194	0.3150
803	9	Eat	11	9	-0.0193	0.3124
804	9	Eat	11	9	-0.0191	0.3098
805	9	Eat	11	9	-0.0189	0.3072
806	9	Eat	11	9	-0.0187	0.3046
807	9	Eat	11	9	-0.0185	0.3019
808	9	Eat	11	9	-0.0183	0.2993
809	9	Eat	11	9	-0.0181	0.2967
810	9	Eat	11	9	-0.0179	0.2941
811	9	Eat	11	9	-0.0177	0.2915
812	9	Eat	11	9	-0.0175	0.2889
813	9	Eat	11	9	-0.0172	0.2862
814	9	Eat	11	9	-0.0170	0.2836
815	9	Eat	11	9	-0.0168	0.2810
816	9	Eat	11	9	-0.0165	0.2784
817	9	Eat	11	9	-0.0163	0.2758
818	9	Eat	11	9	-0.0160	0.2732
819	9	Eat	11	9	-0.0158	0.2706
820	9	Eat	11	9	-0.0155	0.2679
821	9	Eat	11	9	-0.0152	0.2653
822	9	Eat	11	9	-0.0150	0.2627
823	9	Eat	11	9	-0.0147	0.2601
824	9	Eat	11	9	-0.0144	0.2575
825	9	Eat	11	9	-0.0141	0.2549
826	9	Eat	11	9	-0.0138	0.2523
827	9	Eat	11	9	-0.0135	0.2497
828	9	Eat	11	9	-0.0132	0.2471
829	9	Eat	11	9	-0.0129	0.2445
830	9	Eat	11	9	-0.0126	0.2419
831	9	Eat	11	9	-0.0123	0.2393
832	9	Eat	11	9	-0.0120	0.2366
833	9	Eat	11	9	-0.0117	0.2340
834	9	Eat	11	9	-0.0114	0.2314
835	9	Eat	11	9	-0.0110	0.2288
836	9	Eat	11	9	-0.0107	0.2262
837	9	Eat	11	9	-0.0104	0.2236
838	9	Eat	11	9	-0.0100	0.2210
839	9	Eat	11	9	-0.0097	0.2184
840	9	Eat	11	9	-0.0094	0.2158
841	9	Eat	11	9	-0.0090	0.2132
842	9	Eat	11	9	-0.0087	0.2106
843	9	Eat	11	9	-0.0083	0.2080
844	9	Eat	11	9	-0.0080	0.2054
845	9	Eat	11	9	-0.0076	0.2028
846	9	Eat	11	9	-0.0073	0.2002
847	9	Eat	11	9	-0.0069	0.1976
848	9	Eat	11	9	-0.0066	0.1950
849	9	Eat	11	9	-0.0062	0.1924
850	9	Eat	11	9	-0.0058	0.1898
851	9	Eat	11	9	-0.0055	0.1872
852	9	Eat	11	9	-0.0051	0.1846
853	9	Eat	11	9	-0.0047	0.1820
854	9	Eat	11	9	-0.0043	0.1794
855	9	Eat	11	9	-0.0039	0.1768
856	9	Eat	11	9	-0.0036	0.1742
857	9	Eat	11	9	-0.0032	0.1716
858	9	Eat	11	9	-0.0028	0.1690
859	9	Eat	11	9	-0.0024	0.1664
860	9	Eat	11	9	-0.0020	0.1638
861	9	Eat	11	9	-0.0020	0.1638
862	9	Eat	11	9	-0.0020	0.1638
863	9	Eat	11	9	-0.0020	0.1638
864	9	Eat	11	9	-0.0020	0.1638
865	9	Eat	11	9	-0.0020	0.1638
866	9	Eat	11	9	-0.0020	0.1638
867	9	Eat	11	9	-0.0020	0.1638
868	9	Eat	11	9	-0.0020	0.1638
869	9	Eat	11	9	-0.0020	0.1638
870	9	Eat	11	9	-0.0020	0.1638
871	9	Eat	11	9	-0.0020	0.1638
872	9	Eat	11	9	-0.0020	0.1638
873	9	Eat	11	9	-0.0020	0.1638
874	9	Eat	11	9	-0.0020	0.1638
875	9	Eat	11	9	-0.0020	0.1638
876	9	Eat	11	9	-0.0020	0.1638
877	9	Eat	11	9	-0.0020	0.1638
878	9	Eat	11	9	-0.0020	0.1638
879	9	Eat	11	9	-0.0020	0.1638
880	9	Eat	11	9	-0.0020	0.1638
881	9	Eat	11	9	-0.0020	0.1638
882	9	Eat	11	9	-0.0020	0.1638
883	9	Eat	11	9	-0.0020	0.1638
884	9	Eat	11	9	-0.0020	0.1638
885	9	Eat	11	9	-0.0020	0.1638
886	9	Eat	11	9	-0.0020	0.1638
887	9	Eat	11	9	-0.0020	0.1638
888	9	Eat	11	9	-0.0020	0.1638
889	9	Eat	11	9	-0.0020	0.1638
890	9	Eat	11	9	-0.0020	0.1638
891	9	Eat	11	9	-0.0020	0.1638
892	9	Eat	11	9	-0.0020	0.1638
893	9	Eat	11	9	-0.0020	0.1638
894	9	Eat	11	9	-0.0020	0.1638
895	9	Eat	11	9	-0.0020	0.1638
896	9	Eat	11	9	-0.0020	0.1638
897	9	Eat	11	9	-0.0020	0.1638
898	9	Eat	11	9	-0.0020	0.1638
899	9	Eat	11	9	-0.0020	0.1638
900	9	Eat	11	9	-0.0020	0.1638
901	9	Eat	11	9	-0.0020	0.1638
902	9	Eat	11	9	-0.0020	0.1638
903	9	Eat	11	9	-0.0020	0.1638
904	9	Eat	11	9	-0.0020	0.1638
905	9	Eat	11	9	-0.0020	0.1638
906	9	Eat	11	9	-0.0020	0.1638
907	9	Eat	11	9	-0.0020	0.1638
908	9	Eat	11	9	-0.0020	0.1638
909	9	Eat	11	9	-0.0020	0.1638
910	9	Eat	11	9	-0.0020	0.1638
911	9	Eat	11	9	-0.0020	0.1638
912	9	Eat	11	9	-0.0020	0.1638
913	9	Eat	11	9	-0.0020	0.1638
914	9	Eat	11	9	-0.0020	0.1638
915	9	Eat	11	9	-0.0020	0.1638
916	9	Eat	11	9	-0.0020	0.1638
917	9	Eat	11	9	-0.0020	0.1638
918	9	Eat	11	9	-0.0020	0.1638
919	9	Eat	11	9	-0.0020	0.1638
920	9	Eat	11	9	-0.0020	0.1638
921	9	Eat	11	9	-0.0020	0.1638
922	9	Eat	11	9	-0.0020	0.1638
923	9	Eat	11	9	-0.0020	0.1638
924	9	Eat	11	9	-0.0020	0.1638
925	9	Eat	11	9	-0.0020	0.1638
926	9	Eat	11	9	-0.0020	0.1638
927	9	Eat	11	9	-0.0020	0.1638
928	9	Eat	11	9	-0.0020	0.1638
929	9	Eat	11	9	-0.0020	0.1638
930	9	Eat	11	9	-0.0020	0.1638
931	9	Eat	11	9	-0.0020	0.1638
932	9	Eat	11	9	-0.0020	0.1638
933	9	Eat	11	9	-0.0020	0.1638
934	9	Eat	11	9	-0.0020	0.1638
935	9	Eat	11	9	-0.0020	0.1638
936	9	Eat	11	9	-0.0020	0.1638
937	9	Eat	11	9	-0.0020	0.1638
938	9	Eat	11	9	-0.0020	0.1638
939	9	Eat	11	9	-0.0020	0.1638
940	9	Eat	11	9	-0.0020	0.1638
941	9	Eat	11	9	-0.0020	0.1638
942	9	Eat	11	9	-0.0020	0.1638
943	9	Eat	11	9	-0.0020	0.1638
944	9	Eat	11	9	-0.0020	0.1638
945	9	Eat	11	9	-0.0020	0.1638
946	9	Eat	11	9	-0.0020	0.1638
947	9	Eat	11	9	-0.0020	0.1638
948	9	Eat	11	9	-0.0020	0.1638
949	9	Eat	11	9	-0.0020	0.1638
950	9	Eat	11	9	-0.0020	0.1638
951	9	Eat	11	9	-0.0020	0.1638
952	9	Eat	11	9	-0.0020	0.1638
953	9	Eat	11	9	-0.0020	0.1638
954	9	Eat	11	9	-0.0020	0.1638
955	9	Eat	11	9	-0.0020	0.1638
956	9	Eat	11	9	-0.0020	0.1638
957	9	Eat	11	9	-0.0020	0.1638
958	9	Eat	11	9	-0.0020	0.1638
959	9	Eat	11	9	-0.0020	0.1638
960	9	Eat	11	9	-0.0020	0.1638
961	9	Eat	11	9	-0.0020	0.1638
962	9	Eat	11	9	-0.0020	0.1638
963	9	Eat	11	9	-0.0020	0.1638
964	9	Eat	11	9	-0.0020	0.1638
965	9	Eat	11	9	-0.0020	0.1638
966	9	Eat	11	9	-0.0020	0.1638
967	9	Eat	11	9	-0.0020	0.1638
968	9	Eat	11	9	-0.0020	0.1638
969	9	Eat	11	9	-0.0020	0.1638
970	9	Eat	11	9	-0.0020	0.1638
971	9	Eat	11	9	-0.0020	0.1638
972	9	Eat	11	9	-0.0020	0.1638
973	9	Eat	11	9	-0.0020	0.1638
974	9	Eat	11	9	-0.0020	0.1638
975	9	Eat	11	9	-0.0020	0.1638
976	9	Eat	11	9	-0.0020	0.1638
977	9	Eat	11	9	-0.0020	0.1638
978	9	Eat	11	9	-0.0020	0.1638
979	9	Eat	11	9	-0.0020	0.1638
980	9	Eat	11	9	-0.0020	0.1638
981	9	Eat	11	9	-0.0020	0.1638
982	9	Eat	11	9	-0.0020	0.1638
983	9	Eat	11	9	-0.0020	0.1638
984	9	Eat	11	9	-0.0020	0.1638
985	9	Eat	11	9	-0.0020	0.1638
986	9	Eat	11	9	-0.0020	0.1638
987	9	Eat	11	9	-0.0020	0.1638
988	9	Eat	11	9	-0.0020	0.1638
989	9	Eat	11	9	-0.0020	0.1638
990	9	Eat	11	9	-0.0020	0.1638
991	9	Eat	11	9	-0.0020	0.1638
992	9	Eat	11	9	-0.0020	0.1638
993	9	Eat	11	9	-0.0020	0.1638
994	9	Eat	11	9	-0.0020	0.1638
995	9	Eat	11	9	-0.0020	0.1638
996	9	Eat	11	9	-0.0020	0.1638
997	9	Eat	11	9	-0.0020	0.1638
998	9	Eat	11	9	-0.0020	0.1638
999	9	Eat	11	9	-0.0020	0.1638
1000	9	Eat	11	9	-0.0020	0.1638
1001	9	Eat	11	9	-0.0020	0.1638
1002	9	Eat	11	9	-0.0020	0.1638
1003	9	Eat	11	9	-0.0020	0.1638
1004	9	Eat	11	9	-0.0020	0.1638
1005	9	Eat	11	9	-0.0020	0.1638
1006	9	Eat	11	9	-0.0020	0.1638
1007	9	Eat	11	9	-0.0020	0.1638
1008	9	Eat	11	9	-0.0020	0.1638
1009	9	Eat	11	9	-0.0020	0.1638
1010	9	Eat	11	9	-0.0020	0.1638
1011	9	Eat	11	9	-0.0020	0.1638
1012	9	Eat	11	9	-0.0020	0.1638
1013	9	Eat	11	9	-0.0020	0.1638
1014	9	Eat	11	9	-0.0020	0.1638
1015	9	Eat	11	9	-0.0020	0.1638
1016	9	Eat	11	9	-0.0020	0.1638
1017	9	Eat	11	9	-0.0020	0.1638
1018	9	Eat	11	9	-0.0020	0.1638
1019	9	Eat	11	9	-0.0020	0.1638
