TimeStep	Transitions	State	FearLevel	HungerLevel	PosX	posZ
1255	9	Explore	11	2	-0.4671	0.1710
1256	10	Explore	10	3	-0.4671	0.1709
1257	10	Explore	10	3	-0.4672	0.1709
1258	10	Explore	10	3	-0.4672	0.1709
1259	10	Explore	10	3	-0.4672	0.1709
1260	10	Explore	10	3	-0.4672	0.1709
1261	10	Explore	10	3	-0.4672	0.1708
1262	10	Explore	10	3	-0.4672	0.1708
1263	10	Explore	10	3	-0.4671	0.1708
1264	10	Explore	10	3	-0.4671	0.1708
1265	10	Explore	10	3	-0.4670	0.1707
1266	10	Explore	10	3	-0.4670	0.1707
1267	10	Explore	10	3	-0.4670	0.1707
1268	10	Explore	10	3	-0.4670	0.1707
1269	10	Explore	10	3	-0.4669	0.1707
1270	10	Explore	10	3	-0.4669	0.1706
1271	10	Explore	10	3	-0.4669	0.1706
1272	10	Explore	10	3	-0.4669	0.1706
1273	10	Explore	10	3	-0.4669	0.1706
1274	10	Explore	10	3	-0.4669	0.1706
1275	10	Explore	10	3	-0.4668	0.1706
1276	10	Explore	10	3	-0.4668	0.1705
1277	10	Explore	10	3	-0.4668	0.1705
1278	10	Explore	10	3	-0.4668	0.1705
1279	10	Explore	10	3	-0.4668	0.1705
1280	10	Explore	10	3	-0.4668	0.1705
1281	10	Explore	10	3	-0.4668	0.1705
1282	10	Explore	10	3	-0.4667	0.1704
1283	10	Explore	10	3	-0.4667	0.1704
1284	10	Explore	10	3	-0.4667	0.1704
1285	10	Explore	10	3	-0.4667	0.1704
1286	10	Explore	10	3	-0.4667	0.1704
1287	10	Explore	10	3	-0.4667	0.1704
1288	10	Explore	10	3	-0.4666	0.1704
1289	10	Explore	10	3	-0.4666	0.1704
1290	10	Explore	10	3	-0.4666	0.1703
1291	10	Explore	10	3	-0.4666	0.1703
1292	10	Explore	10	3	-0.4666	0.1703
1293	10	Explore	10	3	-0.4665	0.1703
1294	10	Explore	10	3	-0.4665	0.1703
1295	10	Explore	10	3	-0.4665	0.1702
1296	10	Explore	10	3	-0.4665	0.1702
1297	10	Explore	10	3	-0.4665	0.1702
1298	10	Explore	10	3	-0.4664	0.1702
1299	10	Explore	10	3	-0.4663	0.1702
1300	10	Explore	10	3	-0.4660	0.1702
1301	10	Explore	10	3	-0.4655	0.1702
1302	10	Explore	10	3	-0.4649	0.1702
1303	10	Explore	10	3	-0.4644	0.1702
1304	10	Explore	10	3	-0.4640	0.1702
1305	10	Explore	10	3	-0.4636	0.1702
1306	10	Explore	10	3	-0.4633	0.1702
1307	10	Explore	10	3	-0.4630	0.1702
1308	10	Explore	10	3	-0.4629	0.1702
1309	10	Explore	10	3	-0.4629	0.1702
1310	10	Explore	10	3	-0.4620	0.1678
1311	10	Explore	10	3	-0.4611	0.1653
1312	10	Explore	10	3	-0.4602	0.1628
1313	10	Explore	10	3	-0.4593	0.1604
1314	10	Explore	10	3	-0.4584	0.1579
1315	10	Explore	10	3	-0.4576	0.1554
1316	10	Explore	10	3	-0.4567	0.1530
1317	10	Explore	10	3	-0.4558	0.1505
1318	10	Explore	10	3	-0.4549	0.1480
1319	10	Explore	10	3	-0.4540	0.1455
1320	10	Explore	10	3	-0.4531	0.1431
1321	10	Explore	10	3	-0.4522	0.1406
1322	10	Explore	10	3	-0.4513	0.1381
1323	10	Explore	10	3	-0.4504	0.1357
1324	10	Explore	10	3	-0.4496	0.1332
1325	10	Explore	10	3	-0.4487	0.1307
1326	10	Explore	10	3	-0.4478	0.1283
1327	10	Explore	10	3	-0.4469	0.1258
1328	10	Explore	10	3	-0.4460	0.1233
1329	10	Explore	10	3	-0.4451	0.1208
1330	10	Explore	10	3	-0.4442	0.1184
1331	10	Explore	10	3	-0.4433	0.1159
1332	10	Explore	10	3	-0.4424	0.1134
1333	10	Explore	10	3	-0.4424	0.1134
1334	10	Explore	10	3	-0.4424	0.1135
1335	10	Explore	10	3	-0.4424	0.1135
1336	10	Explore	10	3	-0.4424	0.1135
1337	10	Explore	10	3	-0.4424	0.1135
1338	10	Explore	10	3	-0.4423	0.1135
1339	10	Explore	10	3	-0.4423	0.1135
1340	10	Explore	10	3	-0.4423	0.1136
1341	10	Hide	10	3	-0.4423	0.1136
1342	11	Hide	9	4	-0.4423	0.1136
1343	11	Hide	9	4	-0.4407	0.1115
1344	11	Hide	9	4	-0.4391	0.1094
1345	11	Hide	9	4	-0.4375	0.1073
1346	11	Hide	9	4	-0.4359	0.1052
1347	11	Hide	9	4	-0.4343	0.1032
1348	11	Hide	9	4	-0.4327	0.1011
1349	11	Hide	9	4	-0.4311	0.0990
1350	11	Hide	9	4	-0.4295	0.0969
1351	11	Hide	9	4	-0.4279	0.0949
1352	11	Hide	9	4	-0.4263	0.0928
1353	11	Hide	9	4	-0.4247	0.0907
1354	11	Hide	9	4	-0.4231	0.0886
1355	11	Hide	9	4	-0.4215	0.0865
1356	11	Hide	9	4	-0.4198	0.0845
1357	11	Hide	9	4	-0.4182	0.0824
1358	11	Hide	9	4	-0.4166	0.0803
1359	11	Hide	9	4	-0.4150	0.0782
1360	11	Hide	9	4	-0.4134	0.0762
1361	11	Hide	9	4	-0.4118	0.0741
1362	11	Hide	9	4	-0.4102	0.0720
1363	11	Hide	9	4	-0.4086	0.0699
1364	11	Hide	9	4	-0.4070	0.0678
1365	11	Hide	9	4	-0.4054	0.0658
1366	11	Hide	9	4	-0.4038	0.0637
1367	11	Hide	9	4	-0.4022	0.0616
1368	11	Hide	9	4	-0.4006	0.0595
1369	11	Hide	9	4	-0.3990	0.0575
1370	11	Hide	9	4	-0.3974	0.0554
1371	11	Hide	9	4	-0.3958	0.0533
1372	11	Hide	9	4	-0.3942	0.0512
1373	11	Hide	9	4	-0.3926	0.0491
1374	11	Hide	9	4	-0.3910	0.0471
1375	11	Hide	9	4	-0.3894	0.0450
1376	11	Hide	9	4	-0.3878	0.0429
1377	11	Hide	9	4	-0.3862	0.0408
1378	11	Hide	9	4	-0.3846	0.0388
1379	11	Hide	9	4	-0.3830	0.0367
1380	11	Hide	9	4	-0.3814	0.0346
1381	11	Hide	9	4	-0.3797	0.0325
1382	11	Hide	9	4	-0.3781	0.0304
1383	11	Hide	9	4	-0.3765	0.0284
1384	11	Hide	9	4	-0.3749	0.0263
1385	11	Hide	9	4	-0.3733	0.0242
1386	11	Hide	9	4	-0.3717	0.0221
1387	11	Hide	9	4	-0.3701	0.0201
1388	11	Hide	9	4	-0.3685	0.0180
1389	11	Hide	9	4	-0.3669	0.0159
1390	11	Hide	9	4	-0.3653	0.0138
1391	11	Hide	9	4	-0.3637	0.0117
1392	11	Hide	9	4	-0.3621	0.0097
1393	11	Hide	9	4	-0.3605	0.0076
1394	11	Hide	9	4	-0.3589	0.0055
1395	11	Hide	9	4	-0.3573	0.0034
1396	11	Hide	9	4	-0.3557	0.0014
1397	11	Hide	9	4	-0.3541	-0.0007
1398	11	Hide	9	4	-0.3525	-0.0028
1399	11	Hide	9	4	-0.3509	-0.0049
1400	11	Hide	9	4	-0.3493	-0.0070
1401	11	Hide	9	4	-0.3477	-0.0090
1402	11	Hide	9	4	-0.3461	-0.0111
1403	11	Hide	9	4	-0.3445	-0.0132
1404	11	Hide	9	4	-0.3429	-0.0153
1405	11	Hide	9	4	-0.3413	-0.0173
1406	11	Hide	9	4	-0.3396	-0.0194
1407	11	Hide	9	4	-0.3380	-0.0215
1408	11	Hide	9	4	-0.3364	-0.0236
1409	11	Hide	9	4	-0.3348	-0.0257
1410	11	Hide	9	4	-0.3332	-0.0277
1411	11	Hide	9	4	-0.3316	-0.0298
1412	11	Hide	9	4	-0.3300	-0.0319
1413	11	Hide	9	4	-0.3284	-0.0340
1414	11	Hide	9	4	-0.3268	-0.0360
1415	11	Hide	9	4	-0.3252	-0.0381
1416	11	Hide	9	4	-0.3236	-0.0402
1417	11	Hide	9	4	-0.3220	-0.0423
1418	11	Hide	9	4	-0.3204	-0.0443
1419	11	Hide	9	4	-0.3188	-0.0464
1420	11	Hide	9	4	-0.3172	-0.0485
1421	11	Hide	9	4	-0.3156	-0.0506
1422	11	Hide	9	4	-0.3140	-0.0527
1423	11	Hide	9	4	-0.3124	-0.0547
1424	11	Hide	9	4	-0.3108	-0.0568
1425	11	Hide	9	4	-0.3092	-0.0589
1426	11	Hide	9	4	-0.3076	-0.0610
1427	11	Hide	9	4	-0.3060	-0.0630
1428	11	Hide	9	4	-0.3044	-0.0651
1429	11	Hide	9	4	-0.3028	-0.0672
1430	11	Hide	9	4	-0.3011	-0.0693
1431	11	Hide	9	4	-0.2995	-0.0714
1432	11	Hide	9	4	-0.2979	-0.0734
1433	11	Hide	9	4	-0.2963	-0.0755
1434	11	Hide	9	4	-0.2947	-0.0776
1435	11	Hide	9	4	-0.2931	-0.0797
1436	11	Hide	9	4	-0.2915	-0.0817
1437	11	Hide	9	4	-0.2899	-0.0838
1438	11	Hide	9	4	-0.2883	-0.0859
1439	11	Hide	9	4	-0.2867	-0.0880
1440	11	Hide	9	4	-0.2851	-0.0901
1441	11	Hide	9	4	-0.2835	-0.0921
1442	11	Hide	9	4	-0.2819	-0.0942
1443	11	Hide	9	4	-0.2803	-0.0963
1444	11	Hide	9	4	-0.2787	-0.0984
1445	11	Hide	9	4	-0.2771	-0.1004
1446	11	Hide	9	4	-0.2755	-0.1025
1447	11	Hide	9	4	-0.2739	-0.1046
1448	11	Hide	9	4	-0.2723	-0.1067
1449	11	Hide	9	4	-0.2707	-0.1088
1450	11	Hide	9	4	-0.2691	-0.1108
1451	11	Hide	9	4	-0.2675	-0.1129
1452	11	Hide	9	4	-0.2659	-0.1150
1453	11	Hide	9	4	-0.2643	-0.1171
1454	11	Hide	9	4	-0.2626	-0.1191
1455	11	Hide	9	4	-0.2610	-0.1212
1456	11	Hide	9	4	-0.2594	-0.1233
1457	11	Hide	9	4	-0.2578	-0.1254
1458	11	Hide	9	4	-0.2562	-0.1275
1459	11	Hide	9	4	-0.2546	-0.1295
1460	11	Hide	9	4	-0.2530	-0.1316
1461	11	Hide	9	4	-0.2514	-0.1337
1462	11	Hide	9	4	-0.2498	-0.1358
1463	11	Hide	9	4	-0.2482	-0.1378
1464	11	Hide	9	4	-0.2466	-0.1399
1465	11	Hide	9	4	-0.2450	-0.1420
1466	11	Hide	9	4	-0.2434	-0.1441
1467	11	Hide	9	4	-0.2418	-0.1461
1468	11	Hide	9	4	-0.2402	-0.1482
1469	11	Hide	9	4	-0.2386	-0.1503
1470	11	Hide	9	4	-0.2370	-0.1524
1471	11	Hide	9	4	-0.2354	-0.1545
1472	11	Hide	9	4	-0.2338	-0.1565
1473	11	Hide	9	4	-0.2322	-0.1586
1474	11	Hide	9	4	-0.2306	-0.1607
1475	11	Hide	9	4	-0.2290	-0.1628
1476	11	Hide	9	4	-0.2274	-0.1648
1477	11	Hide	9	4	-0.2258	-0.1669
1478	11	Hide	9	4	-0.2241	-0.1690
1479	11	Hide	9	4	-0.2225	-0.1711
1480	11	Hide	9	4	-0.2209	-0.1732
1481	11	Hide	9	4	-0.2193	-0.1752
1482	11	Hide	9	4	-0.2177	-0.1773
1483	11	Hide	9	4	-0.2161	-0.1794
1484	11	Hide	9	4	-0.2145	-0.1815
1485	11	Hide	9	4	-0.2129	-0.1835
1486	11	Hide	9	4	-0.2113	-0.1856
1487	11	Hide	9	4	-0.2097	-0.1877
1488	11	Hide	9	4	-0.2081	-0.1898
1489	11	Hide	9	4	-0.2065	-0.1919
1490	11	Hide	9	4	-0.2049	-0.1939
1491	11	Hide	9	4	-0.2033	-0.1960
1492	11	Hide	9	4	-0.2017	-0.1981
1493	11	Hide	9	4	-0.2001	-0.2002
1494	11	Hide	9	4	-0.1985	-0.2022
1495	11	Hide	9	4	-0.1969	-0.2043
1496	11	Hide	9	4	-0.1953	-0.2064
1497	11	Hide	9	4	-0.1937	-0.2085
1498	11	Hide	9	4	-0.1921	-0.2106
1499	11	Hide	9	4	-0.1905	-0.2126
1500	11	Hide	9	4	-0.1889	-0.2147
1501	11	Hide	9	4	-0.1873	-0.2168
1502	11	Hide	9	4	-0.1856	-0.2189
1503	11	Hide	9	4	-0.1840	-0.2209
1504	11	Hide	9	4	-0.1824	-0.2230
1505	11	Hide	9	4	-0.1808	-0.2251
1506	11	Hide	9	4	-0.1792	-0.2272
1507	11	Hide	9	4	-0.1776	-0.2292
1508	11	Hide	9	4	-0.1760	-0.2313
1509	11	Hide	9	4	-0.1744	-0.2334
1510	11	Hide	9	4	-0.1728	-0.2355
1511	11	Hide	9	4	-0.1712	-0.2376
1512	11	Hide	9	4	-0.1696	-0.2396
1513	11	Hide	9	4	-0.1680	-0.2417
1514	11	Hide	9	4	-0.1664	-0.2438
1515	11	Hide	9	4	-0.1648	-0.2459
1516	11	Hide	9	4	-0.1632	-0.2479
1517	11	Hide	9	4	-0.1616	-0.2500
1518	11	Hide	9	4	-0.1600	-0.2521
1519	11	Hide	9	4	-0.1584	-0.2542
1520	11	Hide	9	4	-0.1568	-0.2563
1521	11	Hide	9	4	-0.1552	-0.2583
1522	11	Hide	9	4	-0.1536	-0.2604
1523	11	Hide	9	4	-0.1520	-0.2625
1524	11	Hide	9	4	-0.1504	-0.2646
1525	11	Hide	9	4	-0.1487	-0.2666
1526	11	Hide	9	4	-0.1471	-0.2687
1527	11	Hide	9	4	-0.1455	-0.2708
1528	11	Hide	9	4	-0.1439	-0.2729
1529	11	Hide	9	4	-0.1423	-0.2749
1530	11	Hide	9	4	-0.1407	-0.2770
1531	11	Hide	9	4	-0.1391	-0.2791
1532	11	Hide	9	4	-0.1375	-0.2812
1533	11	Hide	9	4	-0.1359	-0.2833
1534	11	Hide	9	4	-0.1343	-0.2853
1535	11	Hide	9	4	-0.1327	-0.2874
1536	11	Hide	9	4	-0.1311	-0.2895
1537	11	Hide	9	4	-0.1295	-0.2916
1538	11	Hide	9	4	-0.1279	-0.2936
1539	11	Hide	9	4	-0.1263	-0.2957
1540	11	Hide	9	4	-0.1247	-0.2978
1541	11	Hide	9	4	-0.1231	-0.2999
1542	11	Hide	9	4	-0.1215	-0.3020
1543	11	Hide	9	4	-0.1199	-0.3040
1544	11	Hide	9	4	-0.1183	-0.3061
1545	11	Hide	9	4	-0.1167	-0.3082
1546	11	Hide	9	4	-0.1151	-0.3103
1547	11	Hide	9	4	-0.1135	-0.3123
1548	11	Hide	9	4	-0.1118	-0.3144
1549	11	Hide	9	4	-0.1102	-0.3165
1550	11	Hide	9	4	-0.1086	-0.3186
1551	11	Hide	9	4	-0.1070	-0.3207
1552	11	Hide	9	4	-0.1054	-0.3227
1553	11	Hide	9	4	-0.1038	-0.3248
1554	11	Hide	9	4	-0.1022	-0.3269
1555	11	Hide	9	4	-0.1006	-0.3290
1556	11	Hide	9	4	-0.0990	-0.3310
1557	11	Hide	9	4	-0.0974	-0.3331
1558	11	Hide	9	4	-0.0958	-0.3352
1559	11	Hide	9	4	-0.0942	-0.3373
1560	11	Hide	9	4	-0.0926	-0.3393
1561	11	Hide	9	4	-0.0910	-0.3414
1562	11	Hide	9	4	-0.0894	-0.3435
1563	11	Hide	9	4	-0.0878	-0.3456
1564	11	Hide	9	4	-0.0862	-0.3477
1565	11	Hide	9	4	-0.0846	-0.3497
1566	11	Hide	9	4	-0.0830	-0.3518
1567	11	Hide	9	4	-0.0814	-0.3539
1568	11	Hide	9	4	-0.0798	-0.3560
1569	11	Hide	9	4	-0.0782	-0.3580
1570	11	Hide	9	4	-0.0765	-0.3601
1571	11	Hide	9	4	-0.0749	-0.3622
1572	11	Hide	9	4	-0.0733	-0.3643
1573	11	Hide	9	4	-0.0717	-0.3664
1574	11	Hide	9	4	-0.0701	-0.3684
1575	11	Hide	9	4	-0.0685	-0.3705
1576	11	Hide	9	4	-0.0669	-0.3726
1577	11	Hide	9	4	-0.0653	-0.3747
1578	11	Hide	9	4	-0.0637	-0.3767
1579	11	Hide	9	4	-0.0621	-0.3788
1580	11	Hide	9	4	-0.0605	-0.3809
1581	11	Hide	9	4	-0.0589	-0.3830
1582	11	Hide	9	4	-0.0573	-0.3850
1583	11	Hide	9	4	-0.0557	-0.3871
1584	11	Hide	9	4	-0.0541	-0.3892
1585	11	Hide	9	4	-0.0525	-0.3913
1586	11	Hide	9	4	-0.0509	-0.3934
1587	11	Hide	9	4	-0.0493	-0.3954
1588	11	Hide	9	4	-0.0477	-0.3975
1589	11	Hide	9	4	-0.0461	-0.3996
1590	11	Hide	9	4	-0.0445	-0.4017
1591	11	Hide	9	4	-0.0429	-0.4037
1592	11	Hide	9	4	-0.0413	-0.4058
1593	11	Hide	9	4	-0.0396	-0.4079
1594	11	Hide	9	4	-0.0380	-0.4100
1595	11	Hide	9	4	-0.0364	-0.4121
1596	11	Hide	9	4	-0.0348	-0.4141
1597	11	Hide	9	4	-0.0332	-0.4162
1598	11	Hide	9	4	-0.0316	-0.4183
1599	11	Hide	9	4	-0.0300	-0.4204
1600	11	Hide	9	4	-0.0284	-0.4224
1601	11	Hide	9	4	-0.0268	-0.4245
1602	11	Hide	9	4	-0.0252	-0.4266
1603	11	Hide	9	4	-0.0236	-0.4287
1604	11	Hide	9	4	-0.0220	-0.4307
1605	11	Hide	9	4	-0.0204	-0.4328
1606	11	Hide	9	4	-0.0188	-0.4349
1607	11	Hide	9	4	-0.0172	-0.4370
1608	11	Hide	9	4	-0.0156	-0.4391
1609	11	Hide	9	4	-0.0140	-0.4411
1610	11	Hide	9	4	-0.0124	-0.4432
1611	11	Hide	9	4	-0.0108	-0.4453
1612	11	Hide	9	4	-0.0092	-0.4474
1613	11	Hide	9	4	-0.0076	-0.4494
1614	11	Hide	9	4	-0.0060	-0.4515
1615	11	Hide	9	4	-0.0043	-0.4536
1616	11	Hide	9	4	-0.0027	-0.4557
1617	11	Hide	9	4	-0.0011	-0.4578
1618	11	Hide	9	4	0.0005	-0.4598
1619	11	Hide	9	4	0.0021	-0.4619
1620	11	Hide	9	4	0.0037	-0.4640
1621	11	Hide	9	4	0.0053	-0.4661
1622	11	Hide	9	4	0.0069	-0.4681
1623	11	Hide	9	4	0.0069	-0.4681
1624	11	Hide	9	4	0.0069	-0.4681
1625	11	Hide	9	4	0.0069	-0.4681
1626	11	Hide	9	4	0.0069	-0.4681
1627	11	Hide	9	4	0.0069	-0.4681
1628	11	Hide	9	4	0.0069	-0.4681
1629	11	Hide	9	4	0.0069	-0.4681
1630	11	Hide	9	4	0.0069	-0.4681
1631	11	Hide	9	4	0.0069	-0.4681
1632	11	Hide	9	4	0.0069	-0.4681
1633	11	Hide	9	4	0.0069	-0.4681
1634	11	Hide	9	4	0.0069	-0.4681
1635	11	Hide	9	4	0.0069	-0.4681
1636	11	Hide	9	4	0.0069	-0.4681
1637	11	Hide	9	4	0.0069	-0.4681
1638	11	Hide	9	4	0.0069	-0.4681
1639	11	Hide	9	4	0.0069	-0.4681
1640	11	Hide	9	4	0.0069	-0.4681
1641	11	Hide	9	4	0.0069	-0.4681
1642	11	Hide	9	4	0.0069	-0.4681
1643	11	Hide	9	4	0.0069	-0.4681
1644	11	Hide	9	4	0.0069	-0.4681
1645	11	Hide	9	4	0.0069	-0.4681
1646	11	Hide	9	4	0.0069	-0.4681
1647	11	Hide	9	4	0.0069	-0.4681
1648	11	Hide	9	4	0.0069	-0.4681
1649	11	Hide	9	4	0.0069	-0.4681
1650	11	Hide	9	4	0.0069	-0.4681
1651	11	Hide	9	4	0.0069	-0.4681
1652	11	Hide	9	4	0.0069	-0.4681
1653	11	Hide	9	4	0.0069	-0.4681
1654	11	Hide	9	4	0.0069	-0.4681
1655	11	Hide	9	4	0.0069	-0.4681
1656	11	Hide	9	4	0.0069	-0.4681
1657	11	Hide	9	4	0.0069	-0.4681
1658	11	Hide	9	4	0.0069	-0.4681
1659	11	Hide	9	4	0.0069	-0.4681
1660	11	Hide	9	4	0.0069	-0.4681
1661	11	Hide	9	4	0.0069	-0.4681
1662	11	Hide	9	4	0.0069	-0.4681
1663	11	Hide	9	4	0.0069	-0.4681
1664	11	Hide	9	4	0.0069	-0.4681
1665	11	Hide	9	4	0.0069	-0.4681
1666	11	Hide	9	4	0.0069	-0.4681
1667	11	Hide	9	4	0.0069	-0.4681
1668	11	Hide	9	4	0.0069	-0.4681
1669	11	Hide	9	4	0.0069	-0.4681
1670	11	Hide	9	4	0.0069	-0.4681
1671	11	Hide	9	4	0.0069	-0.4681
1672	11	Hide	9	4	0.0069	-0.4681
1673	11	Hide	9	4	0.0069	-0.4681
1674	11	Hide	9	4	0.0069	-0.4681
1675	11	Hide	9	4	0.0069	-0.4681
1676	11	Hide	9	4	0.0069	-0.4681
1677	11	Hide	9	4	0.0069	-0.4681
1678	11	Hide	9	4	0.0069	-0.4681
1679	11	Hide	9	4	0.0069	-0.4681
1680	11	Hide	9	4	0.0069	-0.4681
1681	11	Hide	9	4	0.0069	-0.4681
1682	11	Hide	9	4	0.0069	-0.4681
1683	11	Hide	9	4	0.0069	-0.4681
1684	11	Hide	9	4	0.0069	-0.4681
1685	11	Hide	9	4	0.0069	-0.4681
1686	11	Hide	9	4	0.0069	-0.4681
1687	11	Hide	9	4	0.0069	-0.4681
1688	11	Hide	9	4	0.0069	-0.4681
1689	11	Hide	9	4	0.0069	-0.4681
1690	11	Hide	9	4	0.0069	-0.4681
1691	11	Hide	9	4	0.0069	-0.4681
1692	11	Hide	9	4	0.0069	-0.4681
1693	11	Hide	9	4	0.0069	-0.4681
1694	11	Hide	9	4	0.0069	-0.4681
1695	11	Hide	9	4	0.0069	-0.4681
1696	11	Hide	9	4	0.0069	-0.4681
1697	11	Hide	9	4	0.0069	-0.4681
1698	11	Hide	9	4	0.0069	-0.4681
1699	11	Hide	9	4	0.0069	-0.4681
1700	11	Hide	9	4	0.0069	-0.4681
1701	11	Hide	9	4	0.0069	-0.4681
1702	11	Hide	9	4	0.0069	-0.4681
1703	11	Hide	9	4	0.0069	-0.4681
1704	11	Hide	9	4	0.0069	-0.4681
1705	11	Hide	9	4	0.0069	-0.4681
1706	11	Hide	9	4	0.0069	-0.4681
1707	11	Hide	9	4	0.0069	-0.4681
1708	11	Hide	9	4	0.0069	-0.4681
1709	11	Hide	9	4	0.0069	-0.4681
1710	11	Hide	9	4	0.0069	-0.4681
1711	11	Hide	9	4	0.0069	-0.4681
1712	11	Hide	9	4	0.0069	-0.4681
1713	11	Hide	9	4	0.0069	-0.4681
1714	11	Hide	9	4	0.0069	-0.4681
1715	11	Hide	9	4	0.0069	-0.4681
1716	11	Hide	9	4	0.0069	-0.4681
1717	11	Hide	9	4	0.0069	-0.4681
1718	11	Hide	9	4	0.0069	-0.4681
1719	11	Hide	9	4	0.0069	-0.4681
1720	11	Hide	9	4	0.0069	-0.4681
1721	11	Hide	9	4	0.0069	-0.4681
1722	11	Explore	9	4	0.0069	-0.4681
1723	12	Explore	8	5	0.0069	-0.4681
1724	12	Explore	8	5	0.0069	-0.4681
1725	12	Explore	8	5	0.0069	-0.4681
1726	12	Explore	8	5	0.0069	-0.4681
1727	12	Explore	8	5	0.0070	-0.4681
1728	12	Explore	8	5	0.0070	-0.4681
1729	12	Explore	8	5	0.0070	-0.4680
1730	12	Explore	8	5	0.0070	-0.4680
1731	12	Explore	8	5	0.0070	-0.4680
1732	12	Explore	8	5	0.0070	-0.4680
1733	12	Explore	8	5	0.0070	-0.4680
1734	12	Explore	8	5	0.0071	-0.4679
1735	12	Explore	8	5	0.0071	-0.4679
1736	12	Explore	8	5	0.0071	-0.4679
1737	12	Explore	8	5	0.0071	-0.4679
1738	12	Explore	8	5	0.0071	-0.4679
1739	12	Explore	8	5	0.0071	-0.4678
1740	12	Explore	8	5	0.0071	-0.4678
1741	12	Explore	8	5	0.0072	-0.4678
1742	12	Explore	8	5	0.0072	-0.4674
1743	12	Explore	8	5	0.0072	-0.4670
1744	12	Explore	8	5	0.0072	-0.4666
1745	12	Explore	8	5	0.0072	-0.4662
1746	12	Explore	8	5	0.0072	-0.4658
1747	12	Explore	8	5	0.0072	-0.4652
1748	12	Explore	8	5	0.0072	-0.4647
1749	12	Explore	8	5	0.0072	-0.4643
1750	12	Explore	8	5	0.0072	-0.4639
1751	12	Explore	8	5	0.0072	-0.4635
1752	12	Explore	8	5	0.0071	-0.4632
1753	12	Explore	8	5	0.0071	-0.4630
1754	12	Explore	8	5	0.0071	-0.4629
1755	12	Explore	8	5	0.0096	-0.4621
1756	12	Explore	8	5	0.0121	-0.4613
1757	12	Explore	8	5	0.0146	-0.4604
1758	12	Explore	8	5	0.0171	-0.4596
1759	12	Explore	8	5	0.0196	-0.4588
1760	12	Explore	8	5	0.0221	-0.4579
1761	12	Explore	8	5	0.0246	-0.4571
1762	12	Explore	8	5	0.0271	-0.4563
1763	12	Explore	8	5	0.0295	-0.4555
1764	12	Explore	8	5	0.0320	-0.4546
1765	12	Explore	8	5	0.0345	-0.4538
1766	12	Explore	8	5	0.0370	-0.4530
1767	12	Explore	8	5	0.0395	-0.4521
1768	12	Explore	8	5	0.0420	-0.4513
1769	12	Explore	8	5	0.0445	-0.4505
1770	12	Explore	8	5	0.0470	-0.4496
1771	12	Explore	8	5	0.0495	-0.4488
1772	12	Explore	8	5	0.0520	-0.4480
1773	12	Explore	8	5	0.0545	-0.4472
1774	12	Explore	8	5	0.0569	-0.4463
1775	12	Explore	8	5	0.0594	-0.4455
1776	12	Explore	8	5	0.0619	-0.4447
1777	12	Explore	8	5	0.0644	-0.4438
1778	12	Explore	8	5	0.0669	-0.4430
1779	12	Explore	8	5	0.0694	-0.4422
1780	12	Explore	8	5	0.0719	-0.4414
1781	12	Explore	8	5	0.0744	-0.4405
1782	12	Explore	8	5	0.0769	-0.4397
1783	12	Explore	8	5	0.0794	-0.4389
1784	12	Explore	8	5	0.0818	-0.4380
1785	12	Explore	8	5	0.0843	-0.4372
1786	12	Explore	8	5	0.0868	-0.4364
1787	12	Explore	8	5	0.0893	-0.4355
1788	12	Explore	8	5	0.0893	-0.4355
1789	12	Explore	8	5	0.0893	-0.4355
1790	12	Explore	8	5	0.0893	-0.4355
1791	12	Explore	8	5	0.0893	-0.4355
1792	12	Explore	8	5	0.0893	-0.4354
1793	12	Explore	8	5	0.0892	-0.4354
1794	12	Explore	8	5	0.0892	-0.4354
1795	12	Explore	8	5	0.0892	-0.4354
1796	12	Explore	8	5	0.0892	-0.4354
1797	12	Explore	8	5	0.0892	-0.4354
1798	12	Explore	8	5	0.0892	-0.4353
1799	12	Explore	8	5	0.0892	-0.4353
1800	12	Explore	8	5	0.0891	-0.4353
1801	12	Explore	8	5	0.0909	-0.4334
1802	12	Explore	8	5	0.0927	-0.4315
1803	12	Explore	8	5	0.0945	-0.4295
1804	12	Explore	8	5	0.0963	-0.4276
1805	12	Explore	8	5	0.0980	-0.4257
1806	12	Explore	8	5	0.0998	-0.4237
1807	12	Explore	8	5	0.1016	-0.4218
1808	12	Explore	8	5	0.1034	-0.4199
1809	12	Explore	8	5	0.1051	-0.4179
1810	12	Explore	8	5	0.1069	-0.4160
1811	12	Explore	8	5	0.1087	-0.4141
1812	12	Explore	8	5	0.1105	-0.4121
1813	12	Explore	8	5	0.1123	-0.4102
1814	12	Explore	8	5	0.1140	-0.4083
1815	12	Explore	8	5	0.1158	-0.4064
1816	12	Explore	8	5	0.1176	-0.4044
1817	12	Explore	8	5	0.1194	-0.4025
1818	12	Explore	8	5	0.1211	-0.4006
1819	12	Explore	8	5	0.1229	-0.3986
1820	12	Explore	8	5	0.1247	-0.3967
1821	12	Explore	8	5	0.1265	-0.3948
1822	12	Explore	8	5	0.1283	-0.3928
1823	12	Explore	8	5	0.1282	-0.3928
1824	12	Explore	8	5	0.1282	-0.3928
1825	12	Explore	8	5	0.1282	-0.3928
1826	12	Explore	8	5	0.1282	-0.3928
1827	12	Explore	8	5	0.1282	-0.3928
1828	12	Explore	8	5	0.1282	-0.3927
1829	12	Explore	8	5	0.1281	-0.3927
1830	12	Explore	8	5	0.1281	-0.3927
1831	12	Explore	8	5	0.1281	-0.3927
1832	12	Explore	8	5	0.1281	-0.3927
1833	12	Explore	8	5	0.1281	-0.3927
1834	12	Explore	8	5	0.1280	-0.3927
1835	12	Explore	8	5	0.1280	-0.3926
1836	12	Explore	8	5	0.1280	-0.3926
1837	12	Explore	8	5	0.1280	-0.3926
1838	12	Explore	8	5	0.1280	-0.3926
1839	12	Explore	8	5	0.1283	-0.3900
1840	12	Explore	8	5	0.1286	-0.3874
1841	12	Explore	8	5	0.1289	-0.3848
1842	12	Explore	8	5	0.1292	-0.3822
1843	12	Explore	8	5	0.1296	-0.3796
1844	12	Explore	8	5	0.1299	-0.3770
1845	12	Explore	8	5	0.1302	-0.3744
1846	12	Explore	8	5	0.1305	-0.3718
1847	12	Explore	8	5	0.1308	-0.3692
1848	12	Explore	8	5	0.1312	-0.3666
1849	12	Explore	8	5	0.1315	-0.3639
1850	12	Explore	8	5	0.1318	-0.3613
1851	12	Explore	8	5	0.1321	-0.3587
1852	12	Explore	8	5	0.1324	-0.3561
1853	12	Explore	8	5	0.1328	-0.3535
1854	12	Explore	8	5	0.1328	-0.3535
1855	12	Explore	8	5	0.1328	-0.3535
1856	12	Explore	8	5	0.1328	-0.3536
1857	12	Explore	8	5	0.1328	-0.3536
1858	12	Explore	8	5	0.1329	-0.3536
1859	12	Explore	8	5	0.1329	-0.3536
1860	12	Explore	8	5	0.1329	-0.3536
1861	12	Explore	8	5	0.1329	-0.3537
1862	12	Explore	8	5	0.1329	-0.3537
1863	12	Explore	8	5	0.1330	-0.3537
1864	12	Explore	8	5	0.1330	-0.3537
1865	12	Explore	8	5	0.1330	-0.3537
1866	12	Explore	8	5	0.1330	-0.3538
1867	12	Explore	8	5	0.1330	-0.3538
1868	12	Explore	8	5	0.1330	-0.3538
1869	12	Explore	8	5	0.1331	-0.3538
1870	12	Explore	8	5	0.1331	-0.3538
1871	12	Explore	8	5	0.1331	-0.3538
1872	12	Explore	8	5	0.1331	-0.3538
1873	12	Explore	8	5	0.1331	-0.3539
1874	12	Explore	8	5	0.1331	-0.3539
1875	12	Explore	8	5	0.1352	-0.3523
1876	12	Explore	8	5	0.1374	-0.3508
1877	12	Explore	8	5	0.1395	-0.3492
1878	12	Explore	8	5	0.1416	-0.3477
1879	12	Explore	8	5	0.1437	-0.3461
1880	12	Explore	8	5	0.1458	-0.3446
1881	12	Explore	8	5	0.1480	-0.3430
1882	12	Explore	8	5	0.1501	-0.3415
1883	12	Explore	8	5	0.1522	-0.3399
1884	12	Explore	8	5	0.1543	-0.3384
1885	12	Explore	8	5	0.1564	-0.3369
1886	12	Explore	8	5	0.1586	-0.3353
1887	12	Explore	8	5	0.1607	-0.3338
1888	12	Explore	8	5	0.1628	-0.3322
1889	12	Explore	8	5	0.1649	-0.3307
1890	12	Explore	8	5	0.1670	-0.3291
1891	12	Explore	8	5	0.1692	-0.3276
1892	12	Explore	8	5	0.1713	-0.3260
1893	12	Explore	8	5	0.1734	-0.3245
1894	12	Explore	8	5	0.1755	-0.3229
1895	12	Explore	8	5	0.1776	-0.3214
1896	12	Explore	8	5	0.1798	-0.3198
1897	12	Explore	8	5	0.1819	-0.3183
1898	12	Explore	8	5	0.1840	-0.3167
1899	12	Explore	8	5	0.1840	-0.3167
1900	12	Explore	8	5	0.1840	-0.3168
1901	12	Explore	8	5	0.1841	-0.3168
1902	12	Explore	8	5	0.1841	-0.3168
1903	12	Explore	8	5	0.1841	-0.3168
1904	12	Explore	8	5	0.1841	-0.3168
1905	12	Explore	8	5	0.1841	-0.3169
1906	12	Explore	8	5	0.1842	-0.3169
1907	12	Explore	8	5	0.1842	-0.3169
1908	12	Explore	8	5	0.1842	-0.3169
1909	12	Explore	8	5	0.1842	-0.3169
1910	12	Explore	8	5	0.1842	-0.3170
1911	12	Explore	8	5	0.1843	-0.3170
1912	12	Explore	8	5	0.1843	-0.3170
1913	12	Explore	8	5	0.1843	-0.3170
1914	12	Explore	8	5	0.1843	-0.3170
1915	12	Explore	8	5	0.1843	-0.3171
1916	12	Explore	8	5	0.1843	-0.3171
1917	12	Explore	8	5	0.1843	-0.3171
1918	12	Explore	8	5	0.1842	-0.3171
1919	12	Explore	8	5	0.1868	-0.3175
1920	12	Explore	8	5	0.1894	-0.3179
1921	12	Explore	8	5	0.1920	-0.3183
1922	12	Explore	8	5	0.1946	-0.3187
1923	12	Explore	8	5	0.1972	-0.3191
1924	12	Explore	8	5	0.1998	-0.3194
1925	12	Explore	8	5	0.2024	-0.3198
1926	12	Explore	8	5	0.2050	-0.3202
1927	12	Explore	8	5	0.2076	-0.3206
1928	12	Explore	8	5	0.2102	-0.3210
1929	12	Explore	8	5	0.2128	-0.3214
1930	12	Explore	8	5	0.2154	-0.3218
1931	12	Explore	8	5	0.2180	-0.3222
1932	12	Explore	8	5	0.2206	-0.3226
1933	12	Explore	8	5	0.2232	-0.3229
1934	12	Explore	8	5	0.2258	-0.3233
1935	12	Explore	8	5	0.2284	-0.3237
1936	12	Explore	8	5	0.2310	-0.3241
1937	12	Explore	8	5	0.2336	-0.3245
1938	12	Explore	8	5	0.2362	-0.3249
1939	12	Explore	8	5	0.2388	-0.3253
1940	12	Explore	8	5	0.2413	-0.3257
1941	12	Explore	8	5	0.2439	-0.3261
1942	12	Explore	8	5	0.2465	-0.3264
1943	12	Explore	8	5	0.2491	-0.3268
1944	12	Explore	8	5	0.2517	-0.3272
1945	12	Explore	8	5	0.2543	-0.3276
1946	12	Explore	8	5	0.2569	-0.3280
1947	12	Explore	8	5	0.2595	-0.3284
1948	12	Explore	8	5	0.2621	-0.3288
1949	12	Explore	8	5	0.2647	-0.3292
1950	12	Explore	8	5	0.2673	-0.3296
1951	12	Explore	8	5	0.2699	-0.3299
1952	12	Explore	8	5	0.2725	-0.3303
1953	12	Explore	8	5	0.2751	-0.3307
1954	12	Explore	8	5	0.2777	-0.3311
1955	12	Explore	8	5	0.2803	-0.3315
1956	12	Explore	8	5	0.2829	-0.3319
1957	12	Explore	8	5	0.2855	-0.3323
1958	12	Explore	8	5	0.2881	-0.3327
1959	12	Explore	8	5	0.2907	-0.3330
1960	12	Explore	8	5	0.2933	-0.3334
1961	12	Explore	8	5	0.2933	-0.3334
1962	12	Explore	8	5	0.2933	-0.3334
1963	12	Explore	8	5	0.2933	-0.3334
1964	12	Explore	8	5	0.2933	-0.3334
1965	12	Explore	8	5	0.2933	-0.3333
1966	12	Explore	8	5	0.2933	-0.3333
1967	12	Explore	8	5	0.2933	-0.3333
1968	12	Explore	8	5	0.2933	-0.3333
1969	12	Explore	8	5	0.2933	-0.3333
1970	12	Explore	8	5	0.2932	-0.3332
1971	12	Explore	8	5	0.2932	-0.3332
1972	12	Explore	8	5	0.2932	-0.3332
1973	12	Explore	8	5	0.2932	-0.3332
1974	12	Explore	8	5	0.2932	-0.3332
1975	12	Explore	8	5	0.2932	-0.3331
1976	12	Explore	8	5	0.2931	-0.3331
1977	12	Explore	8	5	0.2931	-0.3331
1978	12	Explore	8	5	0.2931	-0.3331
1979	12	Explore	8	5	0.2931	-0.3331
1980	12	Explore	8	5	0.2931	-0.3330
1981	12	Explore	8	5	0.2931	-0.3330
1982	12	Explore	8	5	0.2931	-0.3330
1983	12	Explore	8	5	0.2930	-0.3330
1984	12	Explore	8	5	0.2950	-0.3312
1985	12	Explore	8	5	0.2969	-0.3294
1986	12	Explore	8	5	0.2988	-0.3277
1987	12	Explore	8	5	0.3008	-0.3259
1988	12	Explore	8	5	0.3027	-0.3241
1989	12	Explore	8	5	0.3046	-0.3223
1990	12	Explore	8	5	0.3066	-0.3205
1991	12	Explore	8	5	0.3085	-0.3188
1992	12	Explore	8	5	0.3104	-0.3170
1993	12	Explore	8	5	0.3123	-0.3152
1994	12	Explore	8	5	0.3143	-0.3134
1995	12	Explore	8	5	0.3162	-0.3117
1996	12	Explore	8	5	0.3181	-0.3099
1997	12	Explore	8	5	0.3201	-0.3081
1998	12	Explore	8	5	0.3220	-0.3063
1999	12	Explore	8	5	0.3239	-0.3045
2000	12	Explore	8	5	0.3259	-0.3028
2001	12	Explore	8	5	0.3278	-0.3010
2002	12	Explore	8	5	0.3297	-0.2992
2003	12	Explore	8	5	0.3297	-0.2992
2004	12	Explore	8	5	0.3298	-0.2992
2005	12	Explore	8	5	0.3298	-0.2992
2006	12	Explore	8	5	0.3298	-0.2993
2007	12	Explore	8	5	0.3298	-0.2993
2008	12	Explore	8	5	0.3298	-0.2993
2009	12	Explore	8	5	0.3298	-0.2993
2010	12	Explore	8	5	0.3298	-0.2993
2011	12	Explore	8	5	0.3298	-0.2993
2012	12	Explore	8	5	0.3299	-0.2994
2013	12	Explore	8	5	0.3299	-0.2994
2014	12	Explore	8	5	0.3324	-0.2986
2015	12	Explore	8	5	0.3349	-0.2977
2016	12	Explore	8	5	0.3374	-0.2969
2017	12	Explore	8	5	0.3398	-0.2961
2018	12	Explore	8	5	0.3423	-0.2953
2019	12	Explore	8	5	0.3448	-0.2945
2020	12	Explore	8	5	0.3473	-0.2937
2021	12	Explore	8	5	0.3498	-0.2928
2022	12	Explore	8	5	0.3523	-0.2920
2023	12	Explore	8	5	0.3548	-0.2912
2024	12	Explore	8	5	0.3573	-0.2904
2025	12	Explore	8	5	0.3598	-0.2896
2026	12	Explore	8	5	0.3623	-0.2887
2027	12	Explore	8	5	0.3648	-0.2879
2028	12	Explore	8	5	0.3673	-0.2871
2029	12	Explore	8	5	0.3698	-0.2863
2030	12	Explore	8	5	0.3723	-0.2855
2031	12	Explore	8	5	0.3748	-0.2846
2032	12	Explore	8	5	0.3773	-0.2838
2033	12	Explore	8	5	0.3798	-0.2830
2034	12	Explore	8	5	0.3822	-0.2822
2035	12	Explore	8	5	0.3847	-0.2814
2036	12	Explore	8	5	0.3872	-0.2806
2037	12	Explore	8	5	0.3897	-0.2797
2038	12	Explore	8	5	0.3922	-0.2789
2039	12	Explore	8	5	0.3947	-0.2781
2040	12	Explore	8	5	0.3972	-0.2773
2041	12	Explore	8	5	0.3997	-0.2765
2042	12	Explore	8	5	0.4022	-0.2756
2043	12	Explore	8	5	0.4047	-0.2748
2044	12	Explore	8	5	0.4072	-0.2740
2045	12	Explore	8	5	0.4097	-0.2732
2046	12	Explore	8	5	0.4122	-0.2724
2047	12	Explore	8	5	0.4122	-0.2723
2048	12	Explore	8	5	0.4122	-0.2723
2049	12	Explore	8	5	0.4121	-0.2723
2050	12	Explore	8	5	0.4121	-0.2723
2051	12	Explore	8	5	0.4121	-0.2723
2052	12	Explore	8	5	0.4121	-0.2722
2053	12	Explore	8	5	0.4121	-0.2722
2054	12	Explore	8	5	0.4121	-0.2722
2055	12	Explore	8	5	0.4121	-0.2722
2056	12	Explore	8	5	0.4120	-0.2722
2057	12	Explore	8	5	0.4120	-0.2722
2058	12	Explore	8	5	0.4120	-0.2721
2059	12	Explore	8	5	0.4120	-0.2721
2060	12	Explore	8	5	0.4120	-0.2721
2061	12	Explore	8	5	0.4120	-0.2721
2062	12	Explore	8	5	0.4119	-0.2721
2063	12	Explore	8	5	0.4119	-0.2721
2064	12	Explore	8	5	0.4119	-0.2721
2065	12	Explore	8	5	0.4119	-0.2721
2066	12	Explore	8	5	0.4119	-0.2720
2067	12	Explore	8	5	0.4119	-0.2720
2068	12	Explore	8	5	0.4118	-0.2720
2069	12	Explore	8	5	0.4118	-0.2720
2070	12	Explore	8	5	0.4118	-0.2720
2071	12	Explore	8	5	0.4118	-0.2719
2072	12	Explore	8	5	0.4118	-0.2719
2073	12	Explore	8	5	0.4117	-0.2719
2074	12	Explore	8	5	0.4117	-0.2719
2075	12	Explore	8	5	0.4117	-0.2718
2076	12	Explore	8	5	0.4120	-0.2692
2077	12	Explore	8	5	0.4123	-0.2666
2078	12	Explore	8	5	0.4127	-0.2640
2079	12	Explore	8	5	0.4130	-0.2614
2080	12	Explore	8	5	0.4133	-0.2588
2081	12	Explore	8	5	0.4136	-0.2562
2082	12	Explore	8	5	0.4140	-0.2536
2083	12	Explore	8	5	0.4143	-0.2510
2084	12	Explore	8	5	0.4146	-0.2484
2085	12	Explore	8	5	0.4149	-0.2458
2086	12	Explore	8	5	0.4152	-0.2432
2087	12	Explore	8	5	0.4156	-0.2406
2088	12	Explore	8	5	0.4159	-0.2380
2089	12	Explore	8	5	0.4162	-0.2353
2090	12	Explore	8	5	0.4165	-0.2327
2091	12	Explore	8	5	0.4169	-0.2301
2092	12	Explore	8	5	0.4172	-0.2275
2093	12	Explore	8	5	0.4175	-0.2249
2094	12	Explore	8	5	0.4178	-0.2223
2095	12	Explore	8	5	0.4182	-0.2197
2096	12	Explore	8	5	0.4185	-0.2171
2097	12	Explore	8	5	0.4188	-0.2145
2098	12	Explore	8	5	0.4191	-0.2119
2099	12	Explore	8	5	0.4195	-0.2093
2100	12	Explore	8	5	0.4198	-0.2067
2101	12	Explore	8	5	0.4201	-0.2041
2102	12	Explore	8	5	0.4204	-0.2015
2103	12	Explore	8	5	0.4207	-0.1989
2104	12	Explore	8	5	0.4211	-0.1963
2105	12	Explore	8	5	0.4214	-0.1937
2106	12	Explore	8	5	0.4217	-0.1911
2107	12	Explore	8	5	0.4220	-0.1885
2108	12	Explore	8	5	0.4224	-0.1859
2109	12	Explore	8	5	0.4227	-0.1833
2110	12	Explore	8	5	0.4230	-0.1806
2111	12	Explore	8	5	0.4233	-0.1780
2112	12	Explore	8	5	0.4237	-0.1754
2113	12	Explore	8	5	0.4240	-0.1728
2114	12	Explore	8	5	0.4243	-0.1702
2115	12	Explore	8	5	0.4246	-0.1676
2116	12	Explore	8	5	0.4250	-0.1650
2117	12	Explore	8	5	0.4253	-0.1624
2118	12	Explore	8	5	0.4256	-0.1598
2119	12	Explore	8	5	0.4259	-0.1572
2120	12	Explore	8	5	0.4262	-0.1546
2121	12	Explore	8	5	0.4266	-0.1520
2122	12	Explore	8	5	0.4269	-0.1494
2123	12	Explore	8	5	0.4272	-0.1468
2124	12	Explore	8	5	0.4275	-0.1442
2125	12	Explore	8	5	0.4276	-0.1442
2126	12	Explore	8	5	0.4276	-0.1442
2127	12	Explore	8	5	0.4276	-0.1442
2128	12	Explore	8	5	0.4276	-0.1442
2129	12	Explore	8	5	0.4276	-0.1442
2130	12	Explore	8	5	0.4277	-0.1443
2131	12	Explore	8	5	0.4277	-0.1443
2132	12	Explore	8	5	0.4277	-0.1443
2133	12	Explore	8	5	0.4277	-0.1443
2134	12	Explore	8	5	0.4277	-0.1443
2135	12	Explore	8	5	0.4278	-0.1443
2136	12	Explore	8	5	0.4278	-0.1443
2137	12	Explore	8	5	0.4278	-0.1444
2138	12	Explore	8	5	0.4278	-0.1444
2139	12	Explore	8	5	0.4278	-0.1444
2140	12	Explore	8	5	0.4278	-0.1444
2141	12	Explore	8	5	0.4279	-0.1444
2142	12	Explore	8	5	0.4279	-0.1444
2143	12	Explore	8	5	0.4279	-0.1444
2144	12	Explore	8	5	0.4279	-0.1445
2145	12	Explore	8	5	0.4279	-0.1445
2146	12	Explore	8	5	0.4279	-0.1445
2147	12	Explore	8	5	0.4279	-0.1445
2148	12	Explore	8	5	0.4280	-0.1445
2149	12	Explore	8	5	0.4280	-0.1445
2150	12	Explore	8	5	0.4280	-0.1446
2151	12	Explore	8	5	0.4280	-0.1446
2152	12	Explore	8	5	0.4280	-0.1446
2153	12	Explore	8	5	0.4305	-0.1437
2154	12	Explore	8	5	0.4329	-0.1428
2155	12	Explore	8	5	0.4354	-0.1418
2156	12	Explore	8	5	0.4379	-0.1409
2157	12	Explore	8	5	0.4403	-0.1400
2158	12	Explore	8	5	0.4428	-0.1391
2159	12	Explore	8	5	0.4452	-0.1382
2160	12	Explore	8	5	0.4477	-0.1372
2161	12	Explore	8	5	0.4502	-0.1363
2162	12	Explore	8	5	0.4526	-0.1354
2163	12	Explore	8	5	0.4551	-0.1345
2164	12	Explore	8	5	0.4575	-0.1335
2165	12	Explore	8	5	0.4575	-0.1335
2166	12	Explore	8	5	0.4575	-0.1335
2167	12	Explore	8	5	0.4575	-0.1335
2168	12	Explore	8	5	0.4575	-0.1335
2169	12	Explore	8	5	0.4575	-0.1335
2170	12	Explore	8	5	0.4575	-0.1334
2171	12	Explore	8	5	0.4574	-0.1334
2172	12	Explore	8	5	0.4574	-0.1334
2173	12	Explore	8	5	0.4574	-0.1334
2174	12	Explore	8	5	0.4574	-0.1334
2175	12	Explore	8	5	0.4574	-0.1334
2176	12	Explore	8	5	0.4574	-0.1333
2177	12	Explore	8	5	0.4574	-0.1333
2178	12	Explore	8	5	0.4573	-0.1333
2179	12	Explore	8	5	0.4573	-0.1333
2180	12	Explore	8	5	0.4573	-0.1333
2181	12	Explore	8	5	0.4573	-0.1333
2182	12	Explore	8	5	0.4573	-0.1332
2183	12	Explore	8	5	0.4573	-0.1332
2184	12	Explore	8	5	0.4572	-0.1332
2185	12	Explore	8	5	0.4572	-0.1332
2186	12	Explore	8	5	0.4572	-0.1332
2187	12	Explore	8	5	0.4572	-0.1332
2188	12	Explore	8	5	0.4572	-0.1331
2189	12	Explore	8	5	0.4571	-0.1331
2190	12	Explore	8	5	0.4571	-0.1331
2191	12	Explore	8	5	0.4571	-0.1331
2192	12	Explore	8	5	0.4571	-0.1331
2193	12	Explore	8	5	0.4571	-0.1331
2194	12	Explore	8	5	0.4570	-0.1331
2195	12	Explore	8	5	0.4570	-0.1331
2196	12	Explore	8	5	0.4570	-0.1331
2197	12	Explore	8	5	0.4569	-0.1304
2198	12	Explore	8	5	0.4568	-0.1278
2199	12	Explore	8	5	0.4567	-0.1252
2200	12	Explore	8	5	0.4567	-0.1226
2201	12	Explore	8	5	0.4566	-0.1199
2202	12	Explore	8	5	0.4565	-0.1173
2203	12	Explore	8	5	0.4564	-0.1147
2204	12	Explore	8	5	0.4563	-0.1121
2205	12	Explore	8	5	0.4562	-0.1094
2206	12	Explore	8	5	0.4562	-0.1068
2207	12	Explore	8	5	0.4561	-0.1042
2208	12	Explore	8	5	0.4560	-0.1016
2209	12	Explore	8	5	0.4559	-0.0989
2210	12	Explore	8	5	0.4558	-0.0963
2211	12	Explore	8	5	0.4558	-0.0937
2212	12	Explore	8	5	0.4557	-0.0911
2213	12	Explore	8	5	0.4556	-0.0885
2214	12	Explore	8	5	0.4555	-0.0858
2215	12	Explore	8	5	0.4554	-0.0832
2216	12	Explore	8	5	0.4553	-0.0806
2217	12	Explore	8	5	0.4553	-0.0780
2218	12	Explore	8	5	0.4552	-0.0753
2219	12	Explore	8	5	0.4551	-0.0727
2220	12	Explore	8	5	0.4550	-0.0701
2221	12	Explore	8	5	0.4549	-0.0675
2222	12	Explore	8	5	0.4548	-0.0648
2223	12	Explore	8	5	0.4548	-0.0622
2224	12	Explore	8	5	0.4547	-0.0622
2225	12	Explore	8	5	0.4547	-0.0622
2226	12	Explore	8	5	0.4547	-0.0622
2227	12	Explore	8	5	0.4547	-0.0622
2228	12	Explore	8	5	0.4546	-0.0622
2229	12	Explore	8	5	0.4546	-0.0622
2230	12	Explore	8	5	0.4546	-0.0621
2231	12	Explore	8	5	0.4546	-0.0621
2232	12	Explore	8	5	0.4546	-0.0621
2233	12	Explore	8	5	0.4545	-0.0622
2234	12	Explore	8	5	0.4545	-0.0622
2235	12	Explore	8	5	0.4545	-0.0622
2236	12	Explore	8	5	0.4545	-0.0622
2237	12	Explore	8	5	0.4545	-0.0622
2238	12	Explore	8	5	0.4530	-0.0600
2239	12	Explore	8	5	0.4516	-0.0578
2240	12	Explore	8	5	0.4502	-0.0556
2241	12	Explore	8	5	0.4487	-0.0534
2242	12	Explore	8	5	0.4473	-0.0512
2243	12	Explore	8	5	0.4459	-0.0490
2244	12	Explore	8	5	0.4444	-0.0468
2245	12	Explore	8	5	0.4430	-0.0446
2246	12	Explore	8	5	0.4416	-0.0424
2247	12	Explore	8	5	0.4401	-0.0402
2248	12	Explore	8	5	0.4387	-0.0380
2249	12	Explore	8	5	0.4373	-0.0358
2250	12	Explore	8	5	0.4358	-0.0336
2251	12	Explore	8	5	0.4344	-0.0315
2252	12	Explore	8	5	0.4330	-0.0293
2253	12	Explore	8	5	0.4315	-0.0271
2254	12	Explore	8	5	0.4301	-0.0249
2255	12	Explore	8	5	0.4287	-0.0227
2256	12	Explore	8	5	0.4272	-0.0205
2257	12	Explore	8	5	0.4258	-0.0183
2258	12	Explore	8	5	0.4244	-0.0161
2259	12	Explore	8	5	0.4229	-0.0139
2260	12	Explore	8	5	0.4215	-0.0117
2261	12	Explore	8	5	0.4201	-0.0095
2262	12	Explore	8	5	0.4186	-0.0073
2263	12	Explore	8	5	0.4172	-0.0051
2264	12	Explore	8	5	0.4158	-0.0029
2265	12	Explore	8	5	0.4143	-0.0007
2266	12	Explore	8	5	0.4129	0.0015
2267	12	Explore	8	5	0.4114	0.0037
2268	12	Explore	8	5	0.4100	0.0059
2269	12	Explore	8	5	0.4086	0.0081
2270	12	Explore	8	5	0.4071	0.0103
2271	12	Explore	8	5	0.4057	0.0125
2272	12	Explore	8	5	0.4043	0.0147
2273	12	Explore	8	5	0.4028	0.0169
2274	12	Explore	8	5	0.4014	0.0191
2275	12	Explore	8	5	0.4000	0.0213
2276	12	Explore	8	5	0.3985	0.0235
2277	12	Explore	8	5	0.3971	0.0257
2278	12	Explore	8	5	0.3957	0.0279
2279	12	Explore	8	5	0.3942	0.0301
2280	12	Explore	8	5	0.3928	0.0323
2281	12	Explore	8	5	0.3914	0.0345
2282	12	Explore	8	5	0.3899	0.0367
2283	12	Explore	8	5	0.3885	0.0389
2284	12	Explore	8	5	0.3871	0.0411
2285	12	Explore	8	5	0.3856	0.0433
2286	12	Explore	8	5	0.3842	0.0455
2287	12	Explore	8	5	0.3828	0.0477
2288	12	Explore	8	5	0.3813	0.0499
2289	12	Explore	8	5	0.3799	0.0521
2290	12	Explore	8	5	0.3785	0.0543
2291	12	Explore	8	5	0.3784	0.0543
2292	12	Explore	8	5	0.3784	0.0543
2293	12	Explore	8	5	0.3784	0.0543
2294	12	Explore	8	5	0.3784	0.0542
2295	12	Explore	8	5	0.3784	0.0542
2296	12	Explore	8	5	0.3784	0.0542
2297	12	Explore	8	5	0.3783	0.0542
2298	12	Explore	8	5	0.3783	0.0542
2299	12	Explore	8	5	0.3783	0.0542
2300	12	Explore	8	5	0.3783	0.0541
2301	12	Explore	8	5	0.3783	0.0541
2302	12	Explore	8	5	0.3783	0.0541
2303	12	Explore	8	5	0.3783	0.0541
2304	12	Explore	8	5	0.3783	0.0541
2305	12	Explore	8	5	0.3783	0.0541
2306	12	Explore	8	5	0.3783	0.0540
2307	12	Explore	8	5	0.3783	0.0540
2308	12	Hide	8	5	0.3783	0.0540
2309	13	Hide	7	6	0.3783	0.0540
2310	13	Hide	7	6	0.3758	0.0549
2311	13	Hide	7	6	0.3733	0.0557
2312	13	Hide	7	6	0.3708	0.0566
2313	13	Hide	7	6	0.3683	0.0574
2314	13	Hide	7	6	0.3659	0.0583
2315	13	Hide	7	6	0.3634	0.0592
2316	13	Hide	7	6	0.3609	0.0600
2317	13	Hide	7	6	0.3584	0.0609
2318	13	Hide	7	6	0.3559	0.0617
2319	13	Hide	7	6	0.3534	0.0626
2320	13	Hide	7	6	0.3510	0.0634
2321	13	Hide	7	6	0.3485	0.0643
2322	13	Hide	7	6	0.3460	0.0652
2323	13	Hide	7	6	0.3435	0.0660
2324	13	Hide	7	6	0.3410	0.0669
2325	13	Hide	7	6	0.3386	0.0677
2326	13	Hide	7	6	0.3361	0.0686
2327	13	Hide	7	6	0.3336	0.0694
2328	13	Hide	7	6	0.3311	0.0703
2329	13	Hide	7	6	0.3286	0.0712
2330	13	Hide	7	6	0.3262	0.0720
2331	13	Hide	7	6	0.3237	0.0729
2332	13	Hide	7	6	0.3212	0.0737
2333	13	Hide	7	6	0.3187	0.0746
2334	13	Hide	7	6	0.3162	0.0754
2335	13	Hide	7	6	0.3138	0.0763
2336	13	Hide	7	6	0.3113	0.0772
2337	13	Hide	7	6	0.3088	0.0780
2338	13	Hide	7	6	0.3063	0.0789
2339	13	Hide	7	6	0.3038	0.0797
2340	13	Hide	7	6	0.3014	0.0806
2341	13	Hide	7	6	0.2989	0.0814
2342	13	Hide	7	6	0.2964	0.0823
2343	13	Hide	7	6	0.2939	0.0832
2344	13	Hide	7	6	0.2914	0.0840
2345	13	Hide	7	6	0.2889	0.0849
2346	13	Hide	7	6	0.2865	0.0857
2347	13	Hide	7	6	0.2840	0.0866
2348	13	Hide	7	6	0.2815	0.0874
2349	13	Hide	7	6	0.2790	0.0883
2350	13	Hide	7	6	0.2765	0.0892
2351	13	Hide	7	6	0.2741	0.0900
2352	13	Hide	7	6	0.2716	0.0909
2353	13	Hide	7	6	0.2691	0.0917
2354	13	Hide	7	6	0.2666	0.0926
2355	13	Hide	7	6	0.2641	0.0934
2356	13	Hide	7	6	0.2617	0.0943
2357	13	Hide	7	6	0.2592	0.0952
2358	13	Hide	7	6	0.2567	0.0960
2359	13	Hide	7	6	0.2542	0.0969
2360	13	Hide	7	6	0.2517	0.0977
2361	13	Hide	7	6	0.2493	0.0986
2362	13	Hide	7	6	0.2468	0.0994
2363	13	Hide	7	6	0.2443	0.1003
2364	13	Hide	7	6	0.2418	0.1012
2365	13	Hide	7	6	0.2393	0.1020
2366	13	Hide	7	6	0.2368	0.1029
2367	13	Hide	7	6	0.2344	0.1037
2368	13	Hide	7	6	0.2319	0.1046
2369	13	Hide	7	6	0.2294	0.1054
2370	13	Hide	7	6	0.2269	0.1063
2371	13	Hide	7	6	0.2244	0.1072
2372	13	Hide	7	6	0.2220	0.1080
2373	13	Hide	7	6	0.2195	0.1089
2374	13	Hide	7	6	0.2170	0.1097
2375	13	Hide	7	6	0.2145	0.1106
2376	13	Hide	7	6	0.2120	0.1114
2377	13	Hide	7	6	0.2096	0.1123
2378	13	Hide	7	6	0.2071	0.1132
2379	13	Hide	7	6	0.2046	0.1140
2380	13	Hide	7	6	0.2021	0.1149
2381	13	Hide	7	6	0.1996	0.1157
2382	13	Hide	7	6	0.1972	0.1166
2383	13	Hide	7	6	0.1947	0.1175
2384	13	Hide	7	6	0.1922	0.1183
2385	13	Hide	7	6	0.1897	0.1192
2386	13	Hide	7	6	0.1872	0.1200
2387	13	Hide	7	6	0.1848	0.1209
2388	13	Hide	7	6	0.1823	0.1217
2389	13	Hide	7	6	0.1798	0.1226
2390	13	Hide	7	6	0.1773	0.1235
2391	13	Hide	7	6	0.1748	0.1243
2392	13	Hide	7	6	0.1724	0.1252
2393	13	Hide	7	6	0.1699	0.1260
2394	13	Hide	7	6	0.1674	0.1269
2395	13	Hide	7	6	0.1649	0.1277
2396	13	Hide	7	6	0.1624	0.1286
2397	13	Hide	7	6	0.1599	0.1295
2398	13	Hide	7	6	0.1575	0.1303
2399	13	Hide	7	6	0.1550	0.1312
2400	13	Hide	7	6	0.1525	0.1320
2401	13	Hide	7	6	0.1500	0.1329
2402	13	Hide	7	6	0.1475	0.1337
2403	13	Hide	7	6	0.1451	0.1346
2404	13	Hide	7	6	0.1426	0.1355
2405	13	Hide	7	6	0.1401	0.1363
2406	13	Hide	7	6	0.1376	0.1372
2407	13	Hide	7	6	0.1351	0.1380
2408	13	Hide	7	6	0.1327	0.1389
2409	13	Hide	7	6	0.1302	0.1398
2410	13	Hide	7	6	0.1277	0.1406
2411	13	Hide	7	6	0.1252	0.1415
2412	13	Hide	7	6	0.1227	0.1423
2413	13	Hide	7	6	0.1203	0.1432
2414	13	Hide	7	6	0.1178	0.1440
2415	13	Hide	7	6	0.1153	0.1449
2416	13	Hide	7	6	0.1128	0.1458
2417	13	Hide	7	6	0.1103	0.1466
2418	13	Hide	7	6	0.1079	0.1475
2419	13	Hide	7	6	0.1054	0.1483
2420	13	Hide	7	6	0.1029	0.1492
2421	13	Hide	7	6	0.1004	0.1500
2422	13	Hide	7	6	0.0979	0.1509
2423	13	Hide	7	6	0.0955	0.1518
2424	13	Hide	7	6	0.0930	0.1526
2425	13	Hide	7	6	0.0905	0.1535
2426	13	Hide	7	6	0.0880	0.1543
2427	13	Hide	7	6	0.0855	0.1552
2428	13	Hide	7	6	0.0830	0.1561
2429	13	Hide	7	6	0.0806	0.1569
2430	13	Hide	7	6	0.0781	0.1578
2431	13	Hide	7	6	0.0756	0.1586
2432	13	Hide	7	6	0.0731	0.1595
2433	13	Hide	7	6	0.0706	0.1603
2434	13	Hide	7	6	0.0682	0.1612
2435	13	Hide	7	6	0.0657	0.1621
2436	13	Hide	7	6	0.0632	0.1629
2437	13	Hide	7	6	0.0607	0.1638
2438	13	Hide	7	6	0.0582	0.1646
2439	13	Hide	7	6	0.0558	0.1655
2440	13	Hide	7	6	0.0533	0.1664
2441	13	Hide	7	6	0.0508	0.1672
2442	13	Hide	7	6	0.0483	0.1681
2443	13	Hide	7	6	0.0458	0.1689
2444	13	Hide	7	6	0.0434	0.1698
2445	13	Hide	7	6	0.0409	0.1706
2446	13	Hide	7	6	0.0384	0.1715
2447	13	Hide	7	6	0.0359	0.1724
2448	13	Hide	7	6	0.0334	0.1732
2449	13	Hide	7	6	0.0310	0.1741
2450	13	Hide	7	6	0.0285	0.1749
2451	13	Hide	7	6	0.0260	0.1758
2452	13	Hide	7	6	0.0235	0.1767
2453	13	Hide	7	6	0.0210	0.1775
2454	13	Hide	7	6	0.0186	0.1784
2455	13	Hide	7	6	0.0161	0.1792
2456	13	Hide	7	6	0.0136	0.1801
2457	13	Hide	7	6	0.0111	0.1809
2458	13	Hide	7	6	0.0086	0.1818
2459	13	Hide	7	6	0.0062	0.1827
2460	13	Hide	7	6	0.0037	0.1835
2461	13	Hide	7	6	0.0012	0.1844
2462	13	Hide	7	6	-0.0013	0.1852
2463	13	Hide	7	6	-0.0038	0.1861
2464	13	Hide	7	6	-0.0063	0.1870
2465	13	Hide	7	6	-0.0087	0.1878
2466	13	Hide	7	6	-0.0112	0.1887
2467	13	Hide	7	6	-0.0137	0.1895
2468	13	Hide	7	6	-0.0162	0.1904
2469	13	Hide	7	6	-0.0187	0.1912
2470	13	Hide	7	6	-0.0211	0.1921
2471	13	Hide	7	6	-0.0236	0.1930
2472	13	Hide	7	6	-0.0261	0.1938
2473	13	Hide	7	6	-0.0286	0.1947
2474	13	Hide	7	6	-0.0311	0.1955
2475	13	Hide	7	6	-0.0335	0.1964
2476	13	Hide	7	6	-0.0360	0.1973
2477	13	Hide	7	6	-0.0385	0.1981
2478	13	Hide	7	6	-0.0410	0.1990
2479	13	Hide	7	6	-0.0435	0.1998
2480	13	Hide	7	6	-0.0459	0.2007
2481	13	Hide	7	6	-0.0484	0.2015
2482	13	Hide	7	6	-0.0509	0.2024
2483	13	Hide	7	6	-0.0534	0.2033
2484	13	Hide	7	6	-0.0559	0.2041
2485	13	Hide	7	6	-0.0583	0.2050
2486	13	Hide	7	6	-0.0608	0.2058
2487	13	Hide	7	6	-0.0633	0.2067
2488	13	Hide	7	6	-0.0658	0.2076
2489	13	Hide	7	6	-0.0683	0.2084
2490	13	Hide	7	6	-0.0707	0.2093
2491	13	Hide	7	6	-0.0732	0.2101
2492	13	Hide	7	6	-0.0757	0.2110
2493	13	Hide	7	6	-0.0782	0.2119
2494	13	Hide	7	6	-0.0807	0.2127
2495	13	Hide	7	6	-0.0831	0.2136
2496	13	Hide	7	6	-0.0856	0.2144
2497	13	Hide	7	6	-0.0881	0.2153
2498	13	Hide	7	6	-0.0906	0.2161
2499	13	Hide	7	6	-0.0931	0.2170
2500	13	Hide	7	6	-0.0955	0.2179
2501	13	Hide	7	6	-0.0980	0.2187
2502	13	Hide	7	6	-0.1005	0.2196
2503	13	Hide	7	6	-0.1030	0.2204
2504	13	Hide	7	6	-0.1055	0.2213
2505	13	Hide	7	6	-0.1079	0.2222
2506	13	Hide	7	6	-0.1104	0.2230
2507	13	Hide	7	6	-0.1129	0.2239
2508	13	Hide	7	6	-0.1154	0.2247
2509	13	Hide	7	6	-0.1179	0.2256
2510	13	Hide	7	6	-0.1203	0.2265
2511	13	Hide	7	6	-0.1228	0.2273
2512	13	Hide	7	6	-0.1253	0.2282
2513	13	Hide	7	6	-0.1278	0.2290
2514	13	Hide	7	6	-0.1303	0.2299
2515	13	Hide	7	6	-0.1327	0.2307
2516	13	Hide	7	6	-0.1352	0.2316
2517	13	Hide	7	6	-0.1377	0.2325
2518	13	Hide	7	6	-0.1402	0.2333
2519	13	Hide	7	6	-0.1427	0.2342
2520	13	Hide	7	6	-0.1452	0.2350
2521	13	Hide	7	6	-0.1476	0.2359
2522	13	Hide	7	6	-0.1501	0.2368
2523	13	Hide	7	6	-0.1526	0.2376
2524	13	Hide	7	6	-0.1551	0.2385
2525	13	Hide	7	6	-0.1576	0.2393
2526	13	Hide	7	6	-0.1600	0.2402
2527	13	Hide	7	6	-0.1625	0.2411
2528	13	Hide	7	6	-0.1650	0.2419
2529	13	Hide	7	6	-0.1675	0.2428
2530	13	Hide	7	6	-0.1700	0.2436
2531	13	Hide	7	6	-0.1724	0.2445
2532	13	Hide	7	6	-0.1749	0.2454
2533	13	Hide	7	6	-0.1774	0.2462
2534	13	Hide	7	6	-0.1799	0.2471
2535	13	Hide	7	6	-0.1824	0.2479
2536	13	Hide	7	6	-0.1848	0.2488
2537	13	Hide	7	6	-0.1873	0.2496
2538	13	Hide	7	6	-0.1898	0.2505
2539	13	Hide	7	6	-0.1923	0.2514
2540	13	Hide	7	6	-0.1948	0.2522
2541	13	Hide	7	6	-0.1972	0.2531
2542	13	Hide	7	6	-0.1997	0.2539
2543	13	Hide	7	6	-0.2022	0.2548
2544	13	Hide	7	6	-0.2047	0.2557
2545	13	Hide	7	6	-0.2072	0.2565
2546	13	Hide	7	6	-0.2096	0.2574
2547	13	Hide	7	6	-0.2121	0.2582
2548	13	Hide	7	6	-0.2146	0.2591
2549	13	Hide	7	6	-0.2171	0.2600
2550	13	Hide	7	6	-0.2196	0.2608
2551	13	Hide	7	6	-0.2220	0.2617
2552	13	Hide	7	6	-0.2245	0.2625
2553	13	Hide	7	6	-0.2270	0.2634
2554	13	Hide	7	6	-0.2295	0.2643
2555	13	Hide	7	6	-0.2320	0.2651
2556	13	Hide	7	6	-0.2344	0.2660
2557	13	Hide	7	6	-0.2369	0.2668
2558	13	Hide	7	6	-0.2394	0.2677
2559	13	Hide	7	6	-0.2419	0.2686
2560	13	Hide	7	6	-0.2444	0.2694
2561	13	Hide	7	6	-0.2468	0.2703
2562	13	Hide	7	6	-0.2493	0.2711
2563	13	Hide	7	6	-0.2518	0.2720
2564	13	Hide	7	6	-0.2543	0.2729
2565	13	Hide	7	6	-0.2568	0.2737
2566	13	Hide	7	6	-0.2592	0.2746
2567	13	Hide	7	6	-0.2617	0.2754
2568	13	Hide	7	6	-0.2642	0.2763
2569	13	Hide	7	6	-0.2667	0.2771
2570	13	Hide	7	6	-0.2692	0.2780
2571	13	Hide	7	6	-0.2716	0.2789
2572	13	Hide	7	6	-0.2741	0.2797
2573	13	Hide	7	6	-0.2766	0.2806
2574	13	Hide	7	6	-0.2791	0.2814
2575	13	Hide	7	6	-0.2816	0.2823
2576	13	Hide	7	6	-0.2840	0.2832
2577	13	Hide	7	6	-0.2865	0.2840
2578	13	Hide	7	6	-0.2890	0.2849
2579	13	Hide	7	6	-0.2915	0.2857
2580	13	Hide	7	6	-0.2940	0.2866
2581	13	Hide	7	6	-0.2964	0.2875
2582	13	Hide	7	6	-0.2989	0.2883
2583	13	Hide	7	6	-0.3014	0.2892
2584	13	Hide	7	6	-0.3039	0.2900
2585	13	Hide	7	6	-0.3064	0.2909
2586	13	Hide	7	6	-0.3088	0.2918
2587	13	Hide	7	6	-0.3113	0.2926
2588	13	Hide	7	6	-0.3138	0.2935
2589	13	Hide	7	6	-0.3163	0.2943
2590	13	Hide	7	6	-0.3188	0.2952
2591	13	Hide	7	6	-0.3212	0.2961
2592	13	Hide	7	6	-0.3237	0.2969
2593	13	Hide	7	6	-0.3262	0.2978
2594	13	Hide	7	6	-0.3287	0.2986
2595	13	Hide	7	6	-0.3312	0.2995
2596	13	Hide	7	6	-0.3336	0.3004
2597	13	Hide	7	6	-0.3361	0.3012
2598	13	Hide	7	6	-0.3386	0.3021
2599	13	Hide	7	6	-0.3411	0.3029
2600	13	Hide	7	6	-0.3436	0.3038
2601	13	Hide	7	6	-0.3460	0.3047
2602	13	Hide	7	6	-0.3485	0.3055
2603	13	Hide	7	6	-0.3510	0.3064
2604	13	Hide	7	6	-0.3535	0.3072
2605	13	Hide	7	6	-0.3560	0.3081
2606	13	Hide	7	6	-0.3584	0.3090
2607	13	Hide	7	6	-0.3609	0.3098
2608	13	Hide	7	6	-0.3634	0.3107
2609	13	Hide	7	6	-0.3659	0.3115
2610	13	Hide	7	6	-0.3684	0.3124
2611	13	Hide	7	6	-0.3708	0.3133
2612	13	Hide	7	6	-0.3733	0.3141
2613	13	Hide	7	6	-0.3758	0.3150
2614	13	Hide	7	6	-0.3783	0.3158
2615	13	Hide	7	6	-0.3808	0.3167
2616	13	Hide	7	6	-0.3832	0.3176
2617	13	Hide	7	6	-0.3857	0.3184
2618	13	Hide	7	6	-0.3882	0.3193
2619	13	Hide	7	6	-0.3907	0.3201
2620	13	Hide	7	6	-0.3932	0.3210
2621	13	Hide	7	6	-0.3956	0.3219
2622	13	Hide	7	6	-0.3981	0.3227
2623	13	Hide	7	6	-0.4006	0.3236
2624	13	Hide	7	6	-0.4031	0.3244
2625	13	Hide	7	6	-0.4056	0.3253
2626	13	Hide	7	6	-0.4080	0.3262
2627	13	Hide	7	6	-0.4105	0.3270
2628	13	Hide	7	6	-0.4130	0.3279
2629	13	Hide	7	6	-0.4155	0.3287
2630	13	Hide	7	6	-0.4180	0.3296
2631	13	Hide	7	6	-0.4204	0.3305
2632	13	Hide	7	6	-0.4229	0.3313
2633	13	Hide	7	6	-0.4254	0.3322
2634	13	Hide	7	6	-0.4279	0.3330
2635	13	Hide	7	6	-0.4304	0.3339
2636	13	Hide	7	6	-0.4328	0.3348
2637	13	Hide	7	6	-0.4353	0.3356
2638	13	Hide	7	6	-0.4378	0.3365
2639	13	Hide	7	6	-0.4403	0.3373
2640	13	Hide	7	6	-0.4428	0.3382
2641	13	Hide	7	6	-0.4452	0.3391
2642	13	Hide	7	6	-0.4477	0.3399
2643	13	Hide	7	6	-0.4502	0.3408
2644	13	Hide	7	6	-0.4527	0.3416
2645	13	Hide	7	6	-0.4552	0.3425
2646	13	Hide	7	6	-0.4576	0.3434
2647	13	Hide	7	6	-0.4601	0.3442
2648	13	Hide	7	6	-0.4626	0.3451
2649	13	Hide	7	6	-0.4651	0.3459
2650	13	Hide	7	6	-0.4676	0.3468
2651	13	Hide	7	6	-0.4676	0.3468
2652	13	Hide	7	6	-0.4676	0.3468
2653	13	Hide	7	6	-0.4676	0.3468
2654	13	Hide	7	6	-0.4676	0.3468
2655	13	Hide	7	6	-0.4676	0.3468
2656	13	Hide	7	6	-0.4676	0.3468
2657	13	Hide	7	6	-0.4676	0.3468
2658	13	Hide	7	6	-0.4676	0.3468
2659	13	Hide	7	6	-0.4676	0.3468
2660	13	Hide	7	6	-0.4676	0.3468
2661	13	Hide	7	6	-0.4676	0.3468
2662	13	Hide	7	6	-0.4676	0.3468
2663	13	Hide	7	6	-0.4676	0.3468
2664	13	Hide	7	6	-0.4676	0.3468
2665	13	Hide	7	6	-0.4676	0.3468
2666	13	Hide	7	6	-0.4676	0.3468
2667	13	Hide	7	6	-0.4676	0.3468
2668	13	Hide	7	6	-0.4676	0.3468
2669	13	Hide	7	6	-0.4676	0.3468
2670	13	Hide	7	6	-0.4676	0.3468
2671	13	Hide	7	6	-0.4676	0.3468
2672	13	Hide	7	6	-0.4676	0.3468
2673	13	Hide	7	6	-0.4676	0.3468
2674	13	Hide	7	6	-0.4676	0.3468
2675	13	Hide	7	6	-0.4676	0.3468
2676	13	Hide	7	6	-0.4676	0.3468
2677	13	Hide	7	6	-0.4676	0.3468
2678	13	Hide	7	6	-0.4676	0.3468
2679	13	Hide	7	6	-0.4676	0.3468
2680	13	Hide	7	6	-0.4676	0.3468
2681	13	Hide	7	6	-0.4676	0.3468
2682	13	Hide	7	6	-0.4676	0.3468
2683	13	Hide	7	6	-0.4676	0.3468
2684	13	Hide	7	6	-0.4676	0.3468
2685	13	Hide	7	6	-0.4676	0.3468
2686	13	Hide	7	6	-0.4676	0.3468
2687	13	Hide	7	6	-0.4676	0.3468
2688	13	Hide	7	6	-0.4676	0.3468
2689	13	Hide	7	6	-0.4676	0.3468
2690	13	Hide	7	6	-0.4676	0.3468
2691	13	Hide	7	6	-0.4676	0.3468
2692	13	Hide	7	6	-0.4676	0.3468
2693	13	Hide	7	6	-0.4676	0.3468
2694	13	Hide	7	6	-0.4676	0.3468
2695	13	Hide	7	6	-0.4676	0.3468
2696	13	Hide	7	6	-0.4676	0.3468
2697	13	Hide	7	6	-0.4676	0.3468
2698	13	Hide	7	6	-0.4676	0.3468
2699	13	Hide	7	6	-0.4676	0.3468
2700	13	Hide	7	6	-0.4676	0.3468
2701	13	Hide	7	6	-0.4676	0.3468
2702	13	Hide	7	6	-0.4676	0.3468
2703	13	Hide	7	6	-0.4676	0.3468
2704	13	Hide	7	6	-0.4676	0.3468
2705	13	Hide	7	6	-0.4676	0.3468
2706	13	Hide	7	6	-0.4676	0.3468
2707	13	Hide	7	6	-0.4676	0.3468
2708	13	Hide	7	6	-0.4676	0.3468
2709	13	Hide	7	6	-0.4676	0.3468
2710	13	Hide	7	6	-0.4676	0.3468
2711	13	Hide	7	6	-0.4676	0.3468
2712	13	Hide	7	6	-0.4676	0.3468
2713	13	Hide	7	6	-0.4676	0.3468
2714	13	Hide	7	6	-0.4676	0.3468
2715	13	Hide	7	6	-0.4676	0.3468
2716	13	Hide	7	6	-0.4676	0.3468
2717	13	Hide	7	6	-0.4676	0.3468
2718	13	Hide	7	6	-0.4676	0.3468
2719	13	Hide	7	6	-0.4676	0.3468
2720	13	Hide	7	6	-0.4676	0.3468
2721	13	Hide	7	6	-0.4676	0.3468
2722	13	Hide	7	6	-0.4676	0.3468
2723	13	Hide	7	6	-0.4676	0.3468
2724	13	Hide	7	6	-0.4676	0.3468
2725	13	Hide	7	6	-0.4676	0.3468
2726	13	Hide	7	6	-0.4676	0.3468
2727	13	Hide	7	6	-0.4676	0.3468
2728	13	Hide	7	6	-0.4676	0.3468
2729	13	Hide	7	6	-0.4676	0.3468
2730	13	Hide	7	6	-0.4676	0.3468
2731	13	Hide	7	6	-0.4676	0.3468
2732	13	Hide	7	6	-0.4676	0.3468
2733	13	Hide	7	6	-0.4676	0.3468
2734	13	Hide	7	6	-0.4676	0.3468
2735	13	Hide	7	6	-0.4676	0.3468
2736	13	Hide	7	6	-0.4676	0.3468
2737	13	Hide	7	6	-0.4676	0.3468
2738	13	Hide	7	6	-0.4676	0.3468
2739	13	Hide	7	6	-0.4676	0.3468
2740	13	Hide	7	6	-0.4676	0.3468
2741	13	Hide	7	6	-0.4676	0.3468
2742	13	Hide	7	6	-0.4676	0.3468
2743	13	Hide	7	6	-0.4676	0.3468
2744	13	Hide	7	6	-0.4676	0.3468
2745	13	Hide	7	6	-0.4676	0.3468
2746	13	Hide	7	6	-0.4676	0.3468
2747	13	Hide	7	6	-0.4676	0.3468
2748	13	Hide	7	6	-0.4676	0.3468
2749	13	Hide	7	6	-0.4676	0.3468
2750	13	Explore	7	6	-0.4676	0.3468
2751	14	Explore	6	7	-0.4676	0.3468
2752	14	Explore	6	7	-0.4676	0.3468
2753	14	Explore	6	7	-0.4676	0.3467
2754	14	Explore	6	7	-0.4676	0.3467
2755	14	Explore	6	7	-0.4676	0.3467
2756	14	Explore	6	7	-0.4676	0.3467
2757	14	Explore	6	7	-0.4676	0.3467
2758	14	Explore	6	7	-0.4676	0.3466
2759	14	Explore	6	7	-0.4676	0.3466
2760	14	Explore	6	7	-0.4676	0.3466
2761	14	Explore	6	7	-0.4676	0.3466
2762	14	Explore	6	7	-0.4676	0.3466
2763	14	Explore	6	7	-0.4676	0.3465
2764	14	Explore	6	7	-0.4676	0.3465
2765	14	Explore	6	7	-0.4676	0.3465
2766	14	Explore	6	7	-0.4676	0.3465
2767	14	Explore	6	7	-0.4676	0.3465
2768	14	Explore	6	7	-0.4676	0.3464
2769	14	Explore	6	7	-0.4676	0.3464
2770	14	Explore	6	7	-0.4676	0.3464
2771	14	Explore	6	7	-0.4676	0.3464
2772	14	Explore	6	7	-0.4676	0.3464
2773	14	Explore	6	7	-0.4676	0.3463
2774	14	Explore	6	7	-0.4676	0.3463
2775	14	Explore	6	7	-0.4676	0.3463
2776	14	Explore	6	7	-0.4676	0.3463
2777	14	Explore	6	7	-0.4676	0.3463
2778	14	Explore	6	7	-0.4675	0.3463
2779	14	Explore	6	7	-0.4675	0.3462
2780	14	Explore	6	7	-0.4675	0.3462
2781	14	Explore	6	7	-0.4675	0.3462
2782	14	Explore	6	7	-0.4675	0.3462
2783	14	Explore	6	7	-0.4675	0.3462
2784	14	Explore	6	7	-0.4674	0.3462
2785	14	Explore	6	7	-0.4674	0.3462
2786	14	Explore	6	7	-0.4674	0.3461
2787	14	Explore	6	7	-0.4674	0.3461
2788	14	Explore	6	7	-0.4674	0.3461
2789	14	Explore	6	7	-0.4674	0.3461
2790	14	Explore	6	7	-0.4673	0.3461
2791	14	Explore	6	7	-0.4673	0.3461
2792	14	Explore	6	7	-0.4673	0.3461
2793	14	Explore	6	7	-0.4673	0.3462
2794	14	Explore	6	7	-0.4673	0.3462
2795	14	Explore	6	7	-0.4672	0.3462
2796	14	Explore	6	7	-0.4672	0.3461
2797	14	Explore	6	7	-0.4668	0.3461
2798	14	Explore	6	7	-0.4664	0.3461
2799	14	Explore	6	7	-0.4661	0.3461
2800	14	Explore	6	7	-0.4655	0.3461
2801	14	Explore	6	7	-0.4650	0.3461
2802	14	Explore	6	7	-0.4645	0.3462
2803	14	Explore	6	7	-0.4641	0.3462
2804	14	Explore	6	7	-0.4637	0.3462
2805	14	Eat	6	7	-0.4633	0.3462
2806	15	Eat	5	8	-0.4627	0.3436
2807	15	Eat	5	8	-0.4621	0.3411
2808	15	Eat	5	8	-0.4614	0.3385
2809	15	Eat	5	8	-0.4606	0.3360
2810	15	Eat	5	8	-0.4598	0.3335
2811	15	Eat	5	8	-0.4590	0.3310
2812	15	Eat	5	8	-0.4581	0.3285
2813	15	Eat	5	8	-0.4572	0.3260
2814	15	Eat	5	8	-0.4563	0.3236
2815	15	Eat	5	8	-0.4553	0.3212
2816	15	Eat	5	8	-0.4543	0.3187
2817	15	Eat	5	8	-0.4533	0.3163
2818	15	Eat	5	8	-0.4522	0.3139
2819	15	Eat	5	8	-0.4511	0.3115
2820	15	Eat	5	8	-0.4500	0.3091
2821	15	Eat	5	8	-0.4489	0.3068
2822	15	Eat	5	8	-0.4478	0.3044
2823	15	Eat	5	8	-0.4466	0.3021
2824	15	Eat	5	8	-0.4454	0.2997
2825	15	Eat	5	8	-0.4442	0.2974
2826	15	Eat	5	8	-0.4430	0.2951
2827	15	Eat	5	8	-0.4417	0.2928
2828	15	Eat	5	8	-0.4404	0.2905
2829	15	Eat	5	8	-0.4392	0.2882
2830	15	Eat	5	8	-0.4379	0.2859
2831	15	Eat	5	8	-0.4366	0.2836
2832	15	Eat	5	8	-0.4352	0.2813
2833	15	Eat	5	8	-0.4339	0.2791
2834	15	Eat	5	8	-0.4325	0.2768
2835	15	Eat	5	8	-0.4312	0.2746
2836	15	Eat	5	8	-0.4298	0.2724
2837	15	Eat	5	8	-0.4284	0.2701
2838	15	Eat	5	8	-0.4270	0.2679
2839	15	Eat	5	8	-0.4256	0.2657
2840	15	Eat	5	8	-0.4242	0.2635
2841	15	Eat	5	8	-0.4228	0.2613
2842	15	Eat	5	8	-0.4213	0.2591
2843	15	Eat	5	8	-0.4199	0.2569
2844	15	Eat	5	8	-0.4184	0.2547
2845	15	Eat	5	8	-0.4170	0.2525
2846	15	Eat	5	8	-0.4155	0.2504
2847	15	Eat	5	8	-0.4140	0.2482
2848	15	Eat	5	8	-0.4125	0.2460
2849	15	Eat	5	8	-0.4111	0.2439
2850	15	Eat	5	8	-0.4096	0.2417
2851	15	Eat	5	8	-0.4081	0.2396
2852	15	Eat	5	8	-0.4065	0.2374
2853	15	Eat	5	8	-0.4050	0.2353
2854	15	Eat	5	8	-0.4035	0.2331
2855	15	Eat	5	8	-0.4020	0.2310
2856	15	Eat	5	8	-0.4005	0.2289
2857	15	Eat	5	8	-0.3989	0.2267
2858	15	Eat	5	8	-0.3974	0.2246
2859	15	Eat	5	8	-0.3958	0.2225
2860	15	Eat	5	8	-0.3943	0.2204
2861	15	Eat	5	8	-0.3927	0.2182
2862	15	Eat	5	8	-0.3912	0.2161
2863	15	Eat	5	8	-0.3896	0.2140
2864	15	Eat	5	8	-0.3880	0.2119
2865	15	Eat	5	8	-0.3865	0.2098
2866	15	Eat	5	8	-0.3849	0.2077
2867	15	Eat	5	8	-0.3833	0.2056
2868	15	Eat	5	8	-0.3818	0.2035
2869	15	Eat	5	8	-0.3802	0.2014
2870	15	Eat	5	8	-0.3786	0.1993
2871	15	Eat	5	8	-0.3770	0.1972
2872	15	Eat	5	8	-0.3754	0.1951
2873	15	Eat	5	8	-0.3738	0.1931
2874	15	Eat	5	8	-0.3722	0.1910
2875	15	Eat	5	8	-0.3706	0.1889
2876	15	Eat	5	8	-0.3690	0.1868
2877	15	Eat	5	8	-0.3674	0.1847
2878	15	Eat	5	8	-0.3658	0.1826
2879	15	Eat	5	8	-0.3642	0.1806
2880	15	Eat	5	8	-0.3626	0.1785
2881	15	Eat	5	8	-0.3610	0.1764
2882	15	Eat	5	8	-0.3594	0.1744
2883	15	Eat	5	8	-0.3578	0.1723
2884	15	Eat	5	8	-0.3561	0.1702
2885	15	Eat	5	8	-0.3545	0.1682
2886	15	Eat	5	8	-0.3529	0.1661
2887	15	Eat	5	8	-0.3513	0.1640
2888	15	Eat	5	8	-0.3497	0.1620
2889	15	Eat	5	8	-0.3480	0.1599
2890	15	Eat	5	8	-0.3464	0.1579
2891	15	Eat	5	8	-0.3448	0.1558
2892	15	Eat	5	8	-0.3431	0.1537
2893	15	Eat	5	8	-0.3415	0.1517
2894	15	Eat	5	8	-0.3399	0.1496
2895	15	Eat	5	8	-0.3382	0.1476
2896	15	Eat	5	8	-0.3366	0.1455
2897	15	Eat	5	8	-0.3350	0.1435
2898	15	Eat	5	8	-0.3333	0.1414
2899	15	Eat	5	8	-0.3317	0.1394
2900	15	Eat	5	8	-0.3300	0.1373
2901	15	Eat	5	8	-0.3284	0.1353
2902	15	Eat	5	8	-0.3268	0.1332
2903	15	Eat	5	8	-0.3251	0.1312
2904	15	Eat	5	8	-0.3235	0.1291
2905	15	Eat	5	8	-0.3218	0.1271
2906	15	Eat	5	8	-0.3202	0.1250
2907	15	Eat	5	8	-0.3185	0.1230
2908	15	Eat	5	8	-0.3169	0.1210
2909	15	Eat	5	8	-0.3152	0.1189
2910	15	Eat	5	8	-0.3136	0.1169
2911	15	Eat	5	8	-0.3119	0.1148
2912	15	Eat	5	8	-0.3103	0.1128
2913	15	Eat	5	8	-0.3086	0.1108
2914	15	Eat	5	8	-0.3070	0.1087
2915	15	Eat	5	8	-0.3053	0.1067
2916	15	Eat	5	8	-0.3037	0.1046
2917	15	Eat	5	8	-0.3020	0.1026
2918	15	Eat	5	8	-0.3004	0.1006
2919	15	Eat	5	8	-0.2987	0.0985
2920	15	Eat	5	8	-0.2970	0.0965
2921	15	Eat	5	8	-0.2954	0.0945
2922	15	Eat	5	8	-0.2937	0.0924
2923	15	Eat	5	8	-0.2921	0.0904
2924	15	Eat	5	8	-0.2904	0.0884
2925	15	Eat	5	8	-0.2887	0.0863
2926	15	Eat	5	8	-0.2871	0.0843
2927	15	Eat	5	8	-0.2854	0.0823
2928	15	Eat	5	8	-0.2838	0.0802
2929	15	Eat	5	8	-0.2821	0.0782
2930	15	Eat	5	8	-0.2804	0.0762
2931	15	Eat	5	8	-0.2788	0.0742
2932	15	Eat	5	8	-0.2771	0.0721
2933	15	Eat	5	8	-0.2754	0.0701
2934	15	Eat	5	8	-0.2738	0.0681
2935	15	Eat	5	8	-0.2721	0.0660
2936	15	Eat	5	8	-0.2704	0.0640
2937	15	Eat	5	8	-0.2688	0.0620
2938	15	Eat	5	8	-0.2671	0.0600
2939	15	Eat	5	8	-0.2654	0.0579
2940	15	Eat	5	8	-0.2637	0.0559
2941	15	Eat	5	8	-0.2621	0.0539
2942	15	Eat	5	8	-0.2604	0.0519
2943	15	Eat	5	8	-0.2587	0.0499
2944	15	Eat	5	8	-0.2570	0.0478
2945	15	Eat	5	8	-0.2554	0.0458
2946	15	Eat	5	8	-0.2537	0.0438
2947	15	Eat	5	8	-0.2520	0.0418
2948	15	Eat	5	8	-0.2503	0.0398
2949	15	Eat	5	8	-0.2486	0.0377
2950	15	Eat	5	8	-0.2486	0.0377
2951	15	Eat	5	8	-0.2486	0.0377
2952	15	Eat	5	8	-0.2486	0.0377
2953	15	Eat	5	8	-0.2486	0.0377
2954	15	Eat	5	8	-0.2486	0.0377
2955	15	Eat	5	8	-0.2486	0.0377
2956	15	Eat	5	8	-0.2486	0.0377
2957	15	Eat	5	8	-0.2486	0.0377
2958	15	Eat	5	8	-0.2486	0.0377
2959	15	Eat	5	8	-0.2486	0.0377
2960	15	Eat	5	8	-0.2486	0.0377
2961	15	Eat	5	8	-0.2486	0.0377
2962	15	Eat	5	8	-0.2486	0.0377
2963	15	Eat	5	8	-0.2486	0.0377
2964	15	Eat	5	8	-0.2486	0.0377
2965	15	Eat	5	8	-0.2486	0.0377
2966	15	Eat	5	8	-0.2486	0.0377
2967	15	Eat	5	8	-0.2486	0.0377
2968	15	Eat	5	8	-0.2486	0.0377
2969	15	Eat	5	8	-0.2486	0.0377
2970	15	Eat	5	8	-0.2486	0.0377
2971	15	Eat	5	8	-0.2486	0.0377
2972	15	Eat	5	8	-0.2486	0.0377
2973	15	Eat	5	8	-0.2486	0.0377
2974	15	Eat	5	8	-0.2486	0.0377
2975	15	Eat	5	8	-0.2486	0.0377
2976	15	Eat	5	8	-0.2486	0.0377
2977	15	Eat	5	8	-0.2486	0.0377
2978	15	Eat	5	8	-0.2486	0.0377
2979	15	Eat	5	8	-0.2486	0.0377
2980	15	Eat	5	8	-0.2486	0.0377
2981	15	Eat	5	8	-0.2486	0.0377
2982	15	Eat	5	8	-0.2486	0.0377
2983	15	Eat	5	8	-0.2486	0.0377
2984	15	Eat	5	8	-0.2486	0.0377
2985	15	Eat	5	8	-0.2486	0.0377
2986	15	Eat	5	8	-0.2486	0.0377
2987	15	Eat	5	8	-0.2486	0.0377
2988	15	Eat	5	8	-0.2486	0.0377
2989	15	Eat	5	8	-0.2486	0.0377
2990	15	Eat	5	8	-0.2486	0.0377
2991	15	Eat	5	8	-0.2486	0.0377
2992	15	Eat	5	8	-0.2486	0.0377
2993	15	Eat	5	8	-0.2486	0.0377
2994	15	Eat	5	8	-0.2486	0.0377
2995	15	Eat	5	8	-0.2486	0.0377
2996	15	Eat	5	8	-0.2486	0.0377
2997	15	Eat	5	8	-0.2486	0.0377
2998	15	Eat	5	8	-0.2486	0.0377
2999	15	Eat	5	8	-0.2486	0.0377
3000	15	Eat	5	8	-0.2486	0.0377
3001	15	Eat	5	8	-0.2486	0.0377
3002	15	Eat	5	8	-0.2486	0.0377
3003	15	Eat	5	8	-0.2486	0.0377
3004	15	Eat	5	8	-0.2486	0.0377
3005	15	Eat	5	8	-0.2486	0.0377
3006	15	Eat	5	8	-0.2486	0.0377
3007	15	Eat	5	8	-0.2486	0.0377
3008	15	Eat	5	8	-0.2486	0.0377
3009	15	Eat	5	8	-0.2486	0.0377
3010	15	Eat	5	8	-0.2486	0.0377
3011	15	Eat	5	8	-0.2486	0.0377
3012	15	Eat	5	8	-0.2486	0.0377
3013	15	Eat	5	8	-0.2486	0.0377
3014	15	Eat	5	8	-0.2486	0.0377
3015	15	Eat	5	8	-0.2486	0.0377
3016	15	Eat	5	8	-0.2486	0.0377
3017	15	Eat	5	8	-0.2486	0.0377
3018	15	Eat	5	8	-0.2486	0.0377
3019	15	Eat	5	8	-0.2486	0.0377
3020	15	Eat	5	8	-0.2486	0.0377
3021	15	Eat	5	8	-0.2486	0.0377
3022	15	Eat	5	8	-0.2486	0.0377
3023	15	Eat	5	8	-0.2486	0.0377
3024	15	Eat	5	8	-0.2486	0.0377
3025	15	Eat	5	8	-0.2486	0.0377
3026	15	Eat	5	8	-0.2486	0.0377
3027	15	Eat	5	8	-0.2486	0.0377
3028	15	Eat	5	8	-0.2486	0.0377
3029	15	Eat	5	8	-0.2486	0.0377
3030	15	Eat	5	8	-0.2486	0.0377
3031	15	Eat	5	8	-0.2486	0.0377
3032	15	Eat	5	8	-0.2486	0.0377
3033	15	Eat	5	8	-0.2486	0.0377
3034	15	Eat	5	8	-0.2486	0.0377
3035	15	Eat	5	8	-0.2486	0.0377
3036	15	Eat	5	8	-0.2486	0.0377
3037	15	Eat	5	8	-0.2486	0.0377
3038	15	Eat	5	8	-0.2486	0.0377
3039	15	Eat	5	8	-0.2486	0.0377
3040	15	Eat	5	8	-0.2486	0.0377
3041	15	Eat	5	8	-0.2486	0.0377
3042	15	Eat	5	8	-0.2486	0.0377
3043	15	Eat	5	8	-0.2486	0.0377
3044	15	Eat	5	8	-0.2486	0.0377
3045	15	Eat	5	8	-0.2486	0.0377
3046	15	Eat	5	8	-0.2486	0.0377
3047	15	Eat	5	8	-0.2486	0.0377
3048	15	Eat	5	8	-0.2486	0.0377
3049	15	Eat	5	8	-0.2486	0.0377
3050	15	Eat	5	8	-0.2486	0.0377
3051	15	Eat	5	8	-0.2486	0.0377
3052	15	Eat	5	8	-0.2486	0.0377
3053	15	Eat	5	8	-0.2486	0.0377
3054	15	Eat	5	8	-0.2486	0.0377
3055	15	Eat	5	8	-0.2486	0.0377
3056	15	Eat	5	8	-0.2486	0.0377
3057	15	Eat	5	8	-0.2486	0.0377
3058	15	Eat	5	8	-0.2486	0.0377
3059	15	Eat	5	8	-0.2486	0.0377
3060	15	Eat	5	8	-0.2486	0.0377
3061	15	Eat	5	8	-0.2486	0.0377
3062	15	Eat	5	8	-0.2486	0.0377
3063	15	Eat	5	8	-0.2486	0.0377
3064	15	Eat	5	8	-0.2486	0.0377
3065	15	Eat	5	8	-0.2486	0.0377
3066	15	Eat	5	8	-0.2486	0.0377
3067	15	Eat	5	8	-0.2486	0.0377
3068	15	Eat	5	8	-0.2486	0.0377
3069	15	Eat	5	8	-0.2486	0.0377
3070	15	Eat	5	8	-0.2486	0.0377
3071	15	Eat	5	8	-0.2486	0.0377
3072	15	Eat	5	8	-0.2486	0.0377
3073	15	Eat	5	8	-0.2486	0.0377
3074	15	Eat	5	8	-0.2486	0.0377
3075	15	Eat	5	8	-0.2486	0.0377
3076	15	Eat	5	8	-0.2486	0.0377
3077	15	Eat	5	8	-0.2486	0.0377
3078	15	Eat	5	8	-0.2486	0.0377
3079	15	Eat	5	8	-0.2486	0.0377
3080	15	Eat	5	8	-0.2486	0.0377
3081	15	Eat	5	8	-0.2486	0.0377
3082	15	Eat	5	8	-0.2486	0.0377
3083	15	Eat	5	8	-0.2486	0.0377
3084	15	Eat	5	8	-0.2486	0.0377
3085	15	Eat	5	8	-0.2486	0.0377
3086	15	Eat	5	8	-0.2486	0.0377
3087	15	Eat	5	8	-0.2486	0.0377
3088	15	Eat	5	8	-0.2486	0.0377
3089	15	Eat	5	8	-0.2486	0.0377
3090	15	Eat	5	8	-0.2486	0.0377
3091	15	Eat	5	8	-0.2486	0.0377
3092	15	Eat	5	8	-0.2486	0.0377
3093	15	Eat	5	8	-0.2486	0.0377
3094	15	Eat	5	8	-0.2486	0.0377
3095	15	Eat	5	8	-0.2486	0.0377
3096	15	Eat	5	8	-0.2486	0.0377
3097	15	Eat	5	8	-0.2486	0.0377
3098	15	Eat	5	8	-0.2486	0.0377
3099	15	Eat	5	8	-0.2486	0.0377
3100	15	Eat	5	8	-0.2486	0.0377
3101	15	Eat	5	8	-0.2486	0.0377
3102	15	Eat	5	8	-0.2486	0.0377
3103	15	Eat	5	8	-0.2486	0.0377
3104	15	Eat	5	8	-0.2486	0.0377
3105	15	Eat	5	8	-0.2486	0.0377
3106	15	Eat	5	8	-0.2486	0.0377
3107	15	Eat	5	8	-0.2486	0.0377
3108	15	Eat	5	8	-0.2486	0.0377
3109	15	Explore	5	0	-0.2486	0.0377
3110	16	Explore	4	1	-0.2470	0.0357
3111	16	Explore	4	1	-0.2453	0.0337
3112	16	Explore	4	1	-0.2436	0.0317
3113	16	Explore	4	1	-0.2419	0.0297
3114	16	Explore	4	1	-0.2402	0.0277
3115	16	Explore	4	1	-0.2386	0.0256
3116	16	Explore	4	1	-0.2369	0.0236
3117	16	Explore	4	1	-0.2352	0.0216
3118	16	Explore	4	1	-0.2335	0.0196
3119	16	Explore	4	1	-0.2318	0.0176
3120	16	Explore	4	1	-0.2302	0.0156
3121	16	Explore	4	1	-0.2301	0.0156
3122	16	Explore	4	1	-0.2301	0.0156
3123	16	Explore	4	1	-0.2301	0.0156
3124	16	Explore	4	1	-0.2301	0.0156
3125	16	Explore	4	1	-0.2301	0.0156
3126	16	Explore	4	1	-0.2301	0.0156
3127	16	Explore	4	1	-0.2301	0.0157
3128	16	Explore	4	1	-0.2300	0.0157
3129	16	Explore	4	1	-0.2300	0.0157
3130	16	Explore	4	1	-0.2300	0.0157
3131	16	Explore	4	1	-0.2300	0.0157
3132	16	Explore	4	1	-0.2300	0.0158
3133	16	Explore	4	1	-0.2300	0.0158
3134	16	Explore	4	1	-0.2299	0.0158
3135	16	Explore	4	1	-0.2299	0.0158
3136	16	Explore	4	1	-0.2299	0.0158
3137	16	Explore	4	1	-0.2298	0.0159
3138	16	Hide	4	1	-0.2298	0.0159
3139	17	Hide	3	2	-0.2298	0.0159
3140	17	Hide	3	2	-0.2273	0.0153
3141	17	Hide	3	2	-0.2247	0.0147
3142	17	Hide	3	2	-0.2221	0.0142
3143	17	Hide	3	2	-0.2196	0.0136
3144	17	Hide	3	2	-0.2170	0.0131
3145	17	Hide	3	2	-0.2144	0.0125
3146	17	Hide	3	2	-0.2119	0.0120
3147	17	Hide	3	2	-0.2093	0.0114
3148	17	Hide	3	2	-0.2068	0.0109
3149	17	Hide	3	2	-0.2042	0.0103
3150	17	Hide	3	2	-0.2016	0.0097
3151	17	Hide	3	2	-0.1991	0.0092
3152	17	Hide	3	2	-0.1965	0.0086
3153	17	Hide	3	2	-0.1939	0.0081
3154	17	Hide	3	2	-0.1914	0.0075
3155	17	Hide	3	2	-0.1888	0.0070
3156	17	Hide	3	2	-0.1862	0.0064
3157	17	Hide	3	2	-0.1837	0.0059
3158	17	Hide	3	2	-0.1811	0.0053
3159	17	Hide	3	2	-0.1785	0.0047
3160	17	Hide	3	2	-0.1760	0.0042
3161	17	Hide	3	2	-0.1734	0.0036
3162	17	Hide	3	2	-0.1708	0.0031
3163	17	Hide	3	2	-0.1683	0.0025
3164	17	Hide	3	2	-0.1657	0.0020
3165	17	Hide	3	2	-0.1631	0.0014
3166	17	Hide	3	2	-0.1606	0.0009
3167	17	Hide	3	2	-0.1580	0.0003
3168	17	Hide	3	2	-0.1554	-0.0002
3169	17	Hide	3	2	-0.1529	-0.0008
3170	17	Hide	3	2	-0.1503	-0.0014
3171	17	Hide	3	2	-0.1477	-0.0019
3172	17	Hide	3	2	-0.1452	-0.0025
3173	17	Hide	3	2	-0.1426	-0.0030
3174	17	Hide	3	2	-0.1401	-0.0036
3175	17	Hide	3	2	-0.1375	-0.0041
3176	17	Hide	3	2	-0.1349	-0.0047
3177	17	Hide	3	2	-0.1324	-0.0052
3178	17	Hide	3	2	-0.1298	-0.0058
3179	17	Hide	3	2	-0.1272	-0.0064
3180	17	Hide	3	2	-0.1247	-0.0069
3181	17	Hide	3	2	-0.1221	-0.0075
3182	17	Hide	3	2	-0.1195	-0.0080
3183	17	Hide	3	2	-0.1170	-0.0086
3184	17	Hide	3	2	-0.1144	-0.0091
3185	17	Hide	3	2	-0.1118	-0.0097
3186	17	Hide	3	2	-0.1093	-0.0102
3187	17	Hide	3	2	-0.1067	-0.0108
3188	17	Hide	3	2	-0.1041	-0.0114
3189	17	Hide	3	2	-0.1016	-0.0119
3190	17	Hide	3	2	-0.0990	-0.0125
3191	17	Hide	3	2	-0.0964	-0.0130
3192	17	Hide	3	2	-0.0939	-0.0136
3193	17	Hide	3	2	-0.0913	-0.0141
3194	17	Hide	3	2	-0.0887	-0.0147
3195	17	Hide	3	2	-0.0862	-0.0152
3196	17	Hide	3	2	-0.0836	-0.0158
3197	17	Hide	3	2	-0.0810	-0.0164
3198	17	Hide	3	2	-0.0785	-0.0169
3199	17	Hide	3	2	-0.0759	-0.0175
3200	17	Hide	3	2	-0.0734	-0.0180
3201	17	Hide	3	2	-0.0708	-0.0186
3202	17	Hide	3	2	-0.0682	-0.0191
3203	17	Hide	3	2	-0.0657	-0.0197
3204	17	Hide	3	2	-0.0631	-0.0202
3205	17	Hide	3	2	-0.0605	-0.0208
3206	17	Hide	3	2	-0.0580	-0.0214
3207	17	Hide	3	2	-0.0554	-0.0219
3208	17	Hide	3	2	-0.0528	-0.0225
3209	17	Hide	3	2	-0.0503	-0.0230
3210	17	Hide	3	2	-0.0477	-0.0236
3211	17	Hide	3	2	-0.0451	-0.0241
3212	17	Hide	3	2	-0.0426	-0.0247
3213	17	Hide	3	2	-0.0400	-0.0253
3214	17	Hide	3	2	-0.0374	-0.0258
3215	17	Hide	3	2	-0.0349	-0.0264
3216	17	Hide	3	2	-0.0323	-0.0269
3217	17	Hide	3	2	-0.0297	-0.0275
3218	17	Hide	3	2	-0.0272	-0.0280
3219	17	Hide	3	2	-0.0246	-0.0286
3220	17	Hide	3	2	-0.0220	-0.0291
3221	17	Hide	3	2	-0.0195	-0.0297
3222	17	Hide	3	2	-0.0169	-0.0303
3223	17	Hide	3	2	-0.0144	-0.0308
3224	17	Hide	3	2	-0.0118	-0.0314
3225	17	Hide	3	2	-0.0092	-0.0319
3226	17	Hide	3	2	-0.0067	-0.0325
3227	17	Hide	3	2	-0.0041	-0.0330
3228	17	Hide	3	2	-0.0015	-0.0336
3229	17	Hide	3	2	0.0010	-0.0341
3230	17	Hide	3	2	0.0036	-0.0347
3231	17	Hide	3	2	0.0062	-0.0353
3232	17	Hide	3	2	0.0087	-0.0358
3233	17	Hide	3	2	0.0113	-0.0364
3234	17	Hide	3	2	0.0139	-0.0369
3235	17	Hide	3	2	0.0164	-0.0375
3236	17	Hide	3	2	0.0190	-0.0380
3237	17	Hide	3	2	0.0216	-0.0386
3238	17	Hide	3	2	0.0241	-0.0392
3239	17	Hide	3	2	0.0267	-0.0397
3240	17	Hide	3	2	0.0293	-0.0403
3241	17	Hide	3	2	0.0318	-0.0408
3242	17	Hide	3	2	0.0344	-0.0414
3243	17	Hide	3	2	0.0370	-0.0419
3244	17	Hide	3	2	0.0395	-0.0425
3245	17	Hide	3	2	0.0421	-0.0430
3246	17	Hide	3	2	0.0446	-0.0436
3247	17	Hide	3	2	0.0472	-0.0442
3248	17	Hide	3	2	0.0498	-0.0447
3249	17	Hide	3	2	0.0523	-0.0453
3250	17	Hide	3	2	0.0549	-0.0458
3251	17	Hide	3	2	0.0575	-0.0464
3252	17	Hide	3	2	0.0600	-0.0469
3253	17	Hide	3	2	0.0626	-0.0475
3254	17	Hide	3	2	0.0652	-0.0481
3255	17	Hide	3	2	0.0677	-0.0486
3256	17	Hide	3	2	0.0703	-0.0492
3257	17	Hide	3	2	0.0729	-0.0497
3258	17	Hide	3	2	0.0754	-0.0503
3259	17	Hide	3	2	0.0780	-0.0508
3260	17	Hide	3	2	0.0806	-0.0514
3261	17	Hide	3	2	0.0831	-0.0520
3262	17	Hide	3	2	0.0857	-0.0525
3263	17	Hide	3	2	0.0883	-0.0531
3264	17	Hide	3	2	0.0908	-0.0536
3265	17	Hide	3	2	0.0934	-0.0542
3266	17	Hide	3	2	0.0960	-0.0547
3267	17	Hide	3	2	0.0985	-0.0553
3268	17	Hide	3	2	0.1011	-0.0558
3269	17	Hide	3	2	0.1036	-0.0564
3270	17	Hide	3	2	0.1062	-0.0570
3271	17	Hide	3	2	0.1088	-0.0575
3272	17	Hide	3	2	0.1113	-0.0581
3273	17	Hide	3	2	0.1139	-0.0586
3274	17	Hide	3	2	0.1165	-0.0592
3275	17	Hide	3	2	0.1190	-0.0597
3276	17	Hide	3	2	0.1216	-0.0603
3277	17	Hide	3	2	0.1242	-0.0609
3278	17	Hide	3	2	0.1267	-0.0614
3279	17	Hide	3	2	0.1293	-0.0620
3280	17	Hide	3	2	0.1319	-0.0625
3281	17	Hide	3	2	0.1344	-0.0631
3282	17	Hide	3	2	0.1370	-0.0636
3283	17	Hide	3	2	0.1396	-0.0642
3284	17	Hide	3	2	0.1421	-0.0648
3285	17	Hide	3	2	0.1447	-0.0653
3286	17	Hide	3	2	0.1473	-0.0659
3287	17	Hide	3	2	0.1498	-0.0664
3288	17	Hide	3	2	0.1524	-0.0670
3289	17	Hide	3	2	0.1549	-0.0675
3290	17	Hide	3	2	0.1575	-0.0681
3291	17	Hide	3	2	0.1601	-0.0687
3292	17	Hide	3	2	0.1626	-0.0692
3293	17	Hide	3	2	0.1652	-0.0698
3294	17	Hide	3	2	0.1678	-0.0703
3295	17	Hide	3	2	0.1703	-0.0709
3296	17	Hide	3	2	0.1729	-0.0714
3297	17	Hide	3	2	0.1755	-0.0720
3298	17	Hide	3	2	0.1780	-0.0726
3299	17	Hide	3	2	0.1806	-0.0731
3300	17	Hide	3	2	0.1832	-0.0737
3301	17	Hide	3	2	0.1857	-0.0742
3302	17	Hide	3	2	0.1883	-0.0748
3303	17	Hide	3	2	0.1909	-0.0753
3304	17	Hide	3	2	0.1934	-0.0759
3305	17	Hide	3	2	0.1960	-0.0765
3306	17	Hide	3	2	0.1986	-0.0770
3307	17	Hide	3	2	0.2011	-0.0776
3308	17	Hide	3	2	0.2037	-0.0781
3309	17	Hide	3	2	0.2063	-0.0787
3310	17	Hide	3	2	0.2088	-0.0792
3311	17	Hide	3	2	0.2114	-0.0798
3312	17	Hide	3	2	0.2139	-0.0804
3313	17	Hide	3	2	0.2165	-0.0809
3314	17	Hide	3	2	0.2191	-0.0815
3315	17	Hide	3	2	0.2216	-0.0820
3316	17	Hide	3	2	0.2242	-0.0826
3317	17	Hide	3	2	0.2268	-0.0831
3318	17	Hide	3	2	0.2293	-0.0837
3319	17	Hide	3	2	0.2319	-0.0843
3320	17	Hide	3	2	0.2345	-0.0848
3321	17	Hide	3	2	0.2370	-0.0854
3322	17	Hide	3	2	0.2396	-0.0859
3323	17	Hide	3	2	0.2422	-0.0865
3324	17	Hide	3	2	0.2447	-0.0870
3325	17	Hide	3	2	0.2473	-0.0876
3326	17	Hide	3	2	0.2499	-0.0882
3327	17	Hide	3	2	0.2524	-0.0887
3328	17	Hide	3	2	0.2550	-0.0893
3329	17	Hide	3	2	0.2575	-0.0898
3330	17	Hide	3	2	0.2601	-0.0904
3331	17	Hide	3	2	0.2627	-0.0909
3332	17	Hide	3	2	0.2652	-0.0915
3333	17	Hide	3	2	0.2678	-0.0921
3334	17	Hide	3	2	0.2704	-0.0926
3335	17	Hide	3	2	0.2729	-0.0932
3336	17	Hide	3	2	0.2755	-0.0937
3337	17	Hide	3	2	0.2781	-0.0943
3338	17	Hide	3	2	0.2806	-0.0948
3339	17	Hide	3	2	0.2832	-0.0954
3340	17	Hide	3	2	0.2858	-0.0960
3341	17	Hide	3	2	0.2883	-0.0965
3342	17	Hide	3	2	0.2909	-0.0971
3343	17	Hide	3	2	0.2935	-0.0976
3344	17	Hide	3	2	0.2960	-0.0982
3345	17	Hide	3	2	0.2986	-0.0987
3346	17	Hide	3	2	0.3012	-0.0993
3347	17	Hide	3	2	0.3037	-0.0999
3348	17	Hide	3	2	0.3063	-0.1004
3349	17	Hide	3	2	0.3088	-0.1010
3350	17	Hide	3	2	0.3114	-0.1015
3351	17	Hide	3	2	0.3140	-0.1021
3352	17	Hide	3	2	0.3165	-0.1027
3353	17	Hide	3	2	0.3191	-0.1032
3354	17	Hide	3	2	0.3217	-0.1038
3355	17	Hide	3	2	0.3242	-0.1043
3356	17	Hide	3	2	0.3268	-0.1049
3357	17	Hide	3	2	0.3294	-0.1054
3358	17	Hide	3	2	0.3319	-0.1060
3359	17	Hide	3	2	0.3345	-0.1066
3360	17	Hide	3	2	0.3371	-0.1071
3361	17	Hide	3	2	0.3396	-0.1077
3362	17	Hide	3	2	0.3422	-0.1082
3363	17	Hide	3	2	0.3448	-0.1088
3364	17	Hide	3	2	0.3473	-0.1093
3365	17	Hide	3	2	0.3499	-0.1099
3366	17	Hide	3	2	0.3525	-0.1105
3367	17	Hide	3	2	0.3550	-0.1110
3368	17	Hide	3	2	0.3576	-0.1116
3369	17	Hide	3	2	0.3601	-0.1121
3370	17	Hide	3	2	0.3627	-0.1127
3371	17	Hide	3	2	0.3653	-0.1132
3372	17	Hide	3	2	0.3678	-0.1138
3373	17	Hide	3	2	0.3704	-0.1144
3374	17	Hide	3	2	0.3730	-0.1149
3375	17	Hide	3	2	0.3755	-0.1155
3376	17	Hide	3	2	0.3781	-0.1160
3377	17	Hide	3	2	0.3807	-0.1166
3378	17	Hide	3	2	0.3832	-0.1172
3379	17	Hide	3	2	0.3858	-0.1177
3380	17	Hide	3	2	0.3884	-0.1183
3381	17	Hide	3	2	0.3909	-0.1188
3382	17	Hide	3	2	0.3935	-0.1194
3383	17	Hide	3	2	0.3961	-0.1199
3384	17	Hide	3	2	0.3986	-0.1205
3385	17	Hide	3	2	0.4012	-0.1211
3386	17	Hide	3	2	0.4037	-0.1216
3387	17	Hide	3	2	0.4063	-0.1222
3388	17	Hide	3	2	0.4089	-0.1227
3389	17	Hide	3	2	0.4114	-0.1233
3390	17	Hide	3	2	0.4140	-0.1239
3391	17	Hide	3	2	0.4166	-0.1244
3392	17	Hide	3	2	0.4191	-0.1250
3393	17	Hide	3	2	0.4217	-0.1255
3394	17	Hide	3	2	0.4243	-0.1261
3395	17	Hide	3	2	0.4268	-0.1266
3396	17	Hide	3	2	0.4294	-0.1272
3397	17	Hide	3	2	0.4320	-0.1278
3398	17	Hide	3	2	0.4345	-0.1283
3399	17	Hide	3	2	0.4371	-0.1289
3400	17	Hide	3	2	0.4397	-0.1294
3401	17	Hide	3	2	0.4422	-0.1300
3402	17	Hide	3	2	0.4448	-0.1306
3403	17	Hide	3	2	0.4473	-0.1311
3404	17	Hide	3	2	0.4499	-0.1317
3405	17	Hide	3	2	0.4525	-0.1322
3406	17	Hide	3	2	0.4550	-0.1328
3407	17	Hide	3	2	0.4576	-0.1333
3408	17	Hide	3	2	0.4602	-0.1339
3409	17	Hide	3	2	0.4627	-0.1345
3410	17	Hide	3	2	0.4653	-0.1350
3411	17	Hide	3	2	0.4679	-0.1356
3412	17	Hide	3	2	0.4679	-0.1356
3413	17	Hide	3	2	0.4679	-0.1356
3414	17	Hide	3	2	0.4679	-0.1356
3415	17	Hide	3	2	0.4679	-0.1356
3416	17	Hide	3	2	0.4679	-0.1356
3417	17	Hide	3	2	0.4679	-0.1356
3418	17	Hide	3	2	0.4679	-0.1356
3419	17	Hide	3	2	0.4679	-0.1356
3420	17	Hide	3	2	0.4679	-0.1356
3421	17	Hide	3	2	0.4679	-0.1356
3422	17	Hide	3	2	0.4679	-0.1356
3423	17	Hide	3	2	0.4679	-0.1356
3424	17	Hide	3	2	0.4679	-0.1356
3425	17	Hide	3	2	0.4679	-0.1356
3426	17	Hide	3	2	0.4679	-0.1356
3427	17	Hide	3	2	0.4679	-0.1356
3428	17	Hide	3	2	0.4679	-0.1356
3429	17	Hide	3	2	0.4679	-0.1356
3430	17	Hide	3	2	0.4679	-0.1356
3431	17	Hide	3	2	0.4679	-0.1356
3432	17	Hide	3	2	0.4679	-0.1356
3433	17	Hide	3	2	0.4679	-0.1356
3434	17	Hide	3	2	0.4679	-0.1356
3435	17	Hide	3	2	0.4679	-0.1356
3436	17	Hide	3	2	0.4679	-0.1356
3437	17	Hide	3	2	0.4679	-0.1356
3438	17	Hide	3	2	0.4679	-0.1356
3439	17	Hide	3	2	0.4679	-0.1356
3440	17	Hide	3	2	0.4679	-0.1356
3441	17	Hide	3	2	0.4679	-0.1356
3442	17	Hide	3	2	0.4679	-0.1356
3443	17	Hide	3	2	0.4679	-0.1356
3444	17	Hide	3	2	0.4679	-0.1356
3445	17	Hide	3	2	0.4679	-0.1356
3446	17	Hide	3	2	0.4679	-0.1356
3447	17	Hide	3	2	0.4679	-0.1356
3448	17	Hide	3	2	0.4679	-0.1356
3449	17	Hide	3	2	0.4679	-0.1356
3450	17	Hide	3	2	0.4679	-0.1356
3451	17	Hide	3	2	0.4679	-0.1356
3452	17	Hide	3	2	0.4679	-0.1356
3453	17	Hide	3	2	0.4679	-0.1356
3454	17	Hide	3	2	0.4679	-0.1356
3455	17	Hide	3	2	0.4679	-0.1356
3456	17	Hide	3	2	0.4679	-0.1356
3457	17	Hide	3	2	0.4679	-0.1356
3458	17	Hide	3	2	0.4679	-0.1356
3459	17	Hide	3	2	0.4679	-0.1356
3460	17	Hide	3	2	0.4679	-0.1356
3461	17	Hide	3	2	0.4679	-0.1356
3462	17	Hide	3	2	0.4679	-0.1356
3463	17	Hide	3	2	0.4679	-0.1356
3464	17	Hide	3	2	0.4679	-0.1356
3465	17	Hide	3	2	0.4679	-0.1356
3466	17	Hide	3	2	0.4679	-0.1356
3467	17	Hide	3	2	0.4679	-0.1356
3468	17	Hide	3	2	0.4679	-0.1356
3469	17	Hide	3	2	0.4679	-0.1356
3470	17	Hide	3	2	0.4679	-0.1356
3471	17	Hide	3	2	0.4679	-0.1356
3472	17	Hide	3	2	0.4679	-0.1356
3473	17	Hide	3	2	0.4679	-0.1356
3474	17	Hide	3	2	0.4679	-0.1356
3475	17	Hide	3	2	0.4679	-0.1356
3476	17	Hide	3	2	0.4679	-0.1356
3477	17	Hide	3	2	0.4679	-0.1356
3478	17	Hide	3	2	0.4679	-0.1356
3479	17	Hide	3	2	0.4679	-0.1356
3480	17	Hide	3	2	0.4679	-0.1356
3481	17	Hide	3	2	0.4679	-0.1356
3482	17	Hide	3	2	0.4679	-0.1356
3483	17	Hide	3	2	0.4679	-0.1356
3484	17	Hide	3	2	0.4679	-0.1356
3485	17	Hide	3	2	0.4679	-0.1356
3486	17	Hide	3	2	0.4679	-0.1356
3487	17	Hide	3	2	0.4679	-0.1356
3488	17	Hide	3	2	0.4679	-0.1356
3489	17	Hide	3	2	0.4679	-0.1356
3490	17	Hide	3	2	0.4679	-0.1356
3491	17	Hide	3	2	0.4679	-0.1356
3492	17	Hide	3	2	0.4679	-0.1356
3493	17	Hide	3	2	0.4679	-0.1356
3494	17	Hide	3	2	0.4679	-0.1356
3495	17	Hide	3	2	0.4679	-0.1356
3496	17	Hide	3	2	0.4679	-0.1356
3497	17	Hide	3	2	0.4679	-0.1356
3498	17	Hide	3	2	0.4679	-0.1356
3499	17	Hide	3	2	0.4679	-0.1356
3500	17	Hide	3	2	0.4679	-0.1356
3501	17	Hide	3	2	0.4679	-0.1356
3502	17	Hide	3	2	0.4679	-0.1356
3503	17	Hide	3	2	0.4679	-0.1356
3504	17	Hide	3	2	0.4679	-0.1356
3505	17	Hide	3	2	0.4679	-0.1356
3506	17	Hide	3	2	0.4679	-0.1356
3507	17	Hide	3	2	0.4679	-0.1356
3508	17	Hide	3	2	0.4679	-0.1356
3509	17	Hide	3	2	0.4679	-0.1356
3510	17	Hide	3	2	0.4679	-0.1356
3511	17	Explore	3	2	0.4679	-0.1356
3512	18	Explore	2	3	0.4679	-0.1356
3513	18	Explore	2	3	0.4679	-0.1355
3514	18	Explore	2	3	0.4679	-0.1355
3515	18	Explore	2	3	0.4679	-0.1355
3516	18	Explore	2	3	0.4679	-0.1355
3517	18	Explore	2	3	0.4679	-0.1355
3518	18	Explore	2	3	0.4679	-0.1354
3519	18	Explore	2	3	0.4679	-0.1354
3520	18	Explore	2	3	0.4679	-0.1354
3521	18	Explore	2	3	0.4679	-0.1354
3522	18	Explore	2	3	0.4679	-0.1354
3523	18	Explore	2	3	0.4679	-0.1353
3524	18	Explore	2	3	0.4679	-0.1353
3525	18	Explore	2	3	0.4678	-0.1353
3526	18	Explore	2	3	0.4678	-0.1353
3527	18	Explore	2	3	0.4678	-0.1353
3528	18	Explore	2	3	0.4678	-0.1352
3529	18	Explore	2	3	0.4678	-0.1352
3530	18	Explore	2	3	0.4678	-0.1352
3531	18	Explore	2	3	0.4677	-0.1352
3532	18	Explore	2	3	0.4677	-0.1352
3533	18	Explore	2	3	0.4677	-0.1351
3534	18	Explore	2	3	0.4677	-0.1351
3535	18	Explore	2	3	0.4677	-0.1351
3536	18	Explore	2	3	0.4677	-0.1351
3537	18	Explore	2	3	0.4677	-0.1351
3538	18	Explore	2	3	0.4676	-0.1351
3539	18	Explore	2	3	0.4676	-0.1351
3540	18	Explore	2	3	0.4676	-0.1350
3541	18	Explore	2	3	0.4676	-0.1350
3542	18	Explore	2	3	0.4676	-0.1350
3543	18	Explore	2	3	0.4676	-0.1350
3544	18	Explore	2	3	0.4675	-0.1350
3545	18	Explore	2	3	0.4675	-0.1350
3546	18	Explore	2	3	0.4675	-0.1349
3547	18	Explore	2	3	0.4675	-0.1349
3548	18	Explore	2	3	0.4675	-0.1349
3549	18	Explore	2	3	0.4674	-0.1349
3550	18	Explore	2	3	0.4674	-0.1349
3551	18	Explore	2	3	0.4674	-0.1348
3552	18	Explore	2	3	0.4674	-0.1348
3553	18	Explore	2	3	0.4674	-0.1348
3554	18	Explore	2	3	0.4671	-0.1347
3555	18	Explore	2	3	0.4667	-0.1347
3556	18	Explore	2	3	0.4663	-0.1347
3557	18	Explore	2	3	0.4660	-0.1347
3558	18	Explore	2	3	0.4654	-0.1347
3559	18	Explore	2	3	0.4649	-0.1347
3560	18	Explore	2	3	0.4644	-0.1347
3561	18	Explore	2	3	0.4640	-0.1347
3562	18	Explore	2	3	0.4636	-0.1348
3563	18	Explore	2	3	0.4633	-0.1348
3564	18	Explore	2	3	0.4630	-0.1348
3565	18	Explore	2	3	0.4629	-0.1348
3566	18	Hide	2	3	0.4629	-0.1348
3567	19	Hide	1	4	0.4629	-0.1347
3568	19	Hide	1	4	0.4621	-0.1323
3569	19	Hide	1	4	0.4613	-0.1298
3570	19	Hide	1	4	0.4605	-0.1273
3571	19	Hide	1	4	0.4597	-0.1248
3572	19	Hide	1	4	0.4589	-0.1223
3573	19	Hide	1	4	0.4581	-0.1198
3574	19	Hide	1	4	0.4573	-0.1173
3575	19	Hide	1	4	0.4565	-0.1148
3576	19	Hide	1	4	0.4557	-0.1123
3577	19	Hide	1	4	0.4549	-0.1098
3578	19	Hide	1	4	0.4541	-0.1073
3579	19	Hide	1	4	0.4533	-0.1048
3580	19	Hide	1	4	0.4526	-0.1023
3581	19	Hide	1	4	0.4518	-0.0998
3582	19	Hide	1	4	0.4510	-0.0973
3583	19	Hide	1	4	0.4502	-0.0948
3584	19	Hide	1	4	0.4494	-0.0923
3585	19	Hide	1	4	0.4486	-0.0898
3586	19	Hide	1	4	0.4478	-0.0873
3587	19	Hide	1	4	0.4470	-0.0848
3588	19	Hide	1	4	0.4462	-0.0823
3589	19	Hide	1	4	0.4454	-0.0798
3590	19	Hide	1	4	0.4446	-0.0773
3591	19	Hide	1	4	0.4438	-0.0748
3592	19	Hide	1	4	0.4430	-0.0723
3593	19	Hide	1	4	0.4422	-0.0698
3594	19	Hide	1	4	0.4414	-0.0673
3595	19	Hide	1	4	0.4406	-0.0648
3596	19	Hide	1	4	0.4398	-0.0623
3597	19	Hide	1	4	0.4390	-0.0598
3598	19	Hide	1	4	0.4382	-0.0573
3599	19	Hide	1	4	0.4374	-0.0548
3600	19	Hide	1	4	0.4367	-0.0523
3601	19	Hide	1	4	0.4359	-0.0498
3602	19	Hide	1	4	0.4351	-0.0473
3603	19	Hide	1	4	0.4343	-0.0448
3604	19	Hide	1	4	0.4335	-0.0423
3605	19	Hide	1	4	0.4327	-0.0398
3606	19	Hide	1	4	0.4319	-0.0373
3607	19	Hide	1	4	0.4311	-0.0348
3608	19	Hide	1	4	0.4303	-0.0323
3609	19	Hide	1	4	0.4295	-0.0298
3610	19	Hide	1	4	0.4287	-0.0273
3611	19	Hide	1	4	0.4279	-0.0248
3612	19	Hide	1	4	0.4271	-0.0222
3613	19	Hide	1	4	0.4263	-0.0197
3614	19	Hide	1	4	0.4255	-0.0172
3615	19	Hide	1	4	0.4247	-0.0147
3616	19	Hide	1	4	0.4239	-0.0122
3617	19	Hide	1	4	0.4231	-0.0097
3618	19	Hide	1	4	0.4223	-0.0072
3619	19	Hide	1	4	0.4215	-0.0047
3620	19	Hide	1	4	0.4207	-0.0022
3621	19	Hide	1	4	0.4199	0.0003
3622	19	Hide	1	4	0.4192	0.0028
3623	19	Hide	1	4	0.4184	0.0053
3624	19	Hide	1	4	0.4176	0.0078
3625	19	Hide	1	4	0.4168	0.0103
3626	19	Hide	1	4	0.4160	0.0128
3627	19	Hide	1	4	0.4152	0.0153
3628	19	Hide	1	4	0.4144	0.0178
3629	19	Hide	1	4	0.4136	0.0203
3630	19	Hide	1	4	0.4128	0.0228
3631	19	Hide	1	4	0.4120	0.0253
3632	19	Hide	1	4	0.4112	0.0278
3633	19	Hide	1	4	0.4104	0.0303
3634	19	Hide	1	4	0.4096	0.0328
3635	19	Hide	1	4	0.4088	0.0353
3636	19	Hide	1	4	0.4080	0.0378
3637	19	Hide	1	4	0.4072	0.0403
3638	19	Hide	1	4	0.4064	0.0428
3639	19	Hide	1	4	0.4056	0.0453
3640	19	Hide	1	4	0.4048	0.0478
3641	19	Hide	1	4	0.4040	0.0503
3642	19	Hide	1	4	0.4032	0.0528
3643	19	Hide	1	4	0.4024	0.0553
3644	19	Hide	1	4	0.4017	0.0578
3645	19	Hide	1	4	0.4009	0.0603
3646	19	Hide	1	4	0.4001	0.0628
3647	19	Hide	1	4	0.3993	0.0653
3648	19	Hide	1	4	0.3985	0.0678
3649	19	Hide	1	4	0.3977	0.0703
3650	19	Hide	1	4	0.3969	0.0728
3651	19	Hide	1	4	0.3961	0.0753
3652	19	Hide	1	4	0.3953	0.0778
3653	19	Hide	1	4	0.3945	0.0803
3654	19	Hide	1	4	0.3937	0.0828
3655	19	Hide	1	4	0.3929	0.0853
3656	19	Hide	1	4	0.3921	0.0878
3657	19	Hide	1	4	0.3913	0.0903
3658	19	Hide	1	4	0.3905	0.0928
3659	19	Hide	1	4	0.3897	0.0953
3660	19	Hide	1	4	0.3889	0.0978
3661	19	Hide	1	4	0.3881	0.1003
3662	19	Hide	1	4	0.3873	0.1028
3663	19	Hide	1	4	0.3865	0.1053
3664	19	Hide	1	4	0.3857	0.1078
3665	19	Hide	1	4	0.3849	0.1103
3666	19	Hide	1	4	0.3841	0.1128
3667	19	Hide	1	4	0.3833	0.1153
3668	19	Hide	1	4	0.3826	0.1178
3669	19	Hide	1	4	0.3818	0.1203
3670	19	Hide	1	4	0.3810	0.1228
3671	19	Hide	1	4	0.3802	0.1253
3672	19	Hide	1	4	0.3794	0.1278
3673	19	Hide	1	4	0.3786	0.1303
3674	19	Hide	1	4	0.3778	0.1328
3675	19	Hide	1	4	0.3770	0.1353
3676	19	Hide	1	4	0.3762	0.1378
3677	19	Hide	1	4	0.3754	0.1403
3678	19	Hide	1	4	0.3746	0.1428
3679	19	Hide	1	4	0.3738	0.1453
3680	19	Hide	1	4	0.3730	0.1478
3681	19	Hide	1	4	0.3722	0.1503
3682	19	Hide	1	4	0.3714	0.1528
3683	19	Hide	1	4	0.3706	0.1553
3684	19	Hide	1	4	0.3698	0.1578
3685	19	Hide	1	4	0.3690	0.1603
3686	19	Hide	1	4	0.3682	0.1628
3687	19	Hide	1	4	0.3674	0.1653
3688	19	Hide	1	4	0.3666	0.1678
3689	19	Hide	1	4	0.3658	0.1703
3690	19	Hide	1	4	0.3650	0.1728
3691	19	Hide	1	4	0.3642	0.1754
3692	19	Hide	1	4	0.3634	0.1779
3693	19	Hide	1	4	0.3626	0.1804
3694	19	Hide	1	4	0.3619	0.1829
3695	19	Hide	1	4	0.3611	0.1854
3696	19	Hide	1	4	0.3603	0.1879
3697	19	Hide	1	4	0.3595	0.1904
3698	19	Hide	1	4	0.3587	0.1929
3699	19	Hide	1	4	0.3579	0.1954
3700	19	Hide	1	4	0.3571	0.1979
3701	19	Hide	1	4	0.3563	0.2004
3702	19	Hide	1	4	0.3555	0.2029
3703	19	Hide	1	4	0.3547	0.2054
3704	19	Hide	1	4	0.3539	0.2079
3705	19	Hide	1	4	0.3531	0.2104
3706	19	Hide	1	4	0.3523	0.2129
3707	19	Hide	1	4	0.3515	0.2154
3708	19	Hide	1	4	0.3507	0.2179
3709	19	Hide	1	4	0.3499	0.2204
3710	19	Hide	1	4	0.3491	0.2229
3711	19	Hide	1	4	0.3483	0.2254
3712	19	Hide	1	4	0.3475	0.2279
3713	19	Hide	1	4	0.3467	0.2304
3714	19	Hide	1	4	0.3459	0.2329
3715	19	Hide	1	4	0.3451	0.2354
3716	19	Hide	1	4	0.3443	0.2379
3717	19	Hide	1	4	0.3435	0.2404
3718	19	Hide	1	4	0.3427	0.2429
3719	19	Hide	1	4	0.3419	0.2454
3720	19	Hide	1	4	0.3411	0.2479
3721	19	Hide	1	4	0.3404	0.2504
3722	19	Hide	1	4	0.3396	0.2529
3723	19	Hide	1	4	0.3388	0.2554
3724	19	Hide	1	4	0.3380	0.2579
3725	19	Hide	1	4	0.3372	0.2604
3726	19	Hide	1	4	0.3364	0.2629
3727	19	Hide	1	4	0.3356	0.2654
3728	19	Hide	1	4	0.3348	0.2679
3729	19	Hide	1	4	0.3340	0.2704
3730	19	Hide	1	4	0.3332	0.2729
3731	19	Hide	1	4	0.3324	0.2754
3732	19	Hide	1	4	0.3316	0.2779
3733	19	Hide	1	4	0.3308	0.2804
3734	19	Hide	1	4	0.3300	0.2829
3735	19	Hide	1	4	0.3292	0.2854
3736	19	Hide	1	4	0.3284	0.2879
3737	19	Hide	1	4	0.3276	0.2904
3738	19	Hide	1	4	0.3268	0.2929
3739	19	Hide	1	4	0.3260	0.2954
3740	19	Hide	1	4	0.3252	0.2979
3741	19	Hide	1	4	0.3244	0.3004
3742	19	Hide	1	4	0.3236	0.3029
3743	19	Hide	1	4	0.3228	0.3054
3744	19	Hide	1	4	0.3220	0.3079
3745	19	Hide	1	4	0.3212	0.3104
3746	19	Hide	1	4	0.3204	0.3129
3747	19	Hide	1	4	0.3196	0.3154
3748	19	Hide	1	4	0.3188	0.3179
3749	19	Hide	1	4	0.3180	0.3204
3750	19	Hide	1	4	0.3172	0.3229
3751	19	Hide	1	4	0.3165	0.3254
3752	19	Hide	1	4	0.3157	0.3279
3753	19	Hide	1	4	0.3149	0.3304
3754	19	Hide	1	4	0.3141	0.3329
3755	19	Hide	1	4	0.3133	0.3354
3756	19	Hide	1	4	0.3125	0.3379
3757	19	Hide	1	4	0.3117	0.3404
3758	19	Hide	1	4	0.3109	0.3429
3759	19	Hide	1	4	0.3101	0.3454
3760	19	Hide	1	4	0.3093	0.3479
3761	19	Hide	1	4	0.3085	0.3504
3762	19	Hide	1	4	0.3077	0.3529
3763	19	Hide	1	4	0.3069	0.3554
3764	19	Hide	1	4	0.3061	0.3579
3765	19	Hide	1	4	0.3053	0.3604
3766	19	Hide	1	4	0.3045	0.3629
3767	19	Hide	1	4	0.3037	0.3654
3768	19	Hide	1	4	0.3029	0.3679
3769	19	Hide	1	4	0.3021	0.3704
3770	19	Hide	1	4	0.3013	0.3729
3771	19	Hide	1	4	0.3005	0.3754
3772	19	Hide	1	4	0.2997	0.3779
3773	19	Hide	1	4	0.2989	0.3804
3774	19	Hide	1	4	0.2981	0.3829
3775	19	Hide	1	4	0.2973	0.3854
3776	19	Hide	1	4	0.2965	0.3879
3777	19	Hide	1	4	0.2957	0.3904
3778	19	Hide	1	4	0.2949	0.3929
3779	19	Hide	1	4	0.2941	0.3954
3780	19	Hide	1	4	0.2933	0.3979
3781	19	Hide	1	4	0.2925	0.4004
3782	19	Hide	1	4	0.2917	0.4029
3783	19	Hide	1	4	0.2909	0.4054
3784	19	Hide	1	4	0.2901	0.4079
3785	19	Hide	1	4	0.2894	0.4104
3786	19	Hide	1	4	0.2886	0.4129
3787	19	Hide	1	4	0.2878	0.4154
3788	19	Hide	1	4	0.2870	0.4179
3789	19	Hide	1	4	0.2862	0.4204
3790	19	Hide	1	4	0.2854	0.4229
3791	19	Hide	1	4	0.2846	0.4254
3792	19	Hide	1	4	0.2838	0.4279
3793	19	Hide	1	4	0.2830	0.4304
3794	19	Hide	1	4	0.2822	0.4329
3795	19	Hide	1	4	0.2814	0.4354
3796	19	Hide	1	4	0.2806	0.4380
3797	19	Hide	1	4	0.2798	0.4405
3798	19	Hide	1	4	0.2790	0.4430
3799	19	Hide	1	4	0.2782	0.4455
3800	19	Hide	1	4	0.2774	0.4480
3801	19	Hide	1	4	0.2766	0.4505
3802	19	Hide	1	4	0.2758	0.4530
3803	19	Hide	1	4	0.2750	0.4555
3804	19	Hide	1	4	0.2742	0.4580
3805	19	Hide	1	4	0.2734	0.4605
3806	19	Hide	1	4	0.2726	0.4630
3807	19	Hide	1	4	0.2718	0.4655
3808	19	Hide	1	4	0.2710	0.4680
3809	19	Hide	1	4	0.2710	0.4680
3810	19	Hide	1	4	0.2710	0.4680
3811	19	Hide	1	4	0.2710	0.4680
3812	19	Hide	1	4	0.2710	0.4680
3813	19	Hide	1	4	0.2710	0.4680
3814	19	Hide	1	4	0.2710	0.4680
3815	19	Hide	1	4	0.2710	0.4680
3816	19	Hide	1	4	0.2710	0.4680
3817	19	Hide	1	4	0.2710	0.4680
3818	19	Hide	1	4	0.2710	0.4680
3819	19	Hide	1	4	0.2710	0.4680
3820	19	Hide	1	4	0.2710	0.4680
3821	19	Hide	1	4	0.2710	0.4680
3822	19	Hide	1	4	0.2710	0.4680
3823	19	Hide	1	4	0.2710	0.4680
3824	19	Hide	1	4	0.2710	0.4680
3825	19	Hide	1	4	0.2710	0.4680
3826	19	Hide	1	4	0.2710	0.4680
3827	19	Hide	1	4	0.2710	0.4680
3828	19	Hide	1	4	0.2710	0.4680
3829	19	Hide	1	4	0.2710	0.4680
3830	19	Hide	1	4	0.2710	0.4680
3831	19	Hide	1	4	0.2710	0.4680
3832	19	Hide	1	4	0.2710	0.4680
3833	19	Hide	1	4	0.2710	0.4680
3834	19	Hide	1	4	0.2710	0.4680
3835	19	Hide	1	4	0.2710	0.4680
3836	19	Hide	1	4	0.2710	0.4680
3837	19	Hide	1	4	0.2710	0.4680
3838	19	Hide	1	4	0.2710	0.4680
3839	19	Hide	1	4	0.2710	0.4680
3840	19	Hide	1	4	0.2710	0.4680
3841	19	Hide	1	4	0.2710	0.4680
3842	19	Hide	1	4	0.2710	0.4680
3843	19	Hide	1	4	0.2710	0.4680
3844	19	Hide	1	4	0.2710	0.4680
3845	19	Hide	1	4	0.2710	0.4680
3846	19	Hide	1	4	0.2710	0.4680
3847	19	Hide	1	4	0.2710	0.4680
3848	19	Hide	1	4	0.2710	0.4680
3849	19	Hide	1	4	0.2710	0.4680
3850	19	Hide	1	4	0.2710	0.4680
3851	19	Hide	1	4	0.2710	0.4680
3852	19	Hide	1	4	0.2710	0.4680
3853	19	Hide	1	4	0.2710	0.4680
3854	19	Hide	1	4	0.2710	0.4680
3855	19	Hide	1	4	0.2710	0.4680
3856	19	Hide	1	4	0.2710	0.4680
3857	19	Hide	1	4	0.2710	0.4680
3858	19	Hide	1	4	0.2710	0.4680
3859	19	Hide	1	4	0.2710	0.4680
3860	19	Hide	1	4	0.2710	0.4680
3861	19	Hide	1	4	0.2710	0.4680
3862	19	Hide	1	4	0.2710	0.4680
3863	19	Hide	1	4	0.2710	0.4680
3864	19	Hide	1	4	0.2710	0.4680
3865	19	Hide	1	4	0.2710	0.4680
3866	19	Hide	1	4	0.2710	0.4680
3867	19	Hide	1	4	0.2710	0.4680
3868	19	Hide	1	4	0.2710	0.4680
3869	19	Hide	1	4	0.2710	0.4680
3870	19	Hide	1	4	0.2710	0.4680
3871	19	Hide	1	4	0.2710	0.4680
3872	19	Hide	1	4	0.2710	0.4680
3873	19	Hide	1	4	0.2710	0.4680
3874	19	Hide	1	4	0.2710	0.4680
3875	19	Hide	1	4	0.2710	0.4680
3876	19	Hide	1	4	0.2710	0.4680
3877	19	Hide	1	4	0.2710	0.4680
3878	19	Hide	1	4	0.2710	0.4680
3879	19	Hide	1	4	0.2710	0.4680
3880	19	Hide	1	4	0.2710	0.4680
3881	19	Hide	1	4	0.2710	0.4680
3882	19	Hide	1	4	0.2710	0.4680
3883	19	Hide	1	4	0.2710	0.4680
3884	19	Hide	1	4	0.2710	0.4680
3885	19	Hide	1	4	0.2710	0.4680
3886	19	Hide	1	4	0.2710	0.4680
3887	19	Hide	1	4	0.2710	0.4680
3888	19	Hide	1	4	0.2710	0.4680
3889	19	Hide	1	4	0.2710	0.4680
3890	19	Hide	1	4	0.2710	0.4680
3891	19	Hide	1	4	0.2710	0.4680
3892	19	Hide	1	4	0.2710	0.4680
3893	19	Hide	1	4	0.2710	0.4680
3894	19	Hide	1	4	0.2710	0.4680
3895	19	Hide	1	4	0.2710	0.4680
3896	19	Hide	1	4	0.2710	0.4680
3897	19	Hide	1	4	0.2710	0.4680
3898	19	Hide	1	4	0.2710	0.4680
3899	19	Hide	1	4	0.2710	0.4680
3900	19	Hide	1	4	0.2710	0.4680
3901	19	Hide	1	4	0.2710	0.4680
3902	19	Hide	1	4	0.2710	0.4680
3903	19	Hide	1	4	0.2710	0.4680
3904	19	Hide	1	4	0.2710	0.4680
3905	19	Hide	1	4	0.2710	0.4680
3906	19	Hide	1	4	0.2710	0.4680
3907	19	Hide	1	4	0.2710	0.4680
3908	19	Explore	1	4	0.2710	0.4680
