TimeStep	Transitions	State	FearLevel	HungerLevel	PosX	PosZ
0	0	Explore	20	0	-0.2615	-0.0014
1	0	Explore	20	0	-0.2589	-0.0002
2	0	Explore	20	0	-0.2563	-0.0000
3	0	Explore	20	0	-0.2537	-0.0000
4	0	Explore	20	0	-0.2510	0.0000
5	0	Explore	20	0	-0.2484	0.0000
6	0	Explore	20	0	-0.2458	0.0000
7	0	Explore	20	0	-0.2432	0.0000
8	0	Explore	20	0	-0.2405	0.0000
9	0	Explore	20	0	-0.2379	0.0000
10	0	Explore	20	0	-0.2353	0.0000
11	0	Explore	20	0	-0.2327	0.0000
12	0	Explore	20	0	-0.2300	0.0000
13	0	Explore	20	0	-0.2274	0.0000
14	0	Explore	20	0	-0.2248	0.0000
15	0	Explore	20	0	-0.2222	0.0000
16	0	Explore	20	0	-0.2195	0.0000
17	0	Explore	20	0	-0.2169	0.0000
18	0	Explore	20	0	-0.2143	0.0000
19	0	Explore	20	0	-0.2117	0.0000
20	0	Explore	20	0	-0.2090	0.0000
21	0	Explore	20	0	-0.2090	0.0000
22	0	Explore	20	0	-0.2090	0.0000
23	0	Explore	20	0	-0.2090	0.0000
24	0	Explore	20	0	-0.2091	0.0000
25	0	Explore	20	0	-0.2091	0.0000
26	0	Explore	20	0	-0.2091	0.0000
27	0	Explore	20	0	-0.2091	0.0000
28	0	Explore	20	0	-0.2092	0.0000
29	0	Explore	20	0	-0.2092	0.0000
30	0	Explore	20	0	-0.2092	0.0000
31	0	Explore	20	0	-0.2069	0.0000
32	0	Explore	20	0	-0.2046	0.0000
33	0	Explore	20	0	-0.2022	0.0000
34	0	Explore	20	0	-0.1999	0.0000
35	0	Explore	20	0	-0.1976	0.0000
36	0	Explore	20	0	-0.1953	0.0000
37	0	Explore	20	0	-0.1930	0.0000
38	0	Explore	20	0	-0.1907	0.0000
39	0	Explore	20	0	-0.1883	0.0000
40	0	Explore	20	0	-0.1860	0.0000
41	0	Explore	20	0	-0.1837	0.0000
42	0	Explore	20	0	-0.1814	0.0000
43	0	Explore	20	0	-0.1791	0.0000
44	0	Explore	20	0	-0.1767	0.0000
45	0	Explore	20	0	-0.1744	0.0000
46	0	Explore	20	0	-0.1721	0.0000
47	0	Explore	20	0	-0.1698	0.0000
48	0	Explore	20	0	-0.1675	0.0000
49	0	Explore	20	0	-0.1651	0.0000
50	0	Explore	20	0	-0.1628	0.0000
51	0	Explore	20	0	-0.1628	0.0000
52	0	Explore	20	0	-0.1628	0.0000
53	0	Explore	20	0	-0.1629	0.0000
54	0	Explore	20	0	-0.1629	0.0000
55	0	Explore	20	0	-0.1629	0.0000
56	0	Explore	20	0	-0.1629	0.0000
57	0	Explore	20	0	-0.1629	0.0000
58	0	Explore	20	0	-0.1629	0.0000
59	0	Explore	20	0	-0.1630	0.0000
60	0	Explore	20	0	-0.1630	0.0000
61	0	Explore	20	0	-0.1630	0.0000
62	0	Explore	20	0	-0.1630	0.0000
63	0	Explore	20	0	-0.1631	0.0000
64	0	Explore	20	0	-0.1631	0.0000
65	0	Explore	20	0	-0.1631	0.0000
66	0	Explore	20	0	-0.1631	0.0000
67	0	Explore	20	0	-0.1632	0.0000
68	0	Explore	20	0	-0.1632	0.0000
69	0	Explore	20	0	-0.1632	0.0000
70	0	Explore	20	0	-0.1632	0.0000
71	0	Explore	20	0	-0.1633	0.0000
72	0	Explore	20	0	-0.1633	0.0000
73	0	Explore	20	0	-0.1633	0.0000
74	0	Explore	20	0	-0.1633	0.0000
75	0	Explore	20	0	-0.1634	0.0000
76	0	Explore	20	0	-0.1634	0.0000
77	0	Explore	20	0	-0.1639	0.0000
78	0	Explore	20	0	-0.1643	0.0000
79	0	Explore	20	0	-0.1648	0.0000
80	0	Explore	20	0	-0.1653	0.0000
81	0	Explore	20	0	-0.1658	0.0000
82	0	Explore	20	0	-0.1663	0.0000
83	0	Explore	20	0	-0.1668	0.0000
84	0	Explore	20	0	-0.1672	0.0000
85	0	Explore	20	0	-0.1677	0.0000
86	0	Explore	20	0	-0.1682	0.0000
87	0	Explore	20	0	-0.1687	0.0000
88	0	Explore	20	0	-0.1692	0.0000
89	0	Explore	20	0	-0.1696	0.0000
90	0	Explore	20	0	-0.1701	0.0000
91	0	Explore	20	0	-0.1706	0.0000
92	0	Explore	20	0	-0.1711	0.0000
93	0	Explore	20	0	-0.1716	0.0000
94	0	Explore	20	0	-0.1721	0.0000
95	0	Explore	20	0	-0.1725	0.0000
96	0	Explore	20	0	-0.1730	0.0000
97	0	Explore	20	0	-0.1735	0.0000
98	0	Explore	20	0	-0.1740	0.0000
99	0	Explore	20	0	-0.1745	0.0000
100	0	Explore	20	0	-0.1749	0.0000
101	0	Explore	20	0	-0.1754	0.0000
102	0	Explore	20	0	-0.1759	0.0000
103	0	Explore	20	0	-0.1764	0.0000
104	0	Explore	20	0	-0.1769	0.0000
105	0	Explore	20	0	-0.1774	0.0000
106	0	Explore	20	0	-0.1778	0.0000
107	0	Explore	20	0	-0.1783	0.0000
108	0	Explore	20	0	-0.1788	0.0000
109	0	Explore	20	0	-0.1793	0.0000
110	0	Explore	20	0	-0.1798	0.0000
111	0	Explore	20	0	-0.1803	0.0000
112	0	Explore	20	0	-0.1807	0.0000
113	0	Explore	20	0	-0.1808	0.0000
114	0	Explore	20	0	-0.1808	0.0000
115	0	Explore	20	0	-0.1808	0.0000
116	0	Explore	20	0	-0.1808	0.0000
117	0	Explore	20	0	-0.1809	0.0000
118	0	Explore	20	0	-0.1809	0.0000
119	0	Explore	20	0	-0.1809	0.0000
120	0	Explore	20	0	-0.1809	0.0000
121	0	Explore	20	0	-0.1809	0.0000
122	0	Explore	20	0	-0.1810	0.0000
123	0	Explore	20	0	-0.1810	0.0000
124	0	Explore	20	0	-0.1810	0.0000
125	0	Explore	20	0	-0.1810	0.0000
126	0	Explore	20	0	-0.1810	0.0000
127	0	Explore	20	0	-0.1811	0.0000
128	0	Explore	20	0	-0.1811	0.0000
129	0	Explore	20	0	-0.1811	0.0000
130	0	Explore	20	0	-0.1811	0.0000
131	0	Explore	20	0	-0.1811	0.0000
132	0	Explore	20	0	-0.1812	0.0000
133	0	Explore	20	0	-0.1812	0.0000
134	0	Explore	20	0	-0.1812	0.0000
135	0	Explore	20	0	-0.1812	0.0000
136	0	Explore	20	0	-0.1813	0.0000
137	0	Explore	20	0	-0.1813	0.0000
138	0	Explore	20	0	-0.1839	0.0000
139	0	Explore	20	0	-0.1865	0.0000
140	0	Explore	20	0	-0.1891	0.0000
141	0	Explore	20	0	-0.1917	0.0000
142	0	Explore	20	0	-0.1943	0.0000
143	0	Explore	20	0	-0.1968	0.0000
144	0	Explore	20	0	-0.1994	0.0000
145	0	Explore	20	0	-0.2020	0.0000
146	0	Explore	20	0	-0.2046	0.0000
147	0	Explore	20	0	-0.2072	0.0000
148	0	Explore	20	0	-0.2098	0.0000
149	0	Explore	20	0	-0.2124	0.0000
150	0	Explore	20	0	-0.2149	0.0000
151	0	Explore	20	0	-0.2175	0.0000
152	0	Explore	20	0	-0.2201	0.0000
153	0	Explore	20	0	-0.2227	0.0000
154	0	Explore	20	0	-0.2253	0.0000
155	0	Explore	20	0	-0.2279	0.0000
156	0	Explore	20	0	-0.2305	0.0000
157	0	Explore	20	0	-0.2331	0.0000
158	0	Explore	20	0	-0.2356	0.0000
159	0	Explore	20	0	-0.2382	0.0000
160	0	Explore	20	0	-0.2408	0.0000
161	0	Explore	20	0	-0.2434	0.0000
162	0	Explore	20	0	-0.2460	0.0000
163	0	Explore	20	0	-0.2486	0.0000
164	0	Explore	20	0	-0.2512	0.0000
165	0	Explore	20	0	-0.2537	0.0000
166	0	Explore	20	0	-0.2563	0.0000
167	0	Explore	20	0	-0.2589	0.0000
168	0	Explore	20	0	-0.2615	0.0000
169	0	Explore	20	0	-0.2641	0.0000
170	0	Explore	20	0	-0.2667	0.0000
171	0	Explore	20	0	-0.2693	0.0000
172	0	Explore	20	0	-0.2719	0.0000
173	0	Explore	20	0	-0.2744	0.0000
174	0	Explore	20	0	-0.2770	0.0000
175	0	Explore	20	0	-0.2796	0.0000
176	0	Explore	20	0	-0.2822	0.0000
177	0	Explore	20	0	-0.2848	0.0000
178	0	Explore	20	0	-0.2874	0.0000
179	0	Explore	20	0	-0.2900	0.0000
180	0	Explore	20	0	-0.2925	0.0000
181	0	Explore	20	0	-0.2951	0.0000
182	0	Explore	20	0	-0.2977	0.0000
183	0	Explore	20	0	-0.3003	0.0000
184	0	Explore	20	0	-0.3029	0.0000
185	0	Explore	20	0	-0.3055	0.0000
186	0	Explore	20	0	-0.3081	0.0000
187	0	Explore	20	0	-0.3106	0.0000
188	0	Explore	20	0	-0.3132	0.0000
189	0	Explore	20	0	-0.3158	0.0000
190	0	Explore	20	0	-0.3184	0.0000
191	0	Explore	20	0	-0.3210	0.0000
192	0	Explore	20	0	-0.3210	0.0000
193	0	Explore	20	0	-0.3211	0.0000
194	0	Explore	20	0	-0.3212	0.0000
195	0	Explore	20	0	-0.3212	0.0000
196	0	Explore	20	0	-0.3211	0.0000
197	0	Explore	20	0	-0.3211	0.0000
198	0	Explore	20	0	-0.3210	0.0000
199	0	Explore	20	0	-0.3210	0.0000
200	0	Explore	20	0	-0.3209	0.0000
201	0	Explore	20	0	-0.3209	0.0000
202	0	Explore	20	0	-0.3209	0.0000
203	0	Explore	20	0	-0.3208	0.0000
204	0	Explore	20	0	-0.3208	0.0000
205	0	Explore	20	0	-0.3208	0.0000
206	0	Explore	20	0	-0.3208	0.0000
207	0	Explore	20	0	-0.3208	0.0000
208	0	Explore	20	0	-0.3229	0.0000
209	0	Explore	20	0	-0.3251	0.0000
210	0	Explore	20	0	-0.3272	0.0000
211	0	Explore	20	0	-0.3293	0.0000
212	0	Explore	20	0	-0.3315	0.0000
213	0	Explore	20	0	-0.3336	0.0000
214	0	Explore	20	0	-0.3358	0.0000
215	0	Explore	20	0	-0.3379	0.0000
216	0	Explore	20	0	-0.3401	0.0000
217	0	Explore	20	0	-0.3422	0.0000
218	0	Explore	20	0	-0.3443	0.0000
219	0	Explore	20	0	-0.3465	0.0000
220	0	Explore	20	0	-0.3486	0.0000
221	0	Explore	20	0	-0.3508	0.0000
222	0	Explore	20	0	-0.3529	0.0000
223	0	Explore	20	0	-0.3550	0.0000
224	0	Explore	20	0	-0.3572	0.0000
225	0	Explore	20	0	-0.3593	0.0000
226	0	Explore	20	0	-0.3615	0.0000
227	0	Explore	20	0	-0.3636	0.0000
228	0	Explore	20	0	-0.3658	0.0000
229	0	Explore	20	0	-0.3658	0.0000
230	0	Explore	20	0	-0.3657	0.0000
231	0	Explore	20	0	-0.3657	0.0000
232	0	Explore	20	0	-0.3657	0.0000
233	0	Explore	20	0	-0.3657	0.0000
234	0	Explore	20	0	-0.3657	0.0000
235	0	Explore	20	0	-0.3656	0.0000
236	0	Explore	20	0	-0.3656	0.0000
237	0	Explore	20	0	-0.3656	0.0000
238	0	Explore	20	0	-0.3656	0.0000
239	0	Explore	20	0	-0.3655	0.0000
240	0	Explore	20	0	-0.3655	0.0000
241	0	Explore	20	0	-0.3655	0.0000
242	0	Explore	20	0	-0.3655	0.0000
243	0	Explore	20	0	-0.3655	0.0000
244	0	Explore	20	0	-0.3654	0.0000
245	0	Explore	20	0	-0.3654	0.0000
246	0	Explore	20	0	-0.3654	0.0000
247	0	Explore	20	0	-0.3653	0.0000
248	0	Explore	20	0	-0.3653	0.0000
249	0	Explore	20	0	-0.3653	0.0000
250	0	Explore	20	0	-0.3653	0.0000
251	0	Explore	20	0	-0.3652	0.0000
252	0	Explore	20	0	-0.3652	0.0000
253	0	Explore	20	0	-0.3652	0.0000
254	0	Explore	20	0	-0.3645	0.0000
255	0	Explore	20	0	-0.3638	0.0000
256	0	Explore	20	0	-0.3631	0.0000
257	0	Explore	20	0	-0.3624	0.0000
258	0	Explore	20	0	-0.3617	0.0000
259	0	Explore	20	0	-0.3610	0.0000
260	0	Explore	20	0	-0.3603	0.0000
261	0	Explore	20	0	-0.3596	0.0000
262	0	Explore	20	0	-0.3590	0.0000
263	0	Explore	20	0	-0.3583	0.0000
264	0	Explore	20	0	-0.3576	0.0000
265	0	Explore	20	0	-0.3569	0.0000
266	0	Explore	20	0	-0.3562	0.0000
267	0	Explore	20	0	-0.3555	0.0000
268	0	Explore	20	0	-0.3548	0.0000
269	0	Explore	20	0	-0.3541	0.0000
270	0	Explore	20	0	-0.3534	0.0000
271	0	Explore	20	0	-0.3527	0.0000
272	0	Explore	20	0	-0.3527	0.0000
273	0	Explore	20	0	-0.3528	0.0000
274	0	Explore	20	0	-0.3528	0.0000
275	0	Explore	20	0	-0.3528	0.0000
276	0	Explore	20	0	-0.3528	0.0000
277	0	Explore	20	0	-0.3529	0.0000
278	0	Explore	20	0	-0.3529	0.0000
279	0	Explore	20	0	-0.3529	0.0000
280	0	Explore	20	0	-0.3529	0.0000
281	0	Explore	20	0	-0.3530	0.0000
282	0	Explore	20	0	-0.3530	0.0000
283	0	Explore	20	0	-0.3530	0.0000
284	0	Explore	20	0	-0.3530	0.0000
285	0	Explore	20	0	-0.3531	0.0000
286	0	Explore	20	0	-0.3531	0.0000
287	0	Explore	20	0	-0.3531	0.0000
288	0	Explore	20	0	-0.3544	0.0000
289	0	Explore	20	0	-0.3557	0.0000
290	0	Explore	20	0	-0.3570	0.0000
291	0	Explore	20	0	-0.3583	0.0000
292	0	Explore	20	0	-0.3596	0.0000
293	0	Explore	20	0	-0.3609	0.0000
294	0	Explore	20	0	-0.3622	0.0000
295	0	Explore	20	0	-0.3635	0.0000
296	0	Explore	20	0	-0.3648	0.0000
297	0	Explore	20	0	-0.3661	0.0000
298	0	Explore	20	0	-0.3674	0.0000
299	0	Explore	20	0	-0.3687	0.0000
300	0	Explore	20	0	-0.3700	0.0000
301	0	Explore	20	0	-0.3713	0.0000
302	0	Explore	20	0	-0.3726	0.0000
303	0	Explore	20	0	-0.3739	0.0000
304	0	Explore	20	0	-0.3752	0.0000
305	0	Explore	20	0	-0.3765	0.0000
306	0	Explore	20	0	-0.3778	0.0000
307	0	Explore	20	0	-0.3791	0.0000
308	0	Explore	20	0	-0.3804	0.0000
309	0	Explore	20	0	-0.3817	0.0000
310	0	Explore	20	0	-0.3830	0.0000
311	0	Explore	20	0	-0.3843	0.0000
312	0	Explore	20	0	-0.3856	0.0000
313	0	Explore	20	0	-0.3869	0.0000
314	0	Explore	20	0	-0.3882	0.0000
315	0	Explore	20	0	-0.3895	0.0000
316	0	Explore	20	0	-0.3908	0.0000
317	0	Explore	20	0	-0.3921	0.0000
318	0	Explore	20	0	-0.3934	0.0000
319	0	Explore	20	0	-0.3948	0.0000
320	0	Explore	20	0	-0.3961	0.0000
321	0	Explore	20	0	-0.3974	0.0000
322	0	Explore	20	0	-0.3987	0.0000
323	0	Explore	20	0	-0.4000	0.0000
324	0	Explore	20	0	-0.4013	0.0000
325	0	Explore	20	0	-0.4026	0.0000
326	0	Explore	20	0	-0.4039	0.0000
327	0	Explore	20	0	-0.4052	0.0000
328	0	Explore	20	0	-0.4065	0.0000
329	0	Explore	20	0	-0.4078	0.0000
330	0	Explore	20	0	-0.4091	0.0000
331	0	Explore	20	0	-0.4104	0.0000
332	0	Explore	20	0	-0.4117	0.0000
333	0	Explore	20	0	-0.4130	0.0000
334	0	Explore	20	0	-0.4143	0.0000
335	0	Explore	20	0	-0.4156	0.0000
336	0	Explore	20	0	-0.4169	0.0000
337	0	Explore	20	0	-0.4182	0.0000
338	0	Explore	20	0	-0.4195	0.0000
339	0	Explore	20	0	-0.4208	0.0000
340	0	Explore	20	0	-0.4221	0.0000
341	0	Explore	20	0	-0.4234	0.0000
342	0	Explore	20	0	-0.4247	0.0000
343	0	Explore	20	0	-0.4260	0.0000
344	0	Explore	20	0	-0.4273	0.0000
345	0	Explore	20	0	-0.4286	0.0000
346	0	Explore	20	0	-0.4299	0.0000
347	0	Explore	20	0	-0.4299	0.0000
348	0	Explore	20	0	-0.4299	0.0000
349	0	Explore	20	0	-0.4298	0.0000
350	0	Explore	20	0	-0.4298	0.0000
351	0	Explore	20	0	-0.4298	0.0000
352	0	Explore	20	0	-0.4298	0.0000
353	0	Explore	20	0	-0.4297	0.0000
354	0	Explore	20	0	-0.4297	0.0000
355	0	Explore	20	0	-0.4297	0.0000
356	0	Explore	20	0	-0.4297	0.0000
357	0	Explore	20	0	-0.4296	0.0000
358	0	Explore	20	0	-0.4296	0.0000
359	0	Explore	20	0	-0.4296	0.0000
360	0	Explore	20	0	-0.4295	0.0000
361	0	Explore	20	0	-0.4295	0.0000
362	0	Explore	20	0	-0.4295	0.0000
363	0	Explore	20	0	-0.4295	0.0000
364	0	Explore	20	0	-0.4294	0.0000
365	0	Explore	20	0	-0.4294	0.0000
366	0	Explore	20	0	-0.4294	0.0000
367	0	Explore	20	0	-0.4294	0.0000
368	0	Explore	20	0	-0.4294	0.0000
369	0	Explore	20	0	-0.4293	0.0000
370	0	Explore	20	0	-0.4293	0.0000
371	0	Explore	20	0	-0.4293	0.0000
372	0	Explore	20	0	-0.4293	0.0000
373	0	Hide	20	0	-0.4293	0.0000
374	1	Hide	19	1	-0.4293	0.0000
375	1	Hide	19	1	-0.4275	0.0000
376	1	Hide	19	1	-0.4257	0.0000
377	1	Hide	19	1	-0.4239	0.0000
378	1	Hide	19	1	-0.4222	0.0000
379	1	Hide	19	1	-0.4204	0.0000
380	1	Hide	19	1	-0.4186	0.0000
381	1	Hide	19	1	-0.4168	0.0000
382	1	Hide	19	1	-0.4150	0.0000
383	1	Hide	19	1	-0.4133	0.0000
384	1	Hide	19	1	-0.4115	0.0000
385	1	Hide	19	1	-0.4097	0.0000
386	1	Hide	19	1	-0.4079	0.0000
387	1	Hide	19	1	-0.4061	0.0000
388	1	Hide	19	1	-0.4044	0.0000
389	1	Hide	19	1	-0.4026	0.0000
390	1	Hide	19	1	-0.4008	0.0000
391	1	Hide	19	1	-0.3990	0.0000
392	1	Hide	19	1	-0.3972	0.0000
393	1	Hide	19	1	-0.3955	0.0000
394	1	Hide	19	1	-0.3937	0.0000
395	1	Hide	19	1	-0.3919	0.0000
396	1	Hide	19	1	-0.3901	0.0000
397	1	Hide	19	1	-0.3883	0.0000
398	1	Hide	19	1	-0.3866	0.0000
399	1	Hide	19	1	-0.3848	0.0000
400	1	Hide	19	1	-0.3830	0.0000
401	1	Hide	19	1	-0.3812	0.0000
402	1	Hide	19	1	-0.3794	0.0000
403	1	Hide	19	1	-0.3777	0.0000
404	1	Hide	19	1	-0.3759	0.0000
405	1	Hide	19	1	-0.3741	0.0000
406	1	Hide	19	1	-0.3723	0.0000
407	1	Hide	19	1	-0.3705	0.0000
408	1	Hide	19	1	-0.3688	0.0000
409	1	Hide	19	1	-0.3670	0.0000
410	1	Hide	19	1	-0.3652	0.0000
411	1	Hide	19	1	-0.3634	0.0000
412	1	Hide	19	1	-0.3616	0.0000
